County,FIPS,Age,Total,Total_Male,Total_Female,NH_White_Total,NH_White_Male,NH_White_Female,NH_Black_Total,NH_Black_Male,NH_Black_Female,NH_Asian_Total,NH_Asian_Male,NH_Asian_Female,NH_Other_Total,NH_Other_Male,NH_Other_Female,Hispanic_Total,Hispanic_Male,Hispanic_Female
STATE OF TEXAS,000,All Ages,28304596,14056113,14248483,11953617,5924655,6028962,3339851,1615169,1724682,1324475,648389,676086,604354,299671,304683,11082299,5568229,5514070
STATE OF TEXAS,000,< 1 Year,396002,202274,193728,119298,61139,58159,46608,23690,22918,14424,7431,6993,16636,8524,8112,199036,101490,97546
STATE OF TEXAS,000,1 Years,400243,204235,196008,121159,62011,59148,46946,23821,23125,15763,8100,7663,16802,8598,8204,199573,101705,97868
STATE OF TEXAS,000,2 Years,410805,209816,200989,125895,64499,61396,47573,24088,23485,17137,8815,8322,16849,8605,8244,203351,103809,99542
STATE OF TEXAS,000,3 Years,411253,210141,201112,127128,65113,62015,47180,23934,23246,17821,9192,8629,16461,8462,7999,202663,103440,99223
STATE OF TEXAS,000,4 Years,407443,208242,199201,126558,64821,61737,46320,23569,22751,17784,9211,8573,15850,8146,7704,200931,102495,98436
STATE OF TEXAS,000,5 Years,402957,205722,197235,125467,64231,61236,45468,23130,22338,17393,9019,8374,15122,7748,7374,199507,101594,97913
STATE OF TEXAS,000,6 Years,405015,206519,198496,125908,64426,61482,45727,23223,22504,17256,8901,8355,14521,7462,7059,201603,102507,99096
STATE OF TEXAS,000,7 Years,388969,197606,191363,121062,62233,58829,43964,22070,21894,15661,7995,7666,13228,6695,6533,195054,98613,96441
STATE OF TEXAS,000,8 Years,405416,206147,199269,126558,64779,61779,46869,23633,23236,16553,8434,8119,13608,6899,6709,201828,102402,99426
STATE OF TEXAS,000,9 Years,413048,210325,202723,129059,66095,62964,48198,24412,23786,17325,8849,8476,13522,6875,6647,204944,104094,100850
STATE OF TEXAS,000,10 Years,414944,211353,203591,130550,66937,63613,48854,24926,23928,17128,8697,8431,13030,6671,6359,205382,104122,101260
STATE OF TEXAS,000,11 Years,410960,209391,201569,130366,67149,63217,48583,24492,24091,17066,8657,8409,12587,6466,6121,202358,102627,99731
STATE OF TEXAS,000,12 Years,408862,208400,200462,130482,67072,63410,48129,24226,23903,17116,8739,8377,12263,6222,6041,200872,102141,98731
STATE OF TEXAS,000,13 Years,406584,207289,199295,131214,67472,63742,47983,24230,23753,17296,8739,8557,11822,6058,5764,198269,100790,97479
STATE OF TEXAS,000,14 Years,403341,205571,197770,131511,67717,63794,47783,24216,23567,17039,8633,8406,11369,5768,5601,195639,99237,96402
STATE OF TEXAS,000,15 Years,401237,205503,195734,131461,67922,63539,48321,24673,23648,16373,8360,8013,10930,5606,5324,194152,98942,95210
STATE OF TEXAS,000,16 Years,407023,208632,198391,134360,69561,64799,49211,25229,23982,17250,8863,8387,10928,5619,5309,195274,99360,95914
STATE OF TEXAS,000,17 Years,410531,210945,199586,137427,71357,66070,50695,25935,24760,17182,8822,8360,10978,5636,5342,194249,99195,95054
STATE OF TEXAS,000,18 Years,410625,210967,199658,141173,73027,68146,51218,26246,24972,16918,8669,8249,10916,5615,5301,190400,97410,92990
STATE OF TEXAS,000,19 Years,411365,211776,199589,143629,74752,68877,51549,26430,25119,17698,9097,8601,10739,5459,5280,187750,96038,91712
STATE OF TEXAS,000,20 Years,403469,207597,195872,142073,73665,68408,51127,26206,24921,18012,9209,8803,10485,5312,5173,181772,93205,88567
STATE OF TEXAS,000,21 Years,406791,209295,197496,144735,74931,69804,51690,26662,25028,18740,9701,9039,10384,5154,5230,181242,92847,88395
STATE OF TEXAS,000,22 Years,411301,211653,199648,147100,76132,70968,53770,27606,26164,19191,9857,9334,10287,5141,5146,180953,92917,88036
STATE OF TEXAS,000,23 Years,416617,214324,202293,149171,77070,72101,56018,28793,27225,19906,10086,9820,10228,5151,5077,181294,93224,88070
STATE OF TEXAS,000,24 Years,423620,217768,205852,153265,79085,74180,58294,29941,28353,20228,10190,10038,10022,5048,4974,181811,93504,88307
STATE OF TEXAS,000,25 Years,427108,219445,207663,156149,80514,75635,58404,29915,28489,20704,10472,10232,9737,4797,4940,182114,93747,88367
STATE OF TEXAS,000,26 Years,424704,217112,207592,157677,80844,76833,58265,29294,28971,20623,10291,10332,9632,4757,4875,178507,91926,86581
STATE OF TEXAS,000,27 Years,418580,213346,205234,157664,80240,77424,56792,28272,28520,21237,10529,10708,9189,4528,4661,173698,89777,83921
STATE OF TEXAS,000,28 Years,406014,206981,199033,154495,78193,76302,53981,26799,27182,22063,11050,11013,8520,4212,4308,166955,86727,80228
STATE OF TEXAS,000,29 Years,401167,204987,196180,154282,78064,76218,51685,25468,26217,22140,11191,10949,8099,3888,4211,164961,86376,78585
STATE OF TEXAS,000,30 Years,401039,204188,196851,155797,78439,77358,50577,24807,25770,22282,11195,11087,7849,3617,4232,164534,86130,78404
STATE OF TEXAS,000,31 Years,403344,204834,198510,158320,79518,78802,50383,24709,25674,22746,11275,11471,7575,3661,3914,164320,85671,78649
STATE OF TEXAS,000,32 Years,403672,205016,198656,159697,80468,79229,49683,24427,25256,23060,11643,11417,7412,3559,3853,163820,84919,78901
STATE OF TEXAS,000,33 Years,397476,201140,196336,156508,78867,77641,48547,23658,24889,23682,11586,12096,7300,3618,3682,161439,83411,78028
STATE OF TEXAS,000,34 Years,403070,203665,199405,158144,79724,78420,49089,23848,25241,24230,11745,12485,7414,3646,3768,164193,84702,79491
STATE OF TEXAS,000,35 Years,401200,201812,199388,157446,78992,78454,48719,23640,25079,23892,11441,12451,7335,3522,3813,163808,84217,79591
STATE OF TEXAS,000,36 Years,400255,200821,199434,157099,79180,77919,49260,23742,25518,23105,10894,12211,7069,3451,3618,163722,83554,80168
STATE OF TEXAS,000,37 Years,399595,201014,198581,156051,78855,77196,49954,23999,25955,22875,10934,11941,6969,3379,3590,163746,83847,79899
STATE OF TEXAS,000,38 Years,378320,189923,188397,148041,74874,73167,47460,22805,24655,22162,10563,11599,6591,3171,3420,154066,78510,75556
STATE OF TEXAS,000,39 Years,371051,185560,185491,145157,72999,72158,45328,21700,23628,21609,10330,11279,6342,3043,3299,152615,77488,75127
STATE OF TEXAS,000,40 Years,366462,183021,183441,142164,71542,70622,44263,21175,23088,21559,10321,11238,6159,3021,3138,152317,76962,75355
STATE OF TEXAS,000,41 Years,363714,181292,182422,139899,70663,69236,43379,20540,22839,22302,10679,11623,5971,2932,3039,152163,76478,75685
STATE OF TEXAS,000,42 Years,366582,182689,183893,142385,71821,70564,43135,20551,22584,22482,10754,11728,6013,2915,3098,152567,76648,75919
STATE OF TEXAS,000,43 Years,358751,177687,181064,139995,70296,69699,42997,20446,22551,22484,10773,11711,5666,2667,2999,147609,73505,74104
STATE OF TEXAS,000,44 Years,360954,178839,182115,142740,71965,70775,44010,20821,23189,22676,10903,11773,5646,2683,2963,145882,72467,73415
STATE OF TEXAS,000,45 Years,369754,182919,186835,152447,76790,75657,44879,21305,23574,22282,10632,11650,5731,2721,3010,144415,71471,72944
STATE OF TEXAS,000,46 Years,379698,187965,191733,164286,82690,81596,46310,21972,24338,21888,10541,11347,5931,2841,3090,141283,69921,71362
STATE OF TEXAS,000,47 Years,376632,186783,189849,165520,83321,82199,44780,21203,23577,21220,10144,11076,5786,2775,3011,139326,69340,69986
STATE OF TEXAS,000,48 Years,355024,176513,178511,157317,79085,78232,41678,19917,21761,20084,9724,10360,5258,2551,2707,130687,65236,65451
STATE OF TEXAS,000,49 Years,341800,169981,171819,151050,76204,74846,41306,19782,21524,18529,9053,9476,4986,2339,2647,125929,62603,63326
STATE OF TEXAS,000,50 Years,335001,166437,168564,150089,75532,74557,41169,19630,21539,17142,8344,8798,4791,2248,2543,121810,60683,61127
STATE OF TEXAS,000,51 Years,336393,167150,169243,152340,76134,76206,42219,20068,22151,16921,8321,8600,4743,2278,2465,120170,60349,59821
STATE OF TEXAS,000,52 Years,350539,173447,177092,164272,81844,82428,44046,20764,23282,16732,8178,8554,5025,2401,2624,120464,60260,60204
STATE OF TEXAS,000,53 Years,353761,174702,179059,172747,85869,86878,43269,20310,22959,16690,8157,8533,5186,2529,2657,115869,57837,58032
STATE OF TEXAS,000,54 Years,354448,174630,179818,177557,87994,89563,42665,20054,22611,16418,8010,8408,5286,2571,2715,112522,56001,56521
STATE OF TEXAS,000,55 Years,349235,171806,177429,179466,88793,90673,42020,19708,22312,14849,7242,7607,5134,2421,2713,107766,53642,54124
STATE OF TEXAS,000,56 Years,349368,171293,178075,182584,90251,92333,42119,19719,22400,14569,6967,7602,5117,2425,2692,104979,51931,53048
STATE OF TEXAS,000,57 Years,349582,171967,177615,185228,91695,93533,41939,19839,22100,14437,6763,7674,5003,2480,2523,102975,51190,51785
STATE OF TEXAS,000,58 Years,335263,164053,171210,180822,89314,91508,40318,18862,21456,13762,6372,7390,4662,2264,2398,95699,47241,48458
STATE OF TEXAS,000,59 Years,330180,160891,169289,181206,89248,91958,38991,18108,20883,13368,6222,7146,4717,2346,2371,91898,44967,46931
STATE OF TEXAS,000,60 Years,321265,155454,165811,177890,87106,90784,37731,17441,20290,13172,6054,7118,4607,2218,2389,87865,42635,45230
STATE OF TEXAS,000,61 Years,310909,149969,160940,173150,84352,88798,36326,16828,19498,12942,5954,6988,4408,2180,2228,84083,40655,43428
STATE OF TEXAS,000,62 Years,303358,145826,157532,171662,83544,88118,34777,15979,18798,12517,5777,6740,4235,2045,2190,80167,38481,41686
STATE OF TEXAS,000,63 Years,287031,136800,150231,165469,79825,85644,31650,14296,17354,11719,5367,6352,3935,1922,2013,74258,35390,38868
STATE OF TEXAS,000,64 Years,275342,131039,144303,160529,77447,83082,29748,13405,16343,11637,5277,6360,3713,1769,1944,69715,33141,36574
STATE OF TEXAS,000,65 Years,260728,123473,137255,154215,74223,79992,27931,12349,15582,10723,4755,5968,3511,1694,1817,64348,30452,33896
STATE OF TEXAS,000,66 Years,248047,116971,131076,145504,69777,75727,26780,11782,14998,10458,4599,5859,3303,1593,1710,62002,29220,32782
STATE OF TEXAS,000,67 Years,241375,113594,127781,143200,68613,74587,25218,11068,14150,10397,4631,5766,3093,1480,1613,59467,27802,31665
STATE OF TEXAS,000,68 Years,231125,108622,122503,139851,66807,73044,23514,10316,13198,9436,4285,5151,2981,1415,1566,55343,25799,29544
STATE OF TEXAS,000,69 Years,228361,107382,120979,142709,68211,74498,21882,9674,12208,8524,3840,4684,2872,1397,1475,52374,24260,28114
STATE OF TEXAS,000,70 Years,222105,104279,117826,143009,68412,74597,19632,8601,11031,7599,3399,4200,2799,1330,1469,49066,22537,26529
STATE OF TEXAS,000,71 Years,182545,85244,97301,113759,54300,59459,16504,7096,9408,6577,3034,3543,2215,1054,1161,43490,19760,23730
STATE OF TEXAS,000,72 Years,170344,78718,91626,106519,50191,56328,15403,6467,8936,6149,2854,3295,2015,938,1077,40258,18268,21990
STATE OF TEXAS,000,73 Years,165275,75891,89384,106860,50123,56737,14215,5899,8316,5481,2529,2952,1890,883,1007,36829,16457,20372
STATE OF TEXAS,000,74 Years,156696,71702,84994,102811,48074,54737,13353,5621,7732,5139,2405,2734,1782,840,942,33611,14762,18849
STATE OF TEXAS,000,75 Years,140870,64090,76780,92358,43029,49329,12033,4961,7072,4685,2181,2504,1599,763,836,30195,13156,17039
STATE OF TEXAS,000,76 Years,128604,57702,70902,83892,38555,45337,11078,4438,6640,4284,2007,2277,1395,643,752,27955,12059,15896
STATE OF TEXAS,000,77 Years,118161,52654,65507,76647,34887,41760,10103,3989,6114,3983,1868,2115,1268,557,711,26160,11353,14807
STATE OF TEXAS,000,78 Years,109013,48242,60771,71483,32367,39116,8966,3602,5364,3589,1664,1925,1141,503,638,23834,10106,13728
STATE OF TEXAS,000,79 Years,101899,44449,57450,66924,29938,36986,8193,3153,5040,3278,1549,1729,1055,471,584,22449,9338,13111
STATE OF TEXAS,000,80 Years,93141,40142,52999,60932,26992,33940,7643,2860,4783,2954,1345,1609,938,412,526,20674,8533,12141
STATE OF TEXAS,000,81 Years,87177,36904,50273,57304,25018,32286,6991,2551,4440,2659,1159,1500,884,379,505,19339,7797,11542
STATE OF TEXAS,000,82 Years,81966,34324,47642,54216,23276,30940,6615,2402,4213,2304,1054,1250,756,309,447,18075,7283,10792
STATE OF TEXAS,000,83 Years,72822,30120,42702,48369,20464,27905,5918,2130,3788,2034,898,1136,640,277,363,15861,6351,9510
STATE OF TEXAS,000,84 Years,66101,26697,39404,44346,18420,25926,5418,1855,3563,1834,781,1053,599,246,353,13904,5395,8509
STATE OF TEXAS,000,85 Years,60551,24199,36352,40936,16792,24144,4643,1576,3067,1544,638,906,545,208,337,12883,4985,7898
STATE OF TEXAS,000,86 Years,55592,21776,33816,37782,15148,22634,4109,1376,2733,1458,583,875,478,183,295,11765,4486,7279
STATE OF TEXAS,000,87 Years,50542,19179,31363,34215,13298,20917,3807,1210,2597,1298,515,783,443,165,278,10779,3991,6788
STATE OF TEXAS,000,88 Years,43433,16070,27363,29639,11200,18439,3302,1015,2287,1001,399,602,371,136,235,9120,3320,5800
STATE OF TEXAS,000,89 Years,37189,13344,23845,25401,9270,16131,2766,819,1947,841,330,511,314,111,203,7867,2814,5053
STATE OF TEXAS,000,90 Years,31929,11115,20814,21876,7686,14190,2377,695,1682,734,267,467,275,105,170,6667,2362,4305
STATE OF TEXAS,000,91 Years,26895,9036,17859,18488,6237,12251,2057,574,1483,605,213,392,237,91,146,5508,1921,3587
STATE OF TEXAS,000,92 Years,22258,7191,15067,15337,4949,10388,1718,453,1265,471,171,300,189,69,120,4543,1549,2994
STATE OF TEXAS,000,93 Years,17635,5515,12120,12224,3775,8449,1382,355,1027,361,131,230,134,33,101,3534,1221,2313
STATE OF TEXAS,000,94 Years,13590,4171,9419,9322,2779,6543,1134,293,841,292,113,179,88,16,72,2754,970,1784
STATE OF TEXAS,000,95 Years +,32565,8829,23736,21539,5552,15987,3237,802,2435,732,258,474,235,39,196,6822,2178,4644
ANDERSON COUNTY,001,All Ages,59110,36422,22688,34710,19494,15216,12476,9215,3261,304,145,159,1194,578,616,10426,6990,3436
ANDERSON COUNTY,001,< 1 Year,578,282,296,274,133,141,117,63,54,3,1,2,56,27,29,128,58,70
ANDERSON COUNTY,001,1 Years,595,306,289,284,148,136,120,64,56,3,1,2,51,28,23,137,65,72
ANDERSON COUNTY,001,2 Years,589,308,281,287,148,139,113,62,51,4,2,2,53,31,22,132,65,67
ANDERSON COUNTY,001,3 Years,590,311,279,288,152,136,112,57,55,4,2,2,43,24,19,143,76,67
ANDERSON COUNTY,001,4 Years,562,284,278,284,143,141,103,52,51,3,1,2,37,13,24,135,75,60
ANDERSON COUNTY,001,5 Years,570,294,276,290,148,142,102,56,46,2,1,1,32,12,20,144,77,67
ANDERSON COUNTY,001,6 Years,567,295,272,299,156,143,95,53,42,2,1,1,32,14,18,139,71,68
ANDERSON COUNTY,001,7 Years,564,310,254,292,156,136,106,58,48,2,2,0,28,11,17,136,83,53
ANDERSON COUNTY,001,8 Years,612,306,306,340,167,173,98,44,54,3,2,1,25,12,13,146,81,65
ANDERSON COUNTY,001,9 Years,630,314,316,340,168,172,88,38,50,5,3,2,32,15,17,165,90,75
ANDERSON COUNTY,001,10 Years,653,343,310,353,185,168,83,38,45,4,3,1,38,22,16,175,95,80
ANDERSON COUNTY,001,11 Years,653,336,317,364,187,177,90,35,55,5,2,3,31,17,14,163,95,68
ANDERSON COUNTY,001,12 Years,649,349,300,351,177,174,96,54,42,4,1,3,24,13,11,174,104,70
ANDERSON COUNTY,001,13 Years,632,334,298,380,196,184,87,54,33,2,1,1,17,9,8,146,74,72
ANDERSON COUNTY,001,14 Years,670,367,303,383,214,169,94,53,41,6,3,3,21,9,12,166,88,78
ANDERSON COUNTY,001,15 Years,676,380,296,384,219,165,104,49,55,6,5,1,19,11,8,163,96,67
ANDERSON COUNTY,001,16 Years,684,370,314,408,220,188,100,54,46,5,3,2,19,10,9,152,83,69
ANDERSON COUNTY,001,17 Years,693,363,330,422,227,195,92,52,40,8,3,5,18,10,8,153,71,82
ANDERSON COUNTY,001,18 Years,718,402,316,411,225,186,111,78,33,5,2,3,28,16,12,163,81,82
ANDERSON COUNTY,001,19 Years,597,330,267,333,179,154,96,65,31,4,1,3,18,8,10,146,77,69
ANDERSON COUNTY,001,20 Years,685,426,259,381,229,152,132,96,36,3,1,2,23,8,15,146,92,54
ANDERSON COUNTY,001,21 Years,689,421,268,369,214,155,149,110,39,5,3,2,22,9,13,144,85,59
ANDERSON COUNTY,001,22 Years,721,464,257,346,209,137,178,132,46,5,2,3,23,13,10,169,108,61
ANDERSON COUNTY,001,23 Years,802,527,275,404,233,171,195,157,38,1,1,0,14,10,4,188,126,62
ANDERSON COUNTY,001,24 Years,783,518,265,394,235,159,189,151,38,1,0,1,20,10,10,179,122,57
ANDERSON COUNTY,001,25 Years,862,597,265,458,290,168,213,175,38,3,2,1,16,7,9,172,123,49
ANDERSON COUNTY,001,26 Years,898,637,261,474,311,163,235,194,41,4,2,2,8,2,6,177,128,49
ANDERSON COUNTY,001,27 Years,913,646,267,468,296,172,244,202,42,3,2,1,7,4,3,191,142,49
ANDERSON COUNTY,001,28 Years,936,653,283,457,269,188,261,216,45,5,5,0,7,5,2,206,158,48
ANDERSON COUNTY,001,29 Years,959,677,282,469,292,177,274,229,45,3,2,1,4,2,2,209,152,57
ANDERSON COUNTY,001,30 Years,1047,773,274,521,343,178,291,245,46,6,5,1,7,2,5,222,178,44
ANDERSON COUNTY,001,31 Years,1043,765,278,504,321,183,282,238,44,6,4,2,7,5,2,244,197,47
ANDERSON COUNTY,001,32 Years,1008,742,266,491,307,184,278,241,37,5,5,0,4,3,1,230,186,44
ANDERSON COUNTY,001,33 Years,939,694,245,444,283,161,274,229,45,3,3,0,8,4,4,210,175,35
ANDERSON COUNTY,001,34 Years,990,700,290,466,278,188,288,245,43,7,3,4,9,5,4,220,169,51
ANDERSON COUNTY,001,35 Years,982,715,267,452,272,180,261,228,33,5,2,3,15,12,3,249,201,48
ANDERSON COUNTY,001,36 Years,965,679,286,461,274,187,267,226,41,7,3,4,9,3,6,221,173,48
ANDERSON COUNTY,001,37 Years,939,655,284,445,268,177,254,217,37,7,3,4,12,7,5,221,160,61
ANDERSON COUNTY,001,38 Years,965,699,266,443,278,165,277,236,41,5,2,3,12,8,4,228,175,53
ANDERSON COUNTY,001,39 Years,993,739,254,475,304,171,281,248,33,5,3,2,5,2,3,227,182,45
ANDERSON COUNTY,001,40 Years,960,728,232,442,283,159,266,233,33,4,2,2,10,6,4,238,204,34
ANDERSON COUNTY,001,41 Years,910,670,240,417,256,161,263,232,31,8,4,4,3,0,3,219,178,41
ANDERSON COUNTY,001,42 Years,923,674,249,455,295,160,266,232,34,5,3,2,8,3,5,189,141,48
ANDERSON COUNTY,001,43 Years,918,664,254,466,296,170,254,223,31,7,5,2,9,4,5,182,136,46
ANDERSON COUNTY,001,44 Years,867,605,262,455,284,171,243,206,37,6,2,4,10,4,6,153,109,44
ANDERSON COUNTY,001,45 Years,856,581,275,433,260,173,238,199,39,11,3,8,8,0,8,166,119,47
ANDERSON COUNTY,001,46 Years,917,650,267,481,305,176,239,203,36,10,5,5,9,4,5,178,133,45
ANDERSON COUNTY,001,47 Years,919,661,258,465,305,160,239,194,45,5,2,3,10,6,4,200,154,46
ANDERSON COUNTY,001,48 Years,823,576,247,449,283,166,212,173,39,4,1,3,9,4,5,149,115,34
ANDERSON COUNTY,001,49 Years,852,600,252,479,297,182,219,184,35,6,3,3,12,7,5,136,109,27
ANDERSON COUNTY,001,50 Years,799,532,267,444,257,187,203,162,41,3,2,1,12,6,6,137,105,32
ANDERSON COUNTY,001,51 Years,770,509,261,440,261,179,196,149,47,1,1,0,8,5,3,125,93,32
ANDERSON COUNTY,001,52 Years,802,529,273,499,298,201,176,141,35,4,1,3,10,7,3,113,82,31
ANDERSON COUNTY,001,53 Years,813,534,279,522,320,202,182,145,37,5,2,3,5,2,3,99,65,34
ANDERSON COUNTY,001,54 Years,796,507,289,513,309,204,170,129,41,3,1,2,11,6,5,99,62,37
ANDERSON COUNTY,001,55 Years,752,451,301,499,277,222,155,114,41,3,1,2,14,6,8,81,53,28
ANDERSON COUNTY,001,56 Years,733,449,284,493,287,206,159,113,46,3,2,1,13,7,6,65,40,25
ANDERSON COUNTY,001,57 Years,736,450,286,499,291,208,147,100,47,3,1,2,12,6,6,75,52,23
ANDERSON COUNTY,001,58 Years,709,418,291,516,295,221,126,83,43,2,1,1,8,2,6,57,37,20
ANDERSON COUNTY,001,59 Years,742,435,307,537,309,228,124,80,44,2,1,1,12,5,7,67,40,27
ANDERSON COUNTY,001,60 Years,685,380,305,491,267,224,117,73,44,4,1,3,15,8,7,58,31,27
ANDERSON COUNTY,001,61 Years,648,341,307,479,243,236,112,68,44,4,1,3,13,7,6,40,22,18
ANDERSON COUNTY,001,62 Years,674,367,307,511,274,237,120,68,52,2,1,1,6,3,3,35,21,14
ANDERSON COUNTY,001,63 Years,667,356,311,502,262,240,115,71,44,3,1,2,12,6,6,35,16,19
ANDERSON COUNTY,001,64 Years,604,328,276,462,240,222,103,67,36,2,1,1,7,5,2,30,15,15
ANDERSON COUNTY,001,65 Years,575,285,290,460,235,225,84,44,40,1,0,1,1,0,1,29,6,23
ANDERSON COUNTY,001,66 Years,547,274,273,420,216,204,92,51,41,2,0,2,6,0,6,27,7,20
ANDERSON COUNTY,001,67 Years,526,271,255,403,206,197,80,49,31,3,1,2,6,0,6,34,15,19
ANDERSON COUNTY,001,68 Years,527,252,275,426,200,226,65,39,26,0,0,0,4,0,4,32,13,19
ANDERSON COUNTY,001,69 Years,500,248,252,424,212,212,47,26,21,0,0,0,4,0,4,25,10,15
ANDERSON COUNTY,001,70 Years,496,239,257,435,210,225,38,22,16,1,0,1,1,0,1,21,7,14
ANDERSON COUNTY,001,71 Years,406,199,207,347,173,174,36,20,16,3,0,3,3,0,3,17,6,11
ANDERSON COUNTY,001,72 Years,411,207,204,341,169,172,43,24,19,2,1,1,4,2,2,21,11,10
ANDERSON COUNTY,001,73 Years,419,223,196,351,185,166,42,20,22,1,1,0,4,3,1,21,14,7
ANDERSON COUNTY,001,74 Years,450,221,229,367,181,186,43,22,21,2,0,2,6,1,5,32,17,15
ANDERSON COUNTY,001,75 Years,394,197,197,317,156,161,43,20,23,2,0,2,5,3,2,27,18,9
ANDERSON COUNTY,001,76 Years,364,189,175,293,152,141,47,19,28,0,0,0,6,3,3,18,15,3
ANDERSON COUNTY,001,77 Years,345,169,176,285,143,142,35,13,22,0,0,0,9,3,6,16,10,6
ANDERSON COUNTY,001,78 Years,309,157,152,261,130,131,27,15,12,0,0,0,4,0,4,17,12,5
ANDERSON COUNTY,001,79 Years,283,127,156,246,107,139,24,10,14,0,0,0,2,2,0,11,8,3
ANDERSON COUNTY,001,80 Years,251,112,139,210,92,118,25,10,15,0,0,0,2,1,1,14,9,5
ANDERSON COUNTY,001,81 Years,222,105,117,182,85,97,31,13,18,0,0,0,2,1,1,7,6,1
ANDERSON COUNTY,001,82 Years,250,107,143,209,91,118,24,9,15,1,0,1,6,2,4,10,5,5
ANDERSON COUNTY,001,83 Years,204,92,112,167,74,93,25,10,15,0,0,0,3,1,2,9,7,2
ANDERSON COUNTY,001,84 Years,183,82,101,150,68,82,22,6,16,1,1,0,2,1,1,8,6,2
ANDERSON COUNTY,001,85 Years,159,69,90,131,61,70,17,5,12,0,0,0,2,0,2,9,3,6
ANDERSON COUNTY,001,86 Years,143,58,85,117,51,66,15,4,11,2,0,2,2,0,2,7,3,4
ANDERSON COUNTY,001,87 Years,123,46,77,104,42,62,10,2,8,1,0,1,2,0,2,6,2,4
ANDERSON COUNTY,001,88 Years,104,36,68,85,30,55,15,4,11,0,0,0,2,1,1,2,1,1
ANDERSON COUNTY,001,89 Years,96,33,63,75,25,50,15,4,11,0,0,0,2,1,1,4,3,1
ANDERSON COUNTY,001,90 Years,78,31,47,61,25,36,10,3,7,2,0,2,2,1,1,3,2,1
ANDERSON COUNTY,001,91 Years,60,20,40,47,17,30,10,3,7,1,0,1,1,0,1,1,0,1
ANDERSON COUNTY,001,92 Years,48,19,29,39,14,25,7,3,4,0,0,0,0,0,0,2,2,0
ANDERSON COUNTY,001,93 Years,37,13,24,30,10,20,5,2,3,0,0,0,0,0,0,2,1,1
ANDERSON COUNTY,001,94 Years,40,13,27,29,10,19,7,2,5,0,0,0,0,0,0,4,1,3
ANDERSON COUNTY,001,95 Years +,84,22,62,60,16,44,18,5,13,0,0,0,1,0,1,5,1,4
ANDREWS COUNTY,003,All Ages,17631,9021,8610,6649,3331,3318,200,109,91,82,37,45,215,107,108,10485,5437,5048
ANDREWS COUNTY,003,< 1 Year,246,128,118,62,32,30,4,2,2,1,0,1,3,1,2,176,93,83
ANDREWS COUNTY,003,1 Years,263,135,128,68,35,33,3,2,1,1,0,1,2,0,2,189,98,91
ANDREWS COUNTY,003,2 Years,295,151,144,80,42,38,4,2,2,0,0,0,2,1,1,209,106,103
ANDREWS COUNTY,003,3 Years,319,162,157,83,42,41,3,2,1,0,0,0,2,1,1,231,117,114
ANDREWS COUNTY,003,4 Years,330,165,165,86,44,42,2,1,1,1,1,0,2,1,1,239,118,121
ANDREWS COUNTY,003,5 Years,323,159,164,85,42,43,3,1,2,1,1,0,1,1,0,233,114,119
ANDREWS COUNTY,003,6 Years,309,150,159,85,43,42,2,1,1,2,1,1,2,0,2,218,105,113
ANDREWS COUNTY,003,7 Years,295,147,148,81,42,39,2,1,1,1,1,0,2,2,0,209,101,108
ANDREWS COUNTY,003,8 Years,291,154,137,99,49,50,3,3,0,1,1,0,4,4,0,184,97,87
ANDREWS COUNTY,003,9 Years,299,159,140,95,50,45,3,1,2,1,0,1,4,3,1,196,105,91
ANDREWS COUNTY,003,10 Years,326,173,153,93,58,35,2,0,2,1,0,1,2,1,1,228,114,114
ANDREWS COUNTY,003,11 Years,318,164,154,88,52,36,3,1,2,1,0,1,4,2,2,222,109,113
ANDREWS COUNTY,003,12 Years,322,168,154,89,51,38,3,3,0,1,0,1,2,0,2,227,114,113
ANDREWS COUNTY,003,13 Years,302,139,163,77,40,37,4,3,1,0,0,0,4,1,3,217,95,122
ANDREWS COUNTY,003,14 Years,282,141,141,84,45,39,2,2,0,1,1,0,6,3,3,189,90,99
ANDREWS COUNTY,003,15 Years,264,133,131,77,40,37,2,2,0,0,0,0,3,2,1,182,89,93
ANDREWS COUNTY,003,16 Years,279,135,144,87,47,40,6,2,4,1,1,0,6,2,4,179,83,96
ANDREWS COUNTY,003,17 Years,257,123,134,80,44,36,7,4,3,0,0,0,4,1,3,166,74,92
ANDREWS COUNTY,003,18 Years,260,143,117,68,37,31,4,3,1,2,0,2,7,3,4,179,100,79
ANDREWS COUNTY,003,19 Years,247,133,114,68,35,33,4,1,3,2,2,0,4,3,1,169,92,77
ANDREWS COUNTY,003,20 Years,256,151,105,67,36,31,3,2,1,1,1,0,3,2,1,182,110,72
ANDREWS COUNTY,003,21 Years,263,146,117,71,41,30,5,3,2,0,0,0,2,1,1,185,101,84
ANDREWS COUNTY,003,22 Years,254,131,123,78,40,38,4,3,1,1,0,1,7,4,3,164,84,80
ANDREWS COUNTY,003,23 Years,283,151,132,84,43,41,3,3,0,1,1,0,6,2,4,189,102,87
ANDREWS COUNTY,003,24 Years,268,162,106,83,49,34,1,1,0,0,0,0,5,3,2,179,109,70
ANDREWS COUNTY,003,25 Years,288,159,129,90,50,40,3,3,0,0,0,0,4,3,1,191,103,88
ANDREWS COUNTY,003,26 Years,261,128,133,76,38,38,2,1,1,1,0,1,4,2,2,178,87,91
ANDREWS COUNTY,003,27 Years,266,154,112,88,50,38,1,1,0,2,2,0,2,0,2,173,101,72
ANDREWS COUNTY,003,28 Years,314,172,142,109,57,52,4,2,2,2,2,0,3,2,1,196,109,87
ANDREWS COUNTY,003,29 Years,292,164,128,112,66,46,2,2,0,2,1,1,0,0,0,176,95,81
ANDREWS COUNTY,003,30 Years,290,163,127,98,55,43,1,1,0,0,0,0,0,0,0,191,107,84
ANDREWS COUNTY,003,31 Years,270,138,132,84,36,48,1,0,1,0,0,0,0,0,0,185,102,83
ANDREWS COUNTY,003,32 Years,289,147,142,95,43,52,1,1,0,1,1,0,1,0,1,191,102,89
ANDREWS COUNTY,003,33 Years,266,135,131,91,46,45,1,0,1,1,0,1,5,3,2,168,86,82
ANDREWS COUNTY,003,34 Years,298,155,143,113,60,53,1,0,1,0,0,0,4,2,2,180,93,87
ANDREWS COUNTY,003,35 Years,278,155,123,94,45,49,1,1,0,0,0,0,4,2,2,179,107,72
ANDREWS COUNTY,003,36 Years,244,124,120,91,40,51,1,0,1,0,0,0,8,7,1,144,77,67
ANDREWS COUNTY,003,37 Years,237,128,109,86,44,42,3,1,2,0,0,0,5,3,2,143,80,63
ANDREWS COUNTY,003,38 Years,227,131,96,86,47,39,1,1,0,0,0,0,3,2,1,137,81,56
ANDREWS COUNTY,003,39 Years,214,108,106,75,37,38,1,0,1,1,0,1,2,2,0,135,69,66
ANDREWS COUNTY,003,40 Years,224,101,123,80,39,41,3,1,2,0,0,0,2,1,1,139,60,79
ANDREWS COUNTY,003,41 Years,217,98,119,78,36,42,3,1,2,1,0,1,2,1,1,133,60,73
ANDREWS COUNTY,003,42 Years,209,110,99,74,33,41,5,3,2,1,0,1,1,1,0,128,73,55
ANDREWS COUNTY,003,43 Years,218,115,103,76,38,38,2,2,0,2,0,2,1,1,0,137,74,63
ANDREWS COUNTY,003,44 Years,202,103,99,79,40,39,3,1,2,1,0,1,1,0,1,118,62,56
ANDREWS COUNTY,003,45 Years,176,93,83,85,42,43,2,2,0,1,0,1,1,0,1,87,49,38
ANDREWS COUNTY,003,46 Years,182,93,89,82,41,41,1,1,0,1,1,0,0,0,0,98,50,48
ANDREWS COUNTY,003,47 Years,186,92,94,81,41,40,1,1,0,2,2,0,1,0,1,101,48,53
ANDREWS COUNTY,003,48 Years,183,81,102,77,37,40,3,1,2,1,1,0,0,0,0,102,42,60
ANDREWS COUNTY,003,49 Years,202,87,115,87,37,50,1,0,1,3,1,2,2,0,2,109,49,60
ANDREWS COUNTY,003,50 Years,182,90,92,68,33,35,3,1,2,2,0,2,3,2,1,106,54,52
ANDREWS COUNTY,003,51 Years,164,99,65,56,32,24,3,1,2,1,0,1,3,2,1,101,64,37
ANDREWS COUNTY,003,52 Years,179,90,89,81,38,43,1,1,0,0,0,0,4,1,3,93,50,43
ANDREWS COUNTY,003,53 Years,202,93,109,90,33,57,2,1,1,1,0,1,2,0,2,107,59,48
ANDREWS COUNTY,003,54 Years,196,95,101,95,43,52,2,1,1,1,0,1,2,0,2,96,51,45
ANDREWS COUNTY,003,55 Years,188,99,89,90,46,44,3,1,2,2,2,0,4,3,1,89,47,42
ANDREWS COUNTY,003,56 Years,205,111,94,115,60,55,2,1,1,1,1,0,4,2,2,83,47,36
ANDREWS COUNTY,003,57 Years,193,109,84,102,54,48,1,1,0,2,1,1,2,0,2,86,53,33
ANDREWS COUNTY,003,58 Years,185,90,95,95,44,51,2,1,1,2,1,1,3,1,2,83,43,40
ANDREWS COUNTY,003,59 Years,178,84,94,89,43,46,3,0,3,3,1,2,3,3,0,80,37,43
ANDREWS COUNTY,003,60 Years,183,96,87,106,56,50,1,1,0,3,2,1,3,2,1,70,35,35
ANDREWS COUNTY,003,61 Years,165,84,81,96,53,43,1,0,1,1,0,1,3,0,3,64,31,33
ANDREWS COUNTY,003,62 Years,150,74,76,88,43,45,3,2,1,1,0,1,1,0,1,57,29,28
ANDREWS COUNTY,003,63 Years,144,72,72,87,42,45,4,2,2,2,1,1,1,0,1,50,27,23
ANDREWS COUNTY,003,64 Years,129,60,69,79,40,39,4,2,2,1,1,0,2,0,2,43,17,26
ANDREWS COUNTY,003,65 Years,119,61,58,69,37,32,2,1,1,1,0,1,2,0,2,45,23,22
ANDREWS COUNTY,003,66 Years,131,77,54,65,37,28,3,1,2,1,1,0,4,2,2,58,36,22
ANDREWS COUNTY,003,67 Years,123,64,59,69,36,33,3,1,2,0,0,0,2,1,1,49,26,23
ANDREWS COUNTY,003,68 Years,121,63,58,71,31,40,1,1,0,1,0,1,4,3,1,44,28,16
ANDREWS COUNTY,003,69 Years,104,50,54,61,25,36,1,1,0,1,0,1,4,3,1,37,21,16
ANDREWS COUNTY,003,70 Years,100,47,53,59,26,33,3,1,2,0,0,0,2,1,1,36,19,17
ANDREWS COUNTY,003,71 Years,78,40,38,43,24,19,2,1,1,1,0,1,1,1,0,31,14,17
ANDREWS COUNTY,003,72 Years,72,37,35,39,22,17,1,1,0,1,0,1,1,0,1,30,14,16
ANDREWS COUNTY,003,73 Years,78,38,40,51,26,25,1,1,0,1,0,1,0,0,0,25,11,14
ANDREWS COUNTY,003,74 Years,82,34,48,50,22,28,1,1,0,1,1,0,2,0,2,28,10,18
ANDREWS COUNTY,003,75 Years,67,34,33,44,22,22,1,0,1,1,1,0,1,1,0,20,10,10
ANDREWS COUNTY,003,76 Years,69,29,40,41,19,22,2,1,1,0,0,0,0,0,0,26,9,17
ANDREWS COUNTY,003,77 Years,58,24,34,42,18,24,1,0,1,1,0,1,0,0,0,14,6,8
ANDREWS COUNTY,003,78 Years,56,18,38,32,9,23,0,0,0,1,0,1,0,0,0,23,9,14
ANDREWS COUNTY,003,79 Years,61,26,35,37,13,24,1,1,0,1,1,0,1,0,1,21,11,10
ANDREWS COUNTY,003,80 Years,49,21,28,30,10,20,1,1,0,0,0,0,1,1,0,17,9,8
ANDREWS COUNTY,003,81 Years,57,20,37,44,15,29,0,0,0,0,0,0,1,1,0,12,4,8
ANDREWS COUNTY,003,82 Years,51,20,31,42,16,26,1,0,1,0,0,0,0,0,0,8,4,4
ANDREWS COUNTY,003,83 Years,43,17,26,30,12,18,0,0,0,0,0,0,1,0,1,12,5,7
ANDREWS COUNTY,003,84 Years,43,20,23,29,13,16,1,1,0,0,0,0,1,0,1,12,6,6
ANDREWS COUNTY,003,85 Years,36,15,21,26,10,16,0,0,0,0,0,0,1,1,0,9,4,5
ANDREWS COUNTY,003,86 Years,37,16,21,23,9,14,1,0,1,1,0,1,0,0,0,12,7,5
ANDREWS COUNTY,003,87 Years,33,15,18,22,9,13,0,0,0,1,0,1,0,0,0,10,6,4
ANDREWS COUNTY,003,88 Years,27,10,17,19,8,11,1,0,1,0,0,0,0,0,0,7,2,5
ANDREWS COUNTY,003,89 Years,18,6,12,10,4,6,1,0,1,0,0,0,0,0,0,7,2,5
ANDREWS COUNTY,003,90 Years,20,9,11,12,5,7,1,0,1,0,0,0,0,0,0,7,4,3
ANDREWS COUNTY,003,91 Years,19,9,10,11,3,8,3,2,1,1,1,0,0,0,0,4,3,1
ANDREWS COUNTY,003,92 Years,12,6,6,9,4,5,1,1,0,0,0,0,0,0,0,2,1,1
ANDREWS COUNTY,003,93 Years,13,5,8,10,5,5,1,0,1,0,0,0,0,0,0,2,0,2
ANDREWS COUNTY,003,94 Years,10,3,7,6,2,4,0,0,0,0,0,0,1,0,1,3,1,2
ANDREWS COUNTY,003,95 Years +,17,4,13,11,2,9,0,0,0,0,0,0,0,0,0,6,2,4
ANGELINA COUNTY,005,All Ages,90342,44418,45924,54589,26705,27884,13527,6378,7149,893,420,473,1410,691,719,19923,10224,9699
ANGELINA COUNTY,005,< 1 Year,1225,652,573,601,319,282,179,95,84,18,10,8,45,26,19,382,202,180
ANGELINA COUNTY,005,1 Years,1223,644,579,596,315,281,186,93,93,19,12,7,40,23,17,382,201,181
ANGELINA COUNTY,005,2 Years,1246,643,603,603,313,290,193,96,97,20,11,9,38,19,19,392,204,188
ANGELINA COUNTY,005,3 Years,1260,638,622,605,310,295,199,94,105,20,13,7,33,19,14,403,202,201
ANGELINA COUNTY,005,4 Years,1256,638,618,595,302,293,198,97,101,19,13,6,33,19,14,411,207,204
ANGELINA COUNTY,005,5 Years,1274,652,622,600,309,291,204,98,106,17,12,5,31,20,11,422,213,209
ANGELINA COUNTY,005,6 Years,1258,647,611,583,300,283,199,100,99,18,8,10,31,16,15,427,223,204
ANGELINA COUNTY,005,7 Years,1272,640,632,588,297,291,204,88,116,15,6,9,30,16,14,435,233,202
ANGELINA COUNTY,005,8 Years,1250,644,606,582,315,267,201,94,107,9,4,5,40,22,18,418,209,209
ANGELINA COUNTY,005,9 Years,1308,679,629,590,295,295,229,127,102,9,4,5,45,23,22,435,230,205
ANGELINA COUNTY,005,10 Years,1328,668,660,585,287,298,238,129,109,7,2,5,37,14,23,461,236,225
ANGELINA COUNTY,005,11 Years,1396,696,700,667,344,323,221,107,114,10,3,7,28,12,16,470,230,240
ANGELINA COUNTY,005,12 Years,1342,689,653,676,351,325,204,111,93,9,4,5,31,15,16,422,208,214
ANGELINA COUNTY,005,13 Years,1313,667,646,653,335,318,216,111,105,12,5,7,27,10,17,405,206,199
ANGELINA COUNTY,005,14 Years,1306,663,643,661,335,326,204,106,98,9,5,4,39,23,16,393,194,199
ANGELINA COUNTY,005,15 Years,1301,654,647,677,334,343,191,103,88,15,7,8,26,13,13,392,197,195
ANGELINA COUNTY,005,16 Years,1356,716,640,719,378,341,203,101,102,11,7,4,25,12,13,398,218,180
ANGELINA COUNTY,005,17 Years,1375,709,666,737,392,345,196,93,103,11,6,5,26,10,16,405,208,197
ANGELINA COUNTY,005,18 Years,1323,666,657,697,361,336,185,91,94,15,6,9,24,13,11,402,195,207
ANGELINA COUNTY,005,19 Years,1199,617,582,631,331,300,181,96,85,9,4,5,27,11,16,351,175,176
ANGELINA COUNTY,005,20 Years,1200,627,573,644,338,306,182,95,87,12,6,6,27,13,14,335,175,160
ANGELINA COUNTY,005,21 Years,1171,606,565,615,322,293,181,87,94,15,12,3,24,13,11,336,172,164
ANGELINA COUNTY,005,22 Years,1106,584,522,614,327,287,168,82,86,10,5,5,25,13,12,289,157,132
ANGELINA COUNTY,005,23 Years,1122,569,553,598,314,284,195,93,102,9,3,6,19,9,10,301,150,151
ANGELINA COUNTY,005,24 Years,1180,596,584,632,331,301,216,105,111,10,4,6,26,10,16,296,146,150
ANGELINA COUNTY,005,25 Years,1262,607,655,691,336,355,241,104,137,9,3,6,19,12,7,302,152,150
ANGELINA COUNTY,005,26 Years,1335,661,674,723,365,358,259,112,147,5,2,3,27,15,12,321,167,154
ANGELINA COUNTY,005,27 Years,1299,653,646,718,367,351,255,112,143,9,2,7,24,11,13,293,161,132
ANGELINA COUNTY,005,28 Years,1234,612,622,689,343,346,242,109,133,5,2,3,20,10,10,278,148,130
ANGELINA COUNTY,005,29 Years,1189,577,612,678,314,364,217,105,112,4,1,3,20,10,10,270,147,123
ANGELINA COUNTY,005,30 Years,1137,561,576,654,317,337,189,88,101,7,4,3,14,9,5,273,143,130
ANGELINA COUNTY,005,31 Years,1118,562,556,652,323,329,168,81,87,3,1,2,13,8,5,282,149,133
ANGELINA COUNTY,005,32 Years,1079,546,533,609,305,304,173,84,89,15,10,5,13,4,9,269,143,126
ANGELINA COUNTY,005,33 Years,1080,519,561,612,301,311,170,70,100,17,8,9,12,6,6,269,134,135
ANGELINA COUNTY,005,34 Years,1098,535,563,643,320,323,150,63,87,13,6,7,16,7,9,276,139,137
ANGELINA COUNTY,005,35 Years,1112,547,565,636,312,324,154,70,84,11,6,5,18,9,9,293,150,143
ANGELINA COUNTY,005,36 Years,1125,546,579,661,322,339,162,71,91,9,5,4,16,8,8,277,140,137
ANGELINA COUNTY,005,37 Years,1171,562,609,676,320,356,178,76,102,9,4,5,12,7,5,296,155,141
ANGELINA COUNTY,005,38 Years,1124,566,558,636,315,321,182,91,91,10,3,7,12,8,4,284,149,135
ANGELINA COUNTY,005,39 Years,1065,527,538,612,304,308,150,75,75,17,8,9,15,7,8,271,133,138
ANGELINA COUNTY,005,40 Years,1046,530,516,583,292,291,175,96,79,15,8,7,11,5,6,262,129,133
ANGELINA COUNTY,005,41 Years,1021,494,527,576,263,313,166,82,84,8,5,3,10,4,6,261,140,121
ANGELINA COUNTY,005,42 Years,1032,500,532,587,279,308,152,76,76,14,6,8,10,4,6,269,135,134
ANGELINA COUNTY,005,43 Years,1046,502,544,607,297,310,146,65,81,13,5,8,7,2,5,273,133,140
ANGELINA COUNTY,005,44 Years,1078,541,537,633,315,318,147,69,78,16,8,8,10,5,5,272,144,128
ANGELINA COUNTY,005,45 Years,1123,569,554,702,355,347,166,76,90,13,4,9,9,3,6,233,131,102
ANGELINA COUNTY,005,46 Years,1162,586,576,741,373,368,182,86,96,16,6,10,8,4,4,215,117,98
ANGELINA COUNTY,005,47 Years,1154,548,606,719,337,382,183,88,95,12,7,5,8,1,7,232,115,117
ANGELINA COUNTY,005,48 Years,1116,547,569,702,349,353,168,81,87,8,2,6,11,3,8,227,112,115
ANGELINA COUNTY,005,49 Years,1054,514,540,658,326,332,163,70,93,12,4,8,6,2,4,215,112,103
ANGELINA COUNTY,005,50 Years,1086,530,556,683,333,350,170,79,91,15,3,12,6,2,4,212,113,99
ANGELINA COUNTY,005,51 Years,1087,538,549,698,344,354,160,71,89,15,7,8,6,2,4,208,114,94
ANGELINA COUNTY,005,52 Years,1107,556,551,693,346,347,184,88,96,17,11,6,14,9,5,199,102,97
ANGELINA COUNTY,005,53 Years,1133,594,539,759,403,356,166,85,81,13,6,7,14,8,6,181,92,89
ANGELINA COUNTY,005,54 Years,1157,561,596,784,368,416,184,94,90,9,4,5,8,5,3,172,90,82
ANGELINA COUNTY,005,55 Years,1162,587,575,768,369,399,192,106,86,14,9,5,13,9,4,175,94,81
ANGELINA COUNTY,005,56 Years,1150,602,548,778,390,388,174,98,76,11,7,4,13,7,6,174,100,74
ANGELINA COUNTY,005,57 Years,1184,589,595,810,399,411,173,86,87,14,6,8,10,4,6,177,94,83
ANGELINA COUNTY,005,58 Years,1146,569,577,789,395,394,181,77,104,13,7,6,11,5,6,152,85,67
ANGELINA COUNTY,005,59 Years,1115,555,560,779,394,385,168,81,87,9,4,5,18,7,11,141,69,72
ANGELINA COUNTY,005,60 Years,1049,514,535,752,381,371,144,63,81,10,3,7,13,4,9,130,63,67
ANGELINA COUNTY,005,61 Years,1051,506,545,742,360,382,159,67,92,11,3,8,8,4,4,131,72,59
ANGELINA COUNTY,005,62 Years,1022,454,568,714,319,395,165,69,96,13,2,11,7,2,5,123,62,61
ANGELINA COUNTY,005,63 Years,975,466,509,704,338,366,140,61,79,9,4,5,6,2,4,116,61,55
ANGELINA COUNTY,005,64 Years,973,484,489,695,346,349,136,60,76,7,6,1,6,1,5,129,71,58
ANGELINA COUNTY,005,65 Years,890,445,445,664,335,329,119,52,67,4,1,3,7,0,7,96,57,39
ANGELINA COUNTY,005,66 Years,859,397,462,643,306,337,118,50,68,7,1,6,5,0,5,86,40,46
ANGELINA COUNTY,005,67 Years,854,389,465,629,280,349,118,53,65,9,5,4,9,3,6,89,48,41
ANGELINA COUNTY,005,68 Years,888,386,502,679,298,381,111,41,70,11,7,4,11,3,8,76,37,39
ANGELINA COUNTY,005,69 Years,826,361,465,645,289,356,99,37,62,8,3,5,9,4,5,65,28,37
ANGELINA COUNTY,005,70 Years,877,404,473,706,327,379,92,39,53,9,4,5,8,6,2,62,28,34
ANGELINA COUNTY,005,71 Years,698,313,385,547,251,296,77,33,44,6,3,3,6,3,3,62,23,39
ANGELINA COUNTY,005,72 Years,677,307,370,543,249,294,79,32,47,5,3,2,5,2,3,45,21,24
ANGELINA COUNTY,005,73 Years,648,311,337,523,248,275,71,39,32,4,3,1,4,1,3,46,20,26
ANGELINA COUNTY,005,74 Years,648,301,347,522,251,271,62,25,37,5,1,4,8,5,3,51,19,32
ANGELINA COUNTY,005,75 Years,591,282,309,480,229,251,59,29,30,2,1,1,10,5,5,40,18,22
ANGELINA COUNTY,005,76 Years,574,260,314,472,213,259,54,24,30,4,2,2,7,5,2,37,16,21
ANGELINA COUNTY,005,77 Years,516,222,294,429,186,243,44,16,28,5,1,4,6,4,2,32,15,17
ANGELINA COUNTY,005,78 Years,498,208,290,414,178,236,43,13,30,4,1,3,6,3,3,31,13,18
ANGELINA COUNTY,005,79 Years,449,196,253,383,170,213,36,16,20,3,2,1,3,1,2,24,7,17
ANGELINA COUNTY,005,80 Years,421,165,256,352,144,208,40,11,29,1,0,1,2,1,1,26,9,17
ANGELINA COUNTY,005,81 Years,411,177,234,351,152,199,40,14,26,2,0,2,3,1,2,15,10,5
ANGELINA COUNTY,005,82 Years,405,175,230,348,153,195,31,9,22,3,1,2,2,1,1,21,11,10
ANGELINA COUNTY,005,83 Years,345,148,197,285,127,158,32,9,23,4,2,2,4,2,2,20,8,12
ANGELINA COUNTY,005,84 Years,309,130,179,264,112,152,24,8,16,3,2,1,2,2,0,16,6,10
ANGELINA COUNTY,005,85 Years,265,103,162,226,86,140,19,9,10,4,0,4,3,2,1,13,6,7
ANGELINA COUNTY,005,86 Years,230,95,135,194,78,116,20,10,10,2,0,2,3,2,1,11,5,6
ANGELINA COUNTY,005,87 Years,217,85,132,175,71,104,24,7,17,4,1,3,2,1,1,12,5,7
ANGELINA COUNTY,005,88 Years,189,68,121,158,59,99,21,5,16,1,0,1,2,1,1,7,3,4
ANGELINA COUNTY,005,89 Years,164,55,109,137,48,89,17,4,13,1,0,1,2,0,2,7,3,4
ANGELINA COUNTY,005,90 Years,149,52,97,123,44,79,17,3,14,1,0,1,2,1,1,6,4,2
ANGELINA COUNTY,005,91 Years,120,41,79,103,35,68,10,2,8,0,0,0,1,1,0,6,3,3
ANGELINA COUNTY,005,92 Years,94,35,59,76,29,47,9,2,7,2,1,1,1,0,1,6,3,3
ANGELINA COUNTY,005,93 Years,80,31,49,65,26,39,8,2,6,1,1,0,1,0,1,5,2,3
ANGELINA COUNTY,005,94 Years,55,18,37,43,14,29,6,2,4,0,0,0,2,1,1,4,1,3
ANGELINA COUNTY,005,95 Years +,148,37,111,115,27,88,20,5,15,0,0,0,3,1,2,10,4,6
ARANSAS COUNTY,007,All Ages,25391,12674,12717,16969,8298,8671,271,154,117,457,232,225,455,221,234,7239,3769,3470
ARANSAS COUNTY,007,< 1 Year,227,117,110,100,47,53,2,1,1,4,3,1,8,6,2,113,60,53
ARANSAS COUNTY,007,1 Years,239,127,112,106,54,52,1,0,1,4,3,1,9,4,5,119,66,53
ARANSAS COUNTY,007,2 Years,260,136,124,114,58,56,2,1,1,4,3,1,10,5,5,130,69,61
ARANSAS COUNTY,007,3 Years,271,152,119,123,69,54,2,1,1,4,2,2,7,3,4,135,77,58
ARANSAS COUNTY,007,4 Years,265,145,120,120,67,53,1,1,0,3,1,2,7,3,4,134,73,61
ARANSAS COUNTY,007,5 Years,258,137,121,114,59,55,1,1,0,4,1,3,9,2,7,130,74,56
ARANSAS COUNTY,007,6 Years,264,138,126,117,58,59,2,1,1,4,2,2,12,5,7,129,72,57
ARANSAS COUNTY,007,7 Years,248,136,112,116,61,55,1,0,1,4,1,3,7,5,2,120,69,51
ARANSAS COUNTY,007,8 Years,265,142,123,129,66,63,2,0,2,4,1,3,5,3,2,125,72,53
ARANSAS COUNTY,007,9 Years,287,159,128,141,73,68,4,2,2,4,1,3,3,1,2,135,82,53
ARANSAS COUNTY,007,10 Years,269,138,131,125,66,59,4,1,3,5,3,2,6,4,2,129,64,65
ARANSAS COUNTY,007,11 Years,273,140,133,143,74,69,4,2,2,2,1,1,6,3,3,118,60,58
ARANSAS COUNTY,007,12 Years,274,150,124,146,75,71,3,1,2,4,3,1,5,2,3,116,69,47
ARANSAS COUNTY,007,13 Years,288,160,128,148,86,62,5,4,1,3,2,1,6,2,4,126,66,60
ARANSAS COUNTY,007,14 Years,246,131,115,112,62,50,5,4,1,5,1,4,3,2,1,121,62,59
ARANSAS COUNTY,007,15 Years,239,124,115,114,63,51,4,2,2,2,0,2,3,2,1,116,57,59
ARANSAS COUNTY,007,16 Years,266,141,125,140,81,59,7,3,4,6,3,3,6,2,4,107,52,55
ARANSAS COUNTY,007,17 Years,240,128,112,128,72,56,3,2,1,4,3,1,4,2,2,101,49,52
ARANSAS COUNTY,007,18 Years,256,137,119,125,65,60,3,3,0,4,3,1,6,4,2,118,62,56
ARANSAS COUNTY,007,19 Years,255,129,126,122,62,60,4,2,2,7,4,3,5,3,2,117,58,59
ARANSAS COUNTY,007,20 Years,247,129,118,115,61,54,1,1,0,5,3,2,6,4,2,120,60,60
ARANSAS COUNTY,007,21 Years,257,139,118,126,64,62,1,1,0,6,5,1,7,5,2,117,64,53
ARANSAS COUNTY,007,22 Years,277,147,130,138,69,69,2,2,0,8,5,3,5,3,2,124,68,56
ARANSAS COUNTY,007,23 Years,262,148,114,138,73,65,4,2,2,6,3,3,7,3,4,107,67,40
ARANSAS COUNTY,007,24 Years,328,162,166,176,85,91,3,0,3,8,4,4,11,7,4,130,66,64
ARANSAS COUNTY,007,25 Years,323,170,153,165,82,83,3,1,2,10,7,3,6,3,3,139,77,62
ARANSAS COUNTY,007,26 Years,287,159,128,150,78,72,5,4,1,7,5,2,4,2,2,121,70,51
ARANSAS COUNTY,007,27 Years,262,129,133,157,76,81,3,2,1,4,3,1,3,2,1,95,46,49
ARANSAS COUNTY,007,28 Years,276,129,147,164,78,86,3,1,2,2,1,1,2,1,1,105,48,57
ARANSAS COUNTY,007,29 Years,315,165,150,187,95,92,4,2,2,6,5,1,1,0,1,117,63,54
ARANSAS COUNTY,007,30 Years,287,157,130,167,95,72,5,4,1,2,2,0,5,0,5,108,56,52
ARANSAS COUNTY,007,31 Years,279,151,128,156,86,70,3,2,1,5,2,3,4,1,3,111,60,51
ARANSAS COUNTY,007,32 Years,265,142,123,159,80,79,4,3,1,5,3,2,7,4,3,90,52,38
ARANSAS COUNTY,007,33 Years,245,123,122,143,69,74,3,1,2,5,4,1,6,4,2,88,45,43
ARANSAS COUNTY,007,34 Years,244,129,115,127,63,64,1,1,0,5,5,0,3,1,2,108,59,49
ARANSAS COUNTY,007,35 Years,257,129,128,145,68,77,2,0,2,6,2,4,8,4,4,96,55,41
ARANSAS COUNTY,007,36 Years,272,136,136,139,67,72,4,3,1,6,1,5,6,4,2,117,61,56
ARANSAS COUNTY,007,37 Years,238,120,118,140,68,72,4,3,1,2,1,1,6,1,5,86,47,39
ARANSAS COUNTY,007,38 Years,230,117,113,129,63,66,2,2,0,1,1,0,2,0,2,96,51,45
ARANSAS COUNTY,007,39 Years,243,117,126,151,72,79,2,1,1,2,1,1,2,0,2,86,43,43
ARANSAS COUNTY,007,40 Years,249,127,122,157,79,78,1,1,0,5,1,4,3,1,2,83,45,38
ARANSAS COUNTY,007,41 Years,235,116,119,150,72,78,3,2,1,4,2,2,6,3,3,72,37,35
ARANSAS COUNTY,007,42 Years,250,112,138,163,72,91,2,1,1,2,1,1,5,2,3,78,36,42
ARANSAS COUNTY,007,43 Years,225,113,112,140,72,68,0,0,0,9,4,5,3,0,3,73,37,36
ARANSAS COUNTY,007,44 Years,259,127,132,157,73,84,2,1,1,8,3,5,5,2,3,87,48,39
ARANSAS COUNTY,007,45 Years,245,127,118,155,80,75,3,2,1,7,2,5,4,2,2,76,41,35
ARANSAS COUNTY,007,46 Years,272,139,133,185,96,89,1,1,0,4,2,2,3,3,0,79,37,42
ARANSAS COUNTY,007,47 Years,272,128,144,195,89,106,3,3,0,6,3,3,4,2,2,64,31,33
ARANSAS COUNTY,007,48 Years,239,112,127,158,68,90,2,1,1,5,2,3,5,4,1,69,37,32
ARANSAS COUNTY,007,49 Years,251,116,135,166,72,94,2,1,1,5,3,2,3,1,2,75,39,36
ARANSAS COUNTY,007,50 Years,252,121,131,165,77,88,6,4,2,5,3,2,4,2,2,72,35,37
ARANSAS COUNTY,007,51 Years,289,138,151,177,81,96,3,2,1,11,5,6,3,3,0,95,47,48
ARANSAS COUNTY,007,52 Years,312,144,168,220,100,120,6,1,5,8,6,2,3,1,2,75,36,39
ARANSAS COUNTY,007,53 Years,318,152,166,221,106,115,6,3,3,9,4,5,3,1,2,79,38,41
ARANSAS COUNTY,007,54 Years,356,172,184,249,118,131,6,4,2,6,1,5,4,0,4,91,49,42
ARANSAS COUNTY,007,55 Years,345,171,174,254,125,129,2,1,1,6,3,3,7,3,4,76,39,37
ARANSAS COUNTY,007,56 Years,391,189,202,299,137,162,4,4,0,7,4,3,4,2,2,77,42,35
ARANSAS COUNTY,007,57 Years,414,207,207,311,148,163,8,6,2,10,7,3,5,3,2,80,43,37
ARANSAS COUNTY,007,58 Years,391,199,192,303,147,156,7,5,2,9,5,4,4,3,1,68,39,29
ARANSAS COUNTY,007,59 Years,389,193,196,308,150,158,4,3,1,8,3,5,2,1,1,67,36,31
ARANSAS COUNTY,007,60 Years,339,152,187,261,116,145,4,1,3,9,4,5,4,2,2,61,29,32
ARANSAS COUNTY,007,61 Years,380,173,207,297,141,156,5,1,4,9,4,5,8,2,6,61,25,36
ARANSAS COUNTY,007,62 Years,427,191,236,330,148,182,6,2,4,12,5,7,6,3,3,73,33,40
ARANSAS COUNTY,007,63 Years,381,178,203,307,144,163,4,1,3,10,4,6,5,1,4,55,28,27
ARANSAS COUNTY,007,64 Years,381,181,200,306,146,160,3,2,1,5,2,3,6,3,3,61,28,33
ARANSAS COUNTY,007,65 Years,410,213,197,320,158,162,3,2,1,7,3,4,13,10,3,67,40,27
ARANSAS COUNTY,007,66 Years,389,197,192,314,160,154,1,1,0,10,4,6,6,3,3,58,29,29
ARANSAS COUNTY,007,67 Years,437,211,226,359,179,180,3,1,2,8,4,4,5,1,4,62,26,36
ARANSAS COUNTY,007,68 Years,437,215,222,376,185,191,2,1,1,7,1,6,4,2,2,48,26,22
ARANSAS COUNTY,007,69 Years,434,213,221,367,177,190,6,3,3,6,2,4,7,4,3,48,27,21
ARANSAS COUNTY,007,70 Years,429,209,220,367,176,191,3,1,2,4,2,2,10,5,5,45,25,20
ARANSAS COUNTY,007,71 Years,375,168,207,312,139,173,3,2,1,4,3,1,5,3,2,51,21,30
ARANSAS COUNTY,007,72 Years,366,166,200,309,141,168,2,1,1,6,4,2,5,3,2,44,17,27
ARANSAS COUNTY,007,73 Years,369,176,193,319,151,168,3,2,1,6,3,3,2,1,1,39,19,20
ARANSAS COUNTY,007,74 Years,379,184,195,327,156,171,5,5,0,4,1,3,8,3,5,35,19,16
ARANSAS COUNTY,007,75 Years,311,161,150,265,137,128,3,2,1,4,2,2,6,2,4,33,18,15
ARANSAS COUNTY,007,76 Years,316,176,140,276,156,120,2,1,1,4,1,3,6,4,2,28,14,14
ARANSAS COUNTY,007,77 Years,277,135,142,242,121,121,4,1,3,2,1,1,7,2,5,22,10,12
ARANSAS COUNTY,007,78 Years,256,117,139,223,102,121,4,3,1,1,1,0,4,2,2,24,9,15
ARANSAS COUNTY,007,79 Years,232,110,122,195,95,100,1,1,0,1,1,0,5,2,3,30,11,19
ARANSAS COUNTY,007,80 Years,199,93,106,167,80,87,1,1,0,3,2,1,3,0,3,25,10,15
ARANSAS COUNTY,007,81 Years,179,86,93,156,78,78,2,1,1,0,0,0,3,1,2,18,6,12
ARANSAS COUNTY,007,82 Years,175,80,95,150,70,80,1,0,1,4,2,2,5,2,3,15,6,9
ARANSAS COUNTY,007,83 Years,150,76,74,130,69,61,1,0,1,3,1,2,3,2,1,13,4,9
ARANSAS COUNTY,007,84 Years,137,67,70,117,59,58,1,0,1,2,2,0,3,3,0,14,3,11
ARANSAS COUNTY,007,85 Years,114,50,64,99,45,54,0,0,0,1,1,0,2,1,1,12,3,9
ARANSAS COUNTY,007,86 Years,106,49,57,96,45,51,2,1,1,0,0,0,0,0,0,8,3,5
ARANSAS COUNTY,007,87 Years,90,37,53,80,34,46,1,0,1,0,0,0,1,1,0,8,2,6
ARANSAS COUNTY,007,88 Years,82,28,54,69,25,44,1,0,1,4,1,3,2,1,1,6,1,5
ARANSAS COUNTY,007,89 Years,64,25,39,55,23,32,0,0,0,1,0,1,1,0,1,7,2,5
ARANSAS COUNTY,007,90 Years,58,25,33,50,21,29,1,1,0,1,1,0,0,0,0,6,2,4
ARANSAS COUNTY,007,91 Years,45,20,25,37,15,22,1,1,0,1,1,0,1,1,0,5,2,3
ARANSAS COUNTY,007,92 Years,33,14,19,28,11,17,0,0,0,1,1,0,1,0,1,3,2,1
ARANSAS COUNTY,007,93 Years,27,12,15,23,10,13,0,0,0,0,0,0,0,0,0,4,2,2
ARANSAS COUNTY,007,94 Years,22,8,14,17,6,11,0,0,0,0,0,0,0,0,0,5,2,3
ARANSAS COUNTY,007,95 Years +,47,10,37,35,7,28,2,1,1,1,0,1,0,0,0,9,2,7
ARCHER COUNTY,009,All Ages,9174,4528,4646,8058,3937,4121,38,22,16,22,10,12,184,78,106,872,481,391
ARCHER COUNTY,009,< 1 Year,101,52,49,75,36,39,0,0,0,0,0,0,9,6,3,17,10,7
ARCHER COUNTY,009,1 Years,93,44,49,70,33,37,0,0,0,0,0,0,8,4,4,15,7,8
ARCHER COUNTY,009,2 Years,102,45,57,83,38,45,0,0,0,0,0,0,0,0,0,19,7,12
ARCHER COUNTY,009,3 Years,92,42,50,74,35,39,0,0,0,0,0,0,0,0,0,18,7,11
ARCHER COUNTY,009,4 Years,89,45,44,69,35,34,0,0,0,0,0,0,5,3,2,15,7,8
ARCHER COUNTY,009,5 Years,81,40,41,62,32,30,0,0,0,0,0,0,5,1,4,14,7,7
ARCHER COUNTY,009,6 Years,84,43,41,63,32,31,0,0,0,0,0,0,4,1,3,17,10,7
ARCHER COUNTY,009,7 Years,99,47,52,78,38,40,0,0,0,0,0,0,3,1,2,18,8,10
ARCHER COUNTY,009,8 Years,107,49,58,84,36,48,0,0,0,0,0,0,4,1,3,19,12,7
ARCHER COUNTY,009,9 Years,99,54,45,87,46,41,0,0,0,0,0,0,4,1,3,8,7,1
ARCHER COUNTY,009,10 Years,106,47,59,89,42,47,0,0,0,0,0,0,5,1,4,12,4,8
ARCHER COUNTY,009,11 Years,118,53,65,89,37,52,0,0,0,0,0,0,5,3,2,24,13,11
ARCHER COUNTY,009,12 Years,125,67,58,102,54,48,1,1,0,0,0,0,4,3,1,18,9,9
ARCHER COUNTY,009,13 Years,125,67,58,107,58,49,2,1,1,0,0,0,2,1,1,14,7,7
ARCHER COUNTY,009,14 Years,120,66,54,104,59,45,1,0,1,0,0,0,2,0,2,13,7,6
ARCHER COUNTY,009,15 Years,132,77,55,106,62,44,1,1,0,0,0,0,3,2,1,22,12,10
ARCHER COUNTY,009,16 Years,116,63,53,96,53,43,2,1,1,0,0,0,2,1,1,16,8,8
ARCHER COUNTY,009,17 Years,121,59,62,100,48,52,1,1,0,0,0,0,2,2,0,18,8,10
ARCHER COUNTY,009,18 Years,124,62,62,100,51,49,3,2,1,0,0,0,3,1,2,18,8,10
ARCHER COUNTY,009,19 Years,99,50,49,84,43,41,3,2,1,0,0,0,1,1,0,11,4,7
ARCHER COUNTY,009,20 Years,97,50,47,82,41,41,1,1,0,0,0,0,1,1,0,13,7,6
ARCHER COUNTY,009,21 Years,98,52,46,82,44,38,0,0,0,0,0,0,2,0,2,14,8,6
ARCHER COUNTY,009,22 Years,104,50,54,84,41,43,0,0,0,1,0,1,3,0,3,16,9,7
ARCHER COUNTY,009,23 Years,104,57,47,84,48,36,3,1,2,0,0,0,3,0,3,14,8,6
ARCHER COUNTY,009,24 Years,105,59,46,91,49,42,3,2,1,0,0,0,0,0,0,11,8,3
ARCHER COUNTY,009,25 Years,133,73,60,109,56,53,1,0,1,0,0,0,3,3,0,20,14,6
ARCHER COUNTY,009,26 Years,120,54,66,97,40,57,0,0,0,1,1,0,3,1,2,19,12,7
ARCHER COUNTY,009,27 Years,125,50,75,110,44,66,1,0,1,0,0,0,2,0,2,12,6,6
ARCHER COUNTY,009,28 Years,135,75,60,115,61,54,0,0,0,0,0,0,3,2,1,17,12,5
ARCHER COUNTY,009,29 Years,106,59,47,90,47,43,0,0,0,0,0,0,0,0,0,16,12,4
ARCHER COUNTY,009,30 Years,102,63,39,82,47,35,0,0,0,0,0,0,0,0,0,20,16,4
ARCHER COUNTY,009,31 Years,95,58,37,84,51,33,0,0,0,0,0,0,1,0,1,10,7,3
ARCHER COUNTY,009,32 Years,95,54,41,89,51,38,0,0,0,0,0,0,2,1,1,4,2,2
ARCHER COUNTY,009,33 Years,105,62,43,91,54,37,0,0,0,0,0,0,0,0,0,14,8,6
ARCHER COUNTY,009,34 Years,94,49,45,75,39,36,0,0,0,0,0,0,2,1,1,17,9,8
ARCHER COUNTY,009,35 Years,80,37,43,70,33,37,0,0,0,0,0,0,1,0,1,9,4,5
ARCHER COUNTY,009,36 Years,87,45,42,78,36,42,0,0,0,1,1,0,1,1,0,7,7,0
ARCHER COUNTY,009,37 Years,98,55,43,91,50,41,0,0,0,1,1,0,0,0,0,6,4,2
ARCHER COUNTY,009,38 Years,85,42,43,72,36,36,0,0,0,0,0,0,2,1,1,11,5,6
ARCHER COUNTY,009,39 Years,87,33,54,71,26,45,0,0,0,0,0,0,0,0,0,16,7,9
ARCHER COUNTY,009,40 Years,104,52,52,90,44,46,0,0,0,0,0,0,2,0,2,12,8,4
ARCHER COUNTY,009,41 Years,100,52,48,87,46,41,0,0,0,0,0,0,3,1,2,10,5,5
ARCHER COUNTY,009,42 Years,89,42,47,77,37,40,2,0,2,1,1,0,1,0,1,8,4,4
ARCHER COUNTY,009,43 Years,103,46,57,92,41,51,1,1,0,0,0,0,2,1,1,8,3,5
ARCHER COUNTY,009,44 Years,110,56,54,98,50,48,1,1,0,0,0,0,2,1,1,9,4,5
ARCHER COUNTY,009,45 Years,107,55,52,96,48,48,0,0,0,0,0,0,0,0,0,11,7,4
ARCHER COUNTY,009,46 Years,121,49,72,108,44,64,1,1,0,0,0,0,2,0,2,10,4,6
ARCHER COUNTY,009,47 Years,122,51,71,108,44,64,0,0,0,0,0,0,4,2,2,10,5,5
ARCHER COUNTY,009,48 Years,120,60,60,103,50,53,0,0,0,0,0,0,3,2,1,14,8,6
ARCHER COUNTY,009,49 Years,119,65,54,99,54,45,0,0,0,1,1,0,2,1,1,17,9,8
ARCHER COUNTY,009,50 Years,125,68,57,111,58,53,1,1,0,0,0,0,2,1,1,11,8,3
ARCHER COUNTY,009,51 Years,112,58,54,103,52,51,0,0,0,0,0,0,1,1,0,8,5,3
ARCHER COUNTY,009,52 Years,137,74,63,130,70,60,1,1,0,0,0,0,0,0,0,6,3,3
ARCHER COUNTY,009,53 Years,136,68,68,130,65,65,0,0,0,0,0,0,0,0,0,6,3,3
ARCHER COUNTY,009,54 Years,159,73,86,145,65,80,1,1,0,1,1,0,1,0,1,11,6,5
ARCHER COUNTY,009,55 Years,136,71,65,123,65,58,1,0,1,2,1,1,0,0,0,10,5,5
ARCHER COUNTY,009,56 Years,157,74,83,146,70,76,0,0,0,1,0,1,3,1,2,7,3,4
ARCHER COUNTY,009,57 Years,148,61,87,136,55,81,0,0,0,1,0,1,3,3,0,8,3,5
ARCHER COUNTY,009,58 Years,139,64,75,125,54,71,0,0,0,0,0,0,2,1,1,12,9,3
ARCHER COUNTY,009,59 Years,159,76,83,146,69,77,0,0,0,0,0,0,4,1,3,9,6,3
ARCHER COUNTY,009,60 Years,155,70,85,146,67,79,0,0,0,1,0,1,1,0,1,7,3,4
ARCHER COUNTY,009,61 Years,137,64,73,128,59,69,0,0,0,0,0,0,3,1,2,6,4,2
ARCHER COUNTY,009,62 Years,139,68,71,129,63,66,0,0,0,0,0,0,4,1,3,6,4,2
ARCHER COUNTY,009,63 Years,131,61,70,125,57,68,0,0,0,0,0,0,2,1,1,4,3,1
ARCHER COUNTY,009,64 Years,117,54,63,113,52,61,0,0,0,0,0,0,1,0,1,3,2,1
ARCHER COUNTY,009,65 Years,136,60,76,129,57,72,0,0,0,0,0,0,5,2,3,2,1,1
ARCHER COUNTY,009,66 Years,109,48,61,106,47,59,0,0,0,0,0,0,2,1,1,1,0,1
ARCHER COUNTY,009,67 Years,120,60,60,111,56,55,1,0,1,1,0,1,3,2,1,4,2,2
ARCHER COUNTY,009,68 Years,103,49,54,98,47,51,0,0,0,2,0,2,1,1,0,2,1,1
ARCHER COUNTY,009,69 Years,95,45,50,91,43,48,0,0,0,0,0,0,1,0,1,3,2,1
ARCHER COUNTY,009,70 Years,109,59,50,101,53,48,1,1,0,0,0,0,2,0,2,5,5,0
ARCHER COUNTY,009,71 Years,74,41,33,69,38,31,0,0,0,2,1,1,1,0,1,2,2,0
ARCHER COUNTY,009,72 Years,80,40,40,75,38,37,0,0,0,2,0,2,1,1,0,2,1,1
ARCHER COUNTY,009,73 Years,72,32,40,69,31,38,0,0,0,0,0,0,1,0,1,2,1,1
ARCHER COUNTY,009,74 Years,69,27,42,64,24,40,1,1,0,0,0,0,1,0,1,3,2,1
ARCHER COUNTY,009,75 Years,90,40,50,82,36,46,1,1,0,1,1,0,1,0,1,5,2,3
ARCHER COUNTY,009,76 Years,87,44,43,82,40,42,0,0,0,1,1,0,1,1,0,3,2,1
ARCHER COUNTY,009,77 Years,81,38,43,74,35,39,1,0,1,1,0,1,1,1,0,4,2,2
ARCHER COUNTY,009,78 Years,59,32,27,56,31,25,1,0,1,0,0,0,0,0,0,2,1,1
ARCHER COUNTY,009,79 Years,63,37,26,57,35,22,0,0,0,0,0,0,3,1,2,3,1,2
ARCHER COUNTY,009,80 Years,57,25,32,55,25,30,0,0,0,0,0,0,1,0,1,1,0,1
ARCHER COUNTY,009,81 Years,49,20,29,49,20,29,0,0,0,0,0,0,0,0,0,0,0,0
ARCHER COUNTY,009,82 Years,55,24,31,52,23,29,0,0,0,0,0,0,1,0,1,2,1,1
ARCHER COUNTY,009,83 Years,44,24,20,43,24,19,0,0,0,0,0,0,0,0,0,1,0,1
ARCHER COUNTY,009,84 Years,43,19,24,41,18,23,0,0,0,0,0,0,0,0,0,2,1,1
ARCHER COUNTY,009,85 Years,35,16,19,33,15,18,0,0,0,0,0,0,0,0,0,2,1,1
ARCHER COUNTY,009,86 Years,28,10,18,27,9,18,0,0,0,0,0,0,1,1,0,0,0,0
ARCHER COUNTY,009,87 Years,30,12,18,28,11,17,0,0,0,0,0,0,2,1,1,0,0,0
ARCHER COUNTY,009,88 Years,31,11,20,26,10,16,0,0,0,0,0,0,2,0,2,3,1,2
ARCHER COUNTY,009,89 Years,18,6,12,16,6,10,0,0,0,0,0,0,1,0,1,1,0,1
ARCHER COUNTY,009,90 Years,16,9,7,14,7,7,0,0,0,0,0,0,1,1,0,1,1,0
ARCHER COUNTY,009,91 Years,14,7,7,13,6,7,0,0,0,0,0,0,1,1,0,0,0,0
ARCHER COUNTY,009,92 Years,8,3,5,7,3,4,0,0,0,0,0,0,0,0,0,1,0,1
ARCHER COUNTY,009,93 Years,10,3,7,9,2,7,0,0,0,0,0,0,1,1,0,0,0,0
ARCHER COUNTY,009,94 Years,6,3,3,6,3,3,0,0,0,0,0,0,0,0,0,0,0,0
ARCHER COUNTY,009,95 Years +,13,3,10,12,3,9,0,0,0,0,0,0,1,0,1,0,0,0
ARMSTRONG COUNTY,011,All Ages,1941,958,983,1759,866,893,9,4,5,0,0,0,42,20,22,131,68,63
ARMSTRONG COUNTY,011,< 1 Year,18,8,10,16,6,10,0,0,0,0,0,0,0,0,0,2,2,0
ARMSTRONG COUNTY,011,1 Years,18,8,10,17,7,10,0,0,0,0,0,0,0,0,0,1,1,0
ARMSTRONG COUNTY,011,2 Years,15,8,7,15,8,7,0,0,0,0,0,0,0,0,0,0,0,0
ARMSTRONG COUNTY,011,3 Years,16,10,6,16,10,6,0,0,0,0,0,0,0,0,0,0,0,0
ARMSTRONG COUNTY,011,4 Years,19,12,7,19,12,7,0,0,0,0,0,0,0,0,0,0,0,0
ARMSTRONG COUNTY,011,5 Years,19,10,9,18,10,8,0,0,0,0,0,0,0,0,0,1,0,1
ARMSTRONG COUNTY,011,6 Years,19,9,10,18,9,9,0,0,0,0,0,0,0,0,0,1,0,1
ARMSTRONG COUNTY,011,7 Years,16,9,7,16,9,7,0,0,0,0,0,0,0,0,0,0,0,0
ARMSTRONG COUNTY,011,8 Years,24,13,11,21,11,10,1,0,1,0,0,0,0,0,0,2,2,0
ARMSTRONG COUNTY,011,9 Years,20,9,11,18,9,9,1,0,1,0,0,0,0,0,0,1,0,1
ARMSTRONG COUNTY,011,10 Years,20,12,8,16,10,6,0,0,0,0,0,0,2,1,1,2,1,1
ARMSTRONG COUNTY,011,11 Years,22,11,11,17,8,9,0,0,0,0,0,0,2,1,1,3,2,1
ARMSTRONG COUNTY,011,12 Years,23,10,13,16,7,9,1,1,0,0,0,0,2,0,2,4,2,2
ARMSTRONG COUNTY,011,13 Years,17,7,10,13,5,8,0,0,0,0,0,0,1,0,1,3,2,1
ARMSTRONG COUNTY,011,14 Years,17,9,8,14,7,7,0,0,0,0,0,0,0,0,0,3,2,1
ARMSTRONG COUNTY,011,15 Years,19,8,11,16,5,11,0,0,0,0,0,0,0,0,0,3,3,0
ARMSTRONG COUNTY,011,16 Years,31,13,18,25,10,15,0,0,0,0,0,0,0,0,0,6,3,3
ARMSTRONG COUNTY,011,17 Years,25,11,14,20,8,12,0,0,0,0,0,0,1,1,0,4,2,2
ARMSTRONG COUNTY,011,18 Years,22,10,12,19,8,11,0,0,0,0,0,0,1,1,0,2,1,1
ARMSTRONG COUNTY,011,19 Years,23,14,9,19,12,7,0,0,0,0,0,0,1,0,1,3,2,1
ARMSTRONG COUNTY,011,20 Years,18,10,8,16,9,7,0,0,0,0,0,0,0,0,0,2,1,1
ARMSTRONG COUNTY,011,21 Years,19,11,8,16,8,8,0,0,0,0,0,0,0,0,0,3,3,0
ARMSTRONG COUNTY,011,22 Years,28,18,10,23,14,9,1,1,0,0,0,0,0,0,0,4,3,1
ARMSTRONG COUNTY,011,23 Years,30,15,15,25,13,12,1,0,1,0,0,0,1,1,0,3,1,2
ARMSTRONG COUNTY,011,24 Years,27,15,12,23,13,10,0,0,0,0,0,0,1,1,0,3,1,2
ARMSTRONG COUNTY,011,25 Years,25,13,12,21,10,11,0,0,0,0,0,0,1,1,0,3,2,1
ARMSTRONG COUNTY,011,26 Years,17,12,5,14,9,5,0,0,0,0,0,0,1,1,0,2,2,0
ARMSTRONG COUNTY,011,27 Years,16,12,4,14,10,4,0,0,0,0,0,0,2,2,0,0,0,0
ARMSTRONG COUNTY,011,28 Years,11,6,5,10,5,5,0,0,0,0,0,0,1,1,0,0,0,0
ARMSTRONG COUNTY,011,29 Years,14,5,9,13,5,8,0,0,0,0,0,0,1,0,1,0,0,0
ARMSTRONG COUNTY,011,30 Years,11,5,6,10,5,5,0,0,0,0,0,0,0,0,0,1,0,1
ARMSTRONG COUNTY,011,31 Years,14,2,12,10,2,8,1,0,1,0,0,0,0,0,0,3,0,3
ARMSTRONG COUNTY,011,32 Years,11,3,8,8,3,5,0,0,0,0,0,0,1,0,1,2,0,2
ARMSTRONG COUNTY,011,33 Years,16,9,7,13,7,6,0,0,0,0,0,0,2,2,0,1,0,1
ARMSTRONG COUNTY,011,34 Years,22,13,9,18,11,7,0,0,0,0,0,0,1,1,0,3,1,2
ARMSTRONG COUNTY,011,35 Years,21,12,9,18,11,7,0,0,0,0,0,0,0,0,0,3,1,2
ARMSTRONG COUNTY,011,36 Years,19,11,8,18,10,8,0,0,0,0,0,0,0,0,0,1,1,0
ARMSTRONG COUNTY,011,37 Years,25,14,11,23,13,10,0,0,0,0,0,0,1,0,1,1,1,0
ARMSTRONG COUNTY,011,38 Years,26,14,12,26,14,12,0,0,0,0,0,0,0,0,0,0,0,0
ARMSTRONG COUNTY,011,39 Years,20,9,11,20,9,11,0,0,0,0,0,0,0,0,0,0,0,0
ARMSTRONG COUNTY,011,40 Years,17,9,8,15,9,6,0,0,0,0,0,0,0,0,0,2,0,2
ARMSTRONG COUNTY,011,41 Years,21,11,10,19,10,9,0,0,0,0,0,0,0,0,0,2,1,1
ARMSTRONG COUNTY,011,42 Years,19,9,10,18,8,10,0,0,0,0,0,0,0,0,0,1,1,0
ARMSTRONG COUNTY,011,43 Years,15,7,8,13,6,7,1,0,1,0,0,0,0,0,0,1,1,0
ARMSTRONG COUNTY,011,44 Years,16,9,7,14,8,6,0,0,0,0,0,0,0,0,0,2,1,1
ARMSTRONG COUNTY,011,45 Years,14,6,8,12,6,6,0,0,0,0,0,0,0,0,0,2,0,2
ARMSTRONG COUNTY,011,46 Years,24,9,15,19,7,12,0,0,0,0,0,0,0,0,0,5,2,3
ARMSTRONG COUNTY,011,47 Years,29,17,12,26,16,10,0,0,0,0,0,0,0,0,0,3,1,2
ARMSTRONG COUNTY,011,48 Years,23,12,11,18,9,9,0,0,0,0,0,0,0,0,0,5,3,2
ARMSTRONG COUNTY,011,49 Years,20,10,10,17,9,8,0,0,0,0,0,0,1,0,1,2,1,1
ARMSTRONG COUNTY,011,50 Years,20,10,10,19,9,10,0,0,0,0,0,0,0,0,0,1,1,0
ARMSTRONG COUNTY,011,51 Years,20,9,11,19,9,10,0,0,0,0,0,0,0,0,0,1,0,1
ARMSTRONG COUNTY,011,52 Years,21,13,8,20,13,7,0,0,0,0,0,0,1,0,1,0,0,0
ARMSTRONG COUNTY,011,53 Years,21,6,15,20,6,14,0,0,0,0,0,0,0,0,0,1,0,1
ARMSTRONG COUNTY,011,54 Years,19,6,13,18,5,13,0,0,0,0,0,0,0,0,0,1,1,0
ARMSTRONG COUNTY,011,55 Years,24,8,16,21,7,14,0,0,0,0,0,0,1,0,1,2,1,1
ARMSTRONG COUNTY,011,56 Years,30,15,15,29,14,15,0,0,0,0,0,0,0,0,0,1,1,0
ARMSTRONG COUNTY,011,57 Years,39,19,20,37,18,19,0,0,0,0,0,0,1,1,0,1,0,1
ARMSTRONG COUNTY,011,58 Years,34,16,18,32,14,18,0,0,0,0,0,0,1,1,0,1,1,0
ARMSTRONG COUNTY,011,59 Years,31,17,14,26,14,12,0,0,0,0,0,0,3,2,1,2,1,1
ARMSTRONG COUNTY,011,60 Years,28,15,13,27,14,13,0,0,0,0,0,0,0,0,0,1,1,0
ARMSTRONG COUNTY,011,61 Years,31,15,16,30,14,16,0,0,0,0,0,0,0,0,0,1,1,0
ARMSTRONG COUNTY,011,62 Years,25,10,15,23,9,14,0,0,0,0,0,0,0,0,0,2,1,1
ARMSTRONG COUNTY,011,63 Years,31,18,13,29,16,13,0,0,0,0,0,0,1,1,0,1,1,0
ARMSTRONG COUNTY,011,64 Years,33,20,13,33,20,13,0,0,0,0,0,0,0,0,0,0,0,0
ARMSTRONG COUNTY,011,65 Years,34,16,18,34,16,18,0,0,0,0,0,0,0,0,0,0,0,0
ARMSTRONG COUNTY,011,66 Years,25,12,13,23,12,11,0,0,0,0,0,0,1,0,1,1,0,1
ARMSTRONG COUNTY,011,67 Years,27,11,16,24,10,14,0,0,0,0,0,0,0,0,0,3,1,2
ARMSTRONG COUNTY,011,68 Years,36,13,23,34,13,21,0,0,0,0,0,0,0,0,0,2,0,2
ARMSTRONG COUNTY,011,69 Years,36,21,15,32,19,13,1,1,0,0,0,0,2,0,2,1,1,0
ARMSTRONG COUNTY,011,70 Years,32,20,12,30,19,11,1,1,0,0,0,0,1,0,1,0,0,0
ARMSTRONG COUNTY,011,71 Years,21,10,11,20,10,10,0,0,0,0,0,0,0,0,0,1,0,1
ARMSTRONG COUNTY,011,72 Years,20,11,9,19,10,9,0,0,0,0,0,0,0,0,0,1,1,0
ARMSTRONG COUNTY,011,73 Years,28,10,18,27,10,17,0,0,0,0,0,0,1,0,1,0,0,0
ARMSTRONG COUNTY,011,74 Years,22,11,11,22,11,11,0,0,0,0,0,0,0,0,0,0,0,0
ARMSTRONG COUNTY,011,75 Years,17,10,7,16,9,7,0,0,0,0,0,0,1,1,0,0,0,0
ARMSTRONG COUNTY,011,76 Years,25,11,14,25,11,14,0,0,0,0,0,0,0,0,0,0,0,0
ARMSTRONG COUNTY,011,77 Years,23,10,13,23,10,13,0,0,0,0,0,0,0,0,0,0,0,0
ARMSTRONG COUNTY,011,78 Years,19,10,9,19,10,9,0,0,0,0,0,0,0,0,0,0,0,0
ARMSTRONG COUNTY,011,79 Years,15,9,6,15,9,6,0,0,0,0,0,0,0,0,0,0,0,0
ARMSTRONG COUNTY,011,80 Years,17,8,9,17,8,9,0,0,0,0,0,0,0,0,0,0,0,0
ARMSTRONG COUNTY,011,81 Years,21,8,13,19,8,11,0,0,0,0,0,0,0,0,0,2,0,2
ARMSTRONG COUNTY,011,82 Years,19,6,13,17,6,11,0,0,0,0,0,0,1,0,1,1,0,1
ARMSTRONG COUNTY,011,83 Years,14,4,10,13,4,9,0,0,0,0,0,0,1,0,1,0,0,0
ARMSTRONG COUNTY,011,84 Years,9,5,4,9,5,4,0,0,0,0,0,0,0,0,0,0,0,0
ARMSTRONG COUNTY,011,85 Years,12,5,7,11,5,6,0,0,0,0,0,0,1,0,1,0,0,0
ARMSTRONG COUNTY,011,86 Years,11,5,6,11,5,6,0,0,0,0,0,0,0,0,0,0,0,0
ARMSTRONG COUNTY,011,87 Years,10,4,6,10,4,6,0,0,0,0,0,0,0,0,0,0,0,0
ARMSTRONG COUNTY,011,88 Years,8,4,4,8,4,4,0,0,0,0,0,0,0,0,0,0,0,0
ARMSTRONG COUNTY,011,89 Years,8,4,4,8,4,4,0,0,0,0,0,0,0,0,0,0,0,0
ARMSTRONG COUNTY,011,90 Years,7,3,4,7,3,4,0,0,0,0,0,0,0,0,0,0,0,0
ARMSTRONG COUNTY,011,91 Years,5,2,3,5,2,3,0,0,0,0,0,0,0,0,0,0,0,0
ARMSTRONG COUNTY,011,92 Years,5,2,3,4,1,3,0,0,0,0,0,0,0,0,0,1,1,0
ARMSTRONG COUNTY,011,93 Years,4,3,1,3,2,1,0,0,0,0,0,0,0,0,0,1,1,0
ARMSTRONG COUNTY,011,94 Years,4,2,2,4,2,2,0,0,0,0,0,0,0,0,0,0,0,0
ARMSTRONG COUNTY,011,95 Years +,9,2,7,8,2,6,0,0,0,0,0,0,1,0,1,0,0,0
ATASCOSA COUNTY,013,All Ages,50118,25113,25005,16995,8427,8568,263,148,115,144,62,82,516,255,261,32200,16221,15979
ATASCOSA COUNTY,013,< 1 Year,708,356,352,195,101,94,1,1,0,1,1,0,10,4,6,501,249,252
ATASCOSA COUNTY,013,1 Years,720,359,361,200,99,101,1,1,0,2,1,1,9,3,6,508,255,253
ATASCOSA COUNTY,013,2 Years,727,366,361,214,108,106,1,0,1,2,1,1,10,4,6,500,253,247
ATASCOSA COUNTY,013,3 Years,728,358,370,206,96,110,2,1,1,3,1,2,10,5,5,507,255,252
ATASCOSA COUNTY,013,4 Years,724,350,374,205,94,111,0,0,0,3,2,1,10,5,5,506,249,257
ATASCOSA COUNTY,013,5 Years,712,351,361,196,95,101,1,1,0,4,2,2,7,4,3,504,249,255
ATASCOSA COUNTY,013,6 Years,722,373,349,199,103,96,1,1,0,2,1,1,8,4,4,512,264,248
ATASCOSA COUNTY,013,7 Years,754,384,370,196,95,101,1,0,1,0,0,0,6,3,3,551,286,265
ATASCOSA COUNTY,013,8 Years,720,373,347,183,92,91,1,0,1,0,0,0,6,1,5,530,280,250
ATASCOSA COUNTY,013,9 Years,744,382,362,189,101,88,1,1,0,1,1,0,6,3,3,547,276,271
ATASCOSA COUNTY,013,10 Years,749,384,365,175,90,85,3,2,1,2,0,2,8,6,2,561,286,275
ATASCOSA COUNTY,013,11 Years,760,398,362,192,110,82,4,3,1,2,1,1,7,6,1,555,278,277
ATASCOSA COUNTY,013,12 Years,784,410,374,192,90,102,4,1,3,2,2,0,7,4,3,579,313,266
ATASCOSA COUNTY,013,13 Years,739,386,353,188,101,87,7,2,5,0,0,0,6,3,3,538,280,258
ATASCOSA COUNTY,013,14 Years,698,355,343,188,103,85,4,1,3,1,0,1,5,3,2,500,248,252
ATASCOSA COUNTY,013,15 Years,735,365,370,189,99,90,7,1,6,2,1,1,5,3,2,532,261,271
ATASCOSA COUNTY,013,16 Years,745,380,365,199,100,99,6,4,2,2,0,2,5,2,3,533,274,259
ATASCOSA COUNTY,013,17 Years,709,352,357,175,92,83,5,1,4,0,0,0,5,3,2,524,256,268
ATASCOSA COUNTY,013,18 Years,672,334,338,163,93,70,5,4,1,1,0,1,3,1,2,500,236,264
ATASCOSA COUNTY,013,19 Years,671,336,335,171,86,85,5,5,0,2,0,2,5,2,3,488,243,245
ATASCOSA COUNTY,013,20 Years,650,332,318,160,82,78,4,3,1,2,0,2,7,3,4,477,244,233
ATASCOSA COUNTY,013,21 Years,663,333,330,167,82,85,7,4,3,0,0,0,6,3,3,483,244,239
ATASCOSA COUNTY,013,22 Years,655,336,319,168,86,82,7,3,4,0,0,0,8,6,2,472,241,231
ATASCOSA COUNTY,013,23 Years,693,347,346,190,96,94,5,3,2,3,0,3,12,8,4,483,240,243
ATASCOSA COUNTY,013,24 Years,717,366,351,190,95,95,8,3,5,2,1,1,8,3,5,509,264,245
ATASCOSA COUNTY,013,25 Years,784,417,367,236,117,119,3,1,2,2,1,1,5,3,2,538,295,243
ATASCOSA COUNTY,013,26 Years,777,420,357,221,117,104,2,0,2,1,0,1,5,0,5,548,303,245
ATASCOSA COUNTY,013,27 Years,765,408,357,244,134,110,1,0,1,1,1,0,4,1,3,515,272,243
ATASCOSA COUNTY,013,28 Years,747,405,342,242,130,112,2,0,2,2,2,0,4,2,2,497,271,226
ATASCOSA COUNTY,013,29 Years,700,364,336,209,108,101,4,3,1,1,0,1,5,3,2,481,250,231
ATASCOSA COUNTY,013,30 Years,703,373,330,182,88,94,4,3,1,1,1,0,4,3,1,512,278,234
ATASCOSA COUNTY,013,31 Years,699,346,353,204,96,108,4,3,1,4,3,1,3,3,0,484,241,243
ATASCOSA COUNTY,013,32 Years,701,375,326,200,101,99,5,4,1,3,3,0,8,4,4,485,263,222
ATASCOSA COUNTY,013,33 Years,640,336,304,193,102,91,5,2,3,2,1,1,4,2,2,436,229,207
ATASCOSA COUNTY,013,34 Years,620,314,306,193,103,90,3,1,2,0,0,0,9,6,3,415,204,211
ATASCOSA COUNTY,013,35 Years,620,326,294,190,103,87,2,2,0,2,1,1,8,4,4,418,216,202
ATASCOSA COUNTY,013,36 Years,663,354,309,228,129,99,3,1,2,3,2,1,6,3,3,423,219,204
ATASCOSA COUNTY,013,37 Years,666,358,308,233,127,106,1,0,1,2,2,0,4,2,2,426,227,199
ATASCOSA COUNTY,013,38 Years,603,301,302,210,107,103,1,0,1,0,0,0,5,2,3,387,192,195
ATASCOSA COUNTY,013,39 Years,567,284,283,203,106,97,1,1,0,1,0,1,3,1,2,359,176,183
ATASCOSA COUNTY,013,40 Years,561,285,276,212,99,113,4,1,3,1,0,1,4,3,1,340,182,158
ATASCOSA COUNTY,013,41 Years,556,292,264,194,104,90,4,3,1,0,0,0,2,1,1,356,184,172
ATASCOSA COUNTY,013,42 Years,562,283,279,192,96,96,1,1,0,0,0,0,6,4,2,363,182,181
ATASCOSA COUNTY,013,43 Years,539,264,275,195,99,96,1,0,1,1,1,0,4,2,2,338,162,176
ATASCOSA COUNTY,013,44 Years,571,257,314,183,88,95,3,1,2,2,1,1,7,2,5,376,165,211
ATASCOSA COUNTY,013,45 Years,617,298,319,210,115,95,2,0,2,0,0,0,11,5,6,394,178,216
ATASCOSA COUNTY,013,46 Years,608,321,287,217,123,94,3,0,3,0,0,0,8,4,4,380,194,186
ATASCOSA COUNTY,013,47 Years,631,325,306,206,114,92,4,3,1,4,0,4,7,2,5,410,206,204
ATASCOSA COUNTY,013,48 Years,581,298,283,205,103,102,5,4,1,2,1,1,5,1,4,364,189,175
ATASCOSA COUNTY,013,49 Years,540,274,266,180,87,93,4,4,0,3,1,2,4,1,3,349,181,168
ATASCOSA COUNTY,013,50 Years,551,287,264,187,101,86,2,2,0,3,2,1,7,3,4,352,179,173
ATASCOSA COUNTY,013,51 Years,560,282,278,201,96,105,4,2,2,2,2,0,3,1,2,350,181,169
ATASCOSA COUNTY,013,52 Years,571,285,286,195,99,96,4,3,1,5,4,1,6,3,3,361,176,185
ATASCOSA COUNTY,013,53 Years,616,283,333,212,97,115,3,2,1,2,1,1,9,3,6,390,180,210
ATASCOSA COUNTY,013,54 Years,659,322,337,251,123,128,3,2,1,1,1,0,7,3,4,397,193,204
ATASCOSA COUNTY,013,55 Years,619,296,323,246,117,129,3,1,2,2,1,1,8,5,3,360,172,188
ATASCOSA COUNTY,013,56 Years,642,320,322,238,113,125,3,1,2,7,4,3,10,4,6,384,198,186
ATASCOSA COUNTY,013,57 Years,594,290,304,210,96,114,5,3,2,3,1,2,10,3,7,366,187,179
ATASCOSA COUNTY,013,58 Years,622,290,332,254,112,142,4,4,0,1,0,1,6,4,2,357,170,187
ATASCOSA COUNTY,013,59 Years,579,295,284,242,121,121,4,4,0,4,0,4,5,3,2,324,167,157
ATASCOSA COUNTY,013,60 Years,564,290,274,240,119,121,3,2,1,2,1,1,9,5,4,310,163,147
ATASCOSA COUNTY,013,61 Years,549,258,291,219,96,123,3,2,1,3,1,2,10,6,4,314,153,161
ATASCOSA COUNTY,013,62 Years,561,273,288,234,108,126,4,2,2,2,0,2,9,5,4,312,158,154
ATASCOSA COUNTY,013,63 Years,545,279,266,240,116,124,5,4,1,1,0,1,7,5,2,292,154,138
ATASCOSA COUNTY,013,64 Years,563,273,290,253,116,137,1,1,0,2,1,1,6,5,1,301,150,151
ATASCOSA COUNTY,013,65 Years,522,247,275,237,110,127,3,1,2,2,0,2,6,4,2,274,132,142
ATASCOSA COUNTY,013,66 Years,488,248,240,226,113,113,2,1,1,1,0,1,7,4,3,252,130,122
ATASCOSA COUNTY,013,67 Years,491,235,256,231,111,120,2,1,1,1,1,0,8,6,2,249,116,133
ATASCOSA COUNTY,013,68 Years,489,232,257,222,109,113,4,3,1,2,1,1,8,4,4,253,115,138
ATASCOSA COUNTY,013,69 Years,456,235,221,212,113,99,2,1,1,4,1,3,7,3,4,231,117,114
ATASCOSA COUNTY,013,70 Years,451,221,230,223,110,113,1,1,0,1,1,0,3,1,2,223,108,115
ATASCOSA COUNTY,013,71 Years,445,208,237,209,99,110,4,3,1,0,0,0,3,0,3,229,106,123
ATASCOSA COUNTY,013,72 Years,394,189,205,183,86,97,2,2,0,1,0,1,2,1,1,206,100,106
ATASCOSA COUNTY,013,73 Years,366,181,185,187,91,96,2,2,0,2,0,2,4,1,3,171,87,84
ATASCOSA COUNTY,013,74 Years,341,158,183,183,79,104,3,2,1,2,1,1,5,0,5,148,76,72
ATASCOSA COUNTY,013,75 Years,307,142,165,161,74,87,1,1,0,1,0,1,5,2,3,139,65,74
ATASCOSA COUNTY,013,76 Years,281,134,147,153,73,80,0,0,0,1,0,1,6,3,3,121,58,63
ATASCOSA COUNTY,013,77 Years,273,124,149,146,72,74,1,0,1,1,0,1,2,0,2,123,52,71
ATASCOSA COUNTY,013,78 Years,231,105,126,120,55,65,2,1,1,2,1,1,3,3,0,104,45,59
ATASCOSA COUNTY,013,79 Years,215,92,123,110,49,61,2,2,0,1,0,1,5,2,3,97,39,58
ATASCOSA COUNTY,013,80 Years,197,85,112,97,39,58,3,1,2,0,0,0,4,2,2,93,43,50
ATASCOSA COUNTY,013,81 Years,176,79,97,95,41,54,1,0,1,0,0,0,4,2,2,76,36,40
ATASCOSA COUNTY,013,82 Years,187,88,99,97,46,51,1,1,0,0,0,0,2,1,1,87,40,47
ATASCOSA COUNTY,013,83 Years,154,75,79,82,41,41,1,0,1,0,0,0,3,2,1,68,32,36
ATASCOSA COUNTY,013,84 Years,143,63,80,82,38,44,2,2,0,1,0,1,1,0,1,57,23,34
ATASCOSA COUNTY,013,85 Years,122,53,69,69,29,40,1,1,0,0,0,0,0,0,0,52,23,29
ATASCOSA COUNTY,013,86 Years,109,42,67,56,22,34,0,0,0,1,0,1,0,0,0,52,20,32
ATASCOSA COUNTY,013,87 Years,102,39,63,53,20,33,0,0,0,1,0,1,0,0,0,48,19,29
ATASCOSA COUNTY,013,88 Years,92,41,51,54,23,31,1,0,1,0,0,0,0,0,0,37,18,19
ATASCOSA COUNTY,013,89 Years,75,28,47,50,17,33,1,0,1,0,0,0,0,0,0,24,11,13
ATASCOSA COUNTY,013,90 Years,57,18,39,30,9,21,0,0,0,1,1,0,0,0,0,26,8,18
ATASCOSA COUNTY,013,91 Years,58,23,35,34,12,22,0,0,0,0,0,0,1,0,1,23,11,12
ATASCOSA COUNTY,013,92 Years,47,16,31,25,7,18,1,1,0,0,0,0,0,0,0,21,8,13
ATASCOSA COUNTY,013,93 Years,32,10,22,18,7,11,0,0,0,0,0,0,0,0,0,14,3,11
ATASCOSA COUNTY,013,94 Years,25,9,16,13,5,8,1,0,1,0,0,0,0,0,0,11,4,7
ATASCOSA COUNTY,013,95 Years +,77,26,51,43,12,31,5,2,3,1,0,1,1,0,1,27,12,15
AUSTIN COUNTY,015,All Ages,31046,15371,15675,19272,9450,9822,2816,1397,1419,132,52,80,541,282,259,8285,4190,4095
AUSTIN COUNTY,015,< 1 Year,345,194,151,146,82,64,27,16,11,2,1,1,22,13,9,148,82,66
AUSTIN COUNTY,015,1 Years,351,184,167,146,77,69,30,15,15,3,2,1,22,13,9,150,77,73
AUSTIN COUNTY,015,2 Years,375,193,182,151,77,74,34,17,17,2,1,1,26,15,11,162,83,79
AUSTIN COUNTY,015,3 Years,377,182,195,148,71,77,37,17,20,2,1,1,25,15,10,165,78,87
AUSTIN COUNTY,015,4 Years,383,184,199,155,74,81,37,17,20,2,1,1,20,13,7,169,79,90
AUSTIN COUNTY,015,5 Years,385,181,204,154,76,78,33,15,18,1,0,1,20,11,9,177,79,98
AUSTIN COUNTY,015,6 Years,399,199,200,171,88,83,34,18,16,1,0,1,11,7,4,182,86,96
AUSTIN COUNTY,015,7 Years,433,195,238,182,81,101,35,17,18,1,0,1,10,3,7,205,94,111
AUSTIN COUNTY,015,8 Years,421,202,219,206,109,97,33,17,16,1,0,1,5,3,2,176,73,103
AUSTIN COUNTY,015,9 Years,422,211,211,210,108,102,36,20,16,0,0,0,10,7,3,166,76,90
AUSTIN COUNTY,015,10 Years,423,202,221,203,106,97,34,14,20,1,0,1,12,5,7,173,77,96
AUSTIN COUNTY,015,11 Years,412,210,202,194,105,89,38,18,20,4,2,2,12,5,7,164,80,84
AUSTIN COUNTY,015,12 Years,387,205,182,193,111,82,38,19,19,2,1,1,7,2,5,147,72,75
AUSTIN COUNTY,015,13 Years,380,210,170,208,119,89,20,12,8,2,1,1,10,5,5,140,73,67
AUSTIN COUNTY,015,14 Years,432,236,196,225,124,101,41,19,22,2,1,1,12,7,5,152,85,67
AUSTIN COUNTY,015,15 Years,420,237,183,211,123,88,51,27,24,1,0,1,9,4,5,148,83,65
AUSTIN COUNTY,015,16 Years,399,208,191,210,113,97,36,20,16,2,1,1,5,3,2,146,71,75
AUSTIN COUNTY,015,17 Years,413,208,205,198,101,97,45,25,20,1,0,1,10,8,2,159,74,85
AUSTIN COUNTY,015,18 Years,417,206,211,202,93,109,51,30,21,2,1,1,10,5,5,152,77,75
AUSTIN COUNTY,015,19 Years,363,182,181,180,90,90,43,23,20,0,0,0,7,1,6,133,68,65
AUSTIN COUNTY,015,20 Years,309,161,148,154,79,75,35,21,14,0,0,0,8,3,5,112,58,54
AUSTIN COUNTY,015,21 Years,335,179,156,172,89,83,38,22,16,2,1,1,9,4,5,114,63,51
AUSTIN COUNTY,015,22 Years,363,180,183,187,92,95,38,19,19,1,0,1,5,2,3,132,67,65
AUSTIN COUNTY,015,23 Years,385,198,187,192,97,95,54,32,22,0,0,0,13,5,8,126,64,62
AUSTIN COUNTY,015,24 Years,397,208,189,209,113,96,51,24,27,1,0,1,10,6,4,126,65,61
AUSTIN COUNTY,015,25 Years,376,201,175,205,105,100,48,24,24,1,0,1,9,8,1,113,64,49
AUSTIN COUNTY,015,26 Years,369,187,182,201,99,102,37,16,21,1,0,1,5,4,1,125,68,57
AUSTIN COUNTY,015,27 Years,355,166,189,189,92,97,42,18,24,0,0,0,3,0,3,121,56,65
AUSTIN COUNTY,015,28 Years,361,167,194,202,90,112,40,20,20,0,0,0,4,1,3,115,56,59
AUSTIN COUNTY,015,29 Years,346,178,168,192,101,91,34,18,16,0,0,0,2,1,1,118,58,60
AUSTIN COUNTY,015,30 Years,339,173,166,198,106,92,30,13,17,4,2,2,4,3,1,103,49,54
AUSTIN COUNTY,015,31 Years,345,167,178,203,102,101,31,15,16,3,2,1,2,2,0,106,46,60
AUSTIN COUNTY,015,32 Years,368,181,187,187,91,96,38,19,19,2,1,1,4,1,3,137,69,68
AUSTIN COUNTY,015,33 Years,301,160,141,160,83,77,29,16,13,1,0,1,2,1,1,109,60,49
AUSTIN COUNTY,015,34 Years,349,172,177,190,83,107,34,18,16,1,1,0,4,3,1,120,67,53
AUSTIN COUNTY,015,35 Years,355,170,185,193,90,103,29,17,12,3,1,2,2,2,0,128,60,68
AUSTIN COUNTY,015,36 Years,345,169,176,202,96,106,29,16,13,3,1,2,3,2,1,108,54,54
AUSTIN COUNTY,015,37 Years,344,158,186,205,89,116,27,16,11,2,0,2,3,0,3,107,53,54
AUSTIN COUNTY,015,38 Years,360,162,198,204,96,108,37,14,23,2,1,1,4,2,2,113,49,64
AUSTIN COUNTY,015,39 Years,353,169,184,219,110,109,29,11,18,3,1,2,1,1,0,101,46,55
AUSTIN COUNTY,015,40 Years,354,180,174,221,107,114,27,15,12,3,1,2,3,2,1,100,55,45
AUSTIN COUNTY,015,41 Years,319,160,159,197,97,100,25,12,13,1,0,1,1,1,0,95,50,45
AUSTIN COUNTY,015,42 Years,356,174,182,207,95,112,32,19,13,3,2,1,4,0,4,110,58,52
AUSTIN COUNTY,015,43 Years,359,182,177,193,96,97,32,14,18,2,0,2,3,0,3,129,72,57
AUSTIN COUNTY,015,44 Years,340,172,168,193,92,101,22,10,12,3,1,2,3,2,1,119,67,52
AUSTIN COUNTY,015,45 Years,352,158,194,212,87,125,34,17,17,3,1,2,4,2,2,99,51,48
AUSTIN COUNTY,015,46 Years,379,169,210,237,96,141,34,13,21,1,0,1,4,1,3,103,59,44
AUSTIN COUNTY,015,47 Years,376,181,195,238,112,126,32,15,17,1,0,1,3,0,3,102,54,48
AUSTIN COUNTY,015,48 Years,358,176,182,245,119,126,31,15,16,1,0,1,2,1,1,79,41,38
AUSTIN COUNTY,015,49 Years,361,186,175,231,114,117,36,21,15,3,1,2,2,1,1,89,49,40
AUSTIN COUNTY,015,50 Years,364,206,158,226,123,103,34,20,14,2,1,1,4,2,2,98,60,38
AUSTIN COUNTY,015,51 Years,402,221,181,254,140,114,44,21,23,2,2,0,8,4,4,94,54,40
AUSTIN COUNTY,015,52 Years,407,206,201,260,129,131,45,20,25,3,1,2,7,4,3,92,52,40
AUSTIN COUNTY,015,53 Years,408,202,206,267,124,143,39,21,18,3,1,2,6,3,3,93,53,40
AUSTIN COUNTY,015,54 Years,429,208,221,297,140,157,38,15,23,2,1,1,6,4,2,86,48,38
AUSTIN COUNTY,015,55 Years,439,211,228,314,150,164,42,15,27,1,1,0,3,3,0,79,42,37
AUSTIN COUNTY,015,56 Years,454,213,241,309,139,170,49,24,25,4,2,2,9,8,1,83,40,43
AUSTIN COUNTY,015,57 Years,453,220,233,332,151,181,39,22,17,3,2,1,7,4,3,72,41,31
AUSTIN COUNTY,015,58 Years,453,239,214,335,175,160,42,25,17,0,0,0,9,4,5,67,35,32
AUSTIN COUNTY,015,59 Years,467,246,221,331,173,158,47,26,21,0,0,0,7,4,3,82,43,39
AUSTIN COUNTY,015,60 Years,472,251,221,352,183,169,35,20,15,3,1,2,11,7,4,71,40,31
AUSTIN COUNTY,015,61 Years,486,233,253,372,175,197,38,22,16,3,0,3,8,4,4,65,32,33
AUSTIN COUNTY,015,62 Years,435,218,217,326,159,167,33,19,14,1,0,1,5,2,3,70,38,32
AUSTIN COUNTY,015,63 Years,466,221,245,364,170,194,38,17,21,1,0,1,7,3,4,56,31,25
AUSTIN COUNTY,015,64 Years,440,237,203,346,185,161,35,17,18,1,0,1,7,4,3,51,31,20
AUSTIN COUNTY,015,65 Years,427,220,207,343,177,166,33,16,17,3,1,2,4,2,2,44,24,20
AUSTIN COUNTY,015,66 Years,378,186,192,301,150,151,25,11,14,3,1,2,1,1,0,48,23,25
AUSTIN COUNTY,015,67 Years,348,175,173,282,144,138,23,14,9,1,0,1,1,0,1,41,17,24
AUSTIN COUNTY,015,68 Years,361,180,181,293,151,142,27,12,15,3,1,2,2,0,2,36,16,20
AUSTIN COUNTY,015,69 Years,385,188,197,319,154,165,31,15,16,1,1,0,2,2,0,32,16,16
AUSTIN COUNTY,015,70 Years,380,180,200,320,151,169,24,13,11,0,0,0,2,1,1,34,15,19
AUSTIN COUNTY,015,71 Years,316,139,177,255,113,142,27,11,16,0,0,0,2,0,2,32,15,17
AUSTIN COUNTY,015,72 Years,309,159,150,256,132,124,24,11,13,1,1,0,3,2,1,25,13,12
AUSTIN COUNTY,015,73 Years,307,152,155,257,126,131,24,13,11,1,1,0,1,1,0,24,11,13
AUSTIN COUNTY,015,74 Years,312,148,164,261,124,137,21,10,11,0,0,0,3,1,2,27,13,14
AUSTIN COUNTY,015,75 Years,288,142,146,246,124,122,20,8,12,1,1,0,1,0,1,20,9,11
AUSTIN COUNTY,015,76 Years,237,112,125,206,101,105,16,6,10,1,1,0,1,1,0,13,3,10
AUSTIN COUNTY,015,77 Years,201,96,105,159,78,81,18,7,11,0,0,0,2,1,1,22,10,12
AUSTIN COUNTY,015,78 Years,174,78,96,138,60,78,15,8,7,0,0,0,5,1,4,16,9,7
AUSTIN COUNTY,015,79 Years,171,71,100,142,60,82,15,6,9,1,0,1,3,1,2,10,4,6
AUSTIN COUNTY,015,80 Years,156,65,91,128,57,71,14,4,10,0,0,0,2,0,2,12,4,8
AUSTIN COUNTY,015,81 Years,131,61,70,109,53,56,8,2,6,1,0,1,1,0,1,12,6,6
AUSTIN COUNTY,015,82 Years,134,63,71,111,51,60,7,3,4,1,0,1,1,0,1,14,9,5
AUSTIN COUNTY,015,83 Years,119,49,70,95,36,59,10,4,6,1,1,0,1,0,1,12,8,4
AUSTIN COUNTY,015,84 Years,97,42,55,76,34,42,8,2,6,1,1,0,1,0,1,11,5,6
AUSTIN COUNTY,015,85 Years,103,47,56,85,41,44,4,1,3,0,0,0,2,0,2,12,5,7
AUSTIN COUNTY,015,86 Years,97,43,54,79,35,44,5,2,3,0,0,0,1,0,1,12,6,6
AUSTIN COUNTY,015,87 Years,89,34,55,74,28,46,6,3,3,0,0,0,1,1,0,8,2,6
AUSTIN COUNTY,015,88 Years,79,30,49,65,24,41,6,3,3,0,0,0,1,1,0,7,2,5
AUSTIN COUNTY,015,89 Years,65,25,40,54,19,35,6,3,3,0,0,0,0,0,0,5,3,2
AUSTIN COUNTY,015,90 Years,55,19,36,44,15,29,7,3,4,0,0,0,1,0,1,3,1,2
AUSTIN COUNTY,015,91 Years,47,15,32,38,12,26,6,2,4,0,0,0,0,0,0,3,1,2
AUSTIN COUNTY,015,92 Years,36,14,22,28,11,17,4,1,3,0,0,0,0,0,0,4,2,2
AUSTIN COUNTY,015,93 Years,33,11,22,25,10,15,4,0,4,0,0,0,0,0,0,4,1,3
AUSTIN COUNTY,015,94 Years,26,6,20,20,6,14,3,0,3,0,0,0,0,0,0,3,0,3
AUSTIN COUNTY,015,95 Years +,64,16,48,47,11,36,9,3,6,0,0,0,1,0,1,7,2,5
BAILEY COUNTY,017,All Ages,7022,3611,3411,2295,1123,1172,65,44,21,26,11,15,102,52,50,4534,2381,2153
BAILEY COUNTY,017,< 1 Year,125,64,61,24,11,13,0,0,0,0,0,0,15,8,7,86,45,41
BAILEY COUNTY,017,1 Years,126,63,63,27,12,15,0,0,0,1,1,0,15,8,7,83,42,41
BAILEY COUNTY,017,2 Years,119,61,58,28,13,15,1,1,0,1,1,0,9,4,5,80,42,38
BAILEY COUNTY,017,3 Years,109,59,50,28,14,14,1,1,0,1,1,0,5,2,3,74,41,33
BAILEY COUNTY,017,4 Years,103,58,45,26,12,14,0,0,0,0,0,0,4,2,2,73,44,29
BAILEY COUNTY,017,5 Years,109,61,48,27,13,14,0,0,0,0,0,0,4,2,2,78,46,32
BAILEY COUNTY,017,6 Years,110,60,50,28,12,16,0,0,0,0,0,0,4,3,1,78,45,33
BAILEY COUNTY,017,7 Years,136,75,61,31,16,15,0,0,0,0,0,0,2,0,2,103,59,44
BAILEY COUNTY,017,8 Years,125,67,58,25,12,13,0,0,0,0,0,0,2,1,1,98,54,44
BAILEY COUNTY,017,9 Years,114,57,57,21,10,11,0,0,0,0,0,0,1,0,1,92,47,45
BAILEY COUNTY,017,10 Years,127,68,59,30,14,16,0,0,0,0,0,0,1,1,0,96,53,43
BAILEY COUNTY,017,11 Years,134,66,68,30,11,19,0,0,0,0,0,0,1,1,0,103,54,49
BAILEY COUNTY,017,12 Years,128,64,64,30,11,19,1,1,0,2,2,0,1,1,0,94,49,45
BAILEY COUNTY,017,13 Years,118,53,65,25,10,15,1,0,1,0,0,0,2,1,1,90,42,48
BAILEY COUNTY,017,14 Years,119,62,57,25,13,12,1,1,0,0,0,0,0,0,0,93,48,45
BAILEY COUNTY,017,15 Years,127,64,63,29,17,12,1,0,1,1,0,1,0,0,0,96,47,49
BAILEY COUNTY,017,16 Years,130,64,66,35,17,18,0,0,0,0,0,0,1,1,0,94,46,48
BAILEY COUNTY,017,17 Years,111,62,49,20,12,8,0,0,0,0,0,0,1,1,0,90,49,41
BAILEY COUNTY,017,18 Years,102,60,42,28,19,9,1,1,0,0,0,0,1,1,0,72,39,33
BAILEY COUNTY,017,19 Years,99,57,42,24,14,10,0,0,0,1,0,1,1,1,0,73,42,31
BAILEY COUNTY,017,20 Years,88,48,40,20,12,8,0,0,0,1,0,1,0,0,0,67,36,31
BAILEY COUNTY,017,21 Years,101,53,48,26,14,12,1,1,0,1,0,1,0,0,0,73,38,35
BAILEY COUNTY,017,22 Years,96,53,43,23,11,12,1,1,0,0,0,0,1,0,1,71,41,30
BAILEY COUNTY,017,23 Years,96,56,40,22,11,11,0,0,0,1,1,0,0,0,0,73,44,29
BAILEY COUNTY,017,24 Years,99,52,47,21,11,10,1,0,1,0,0,0,0,0,0,77,41,36
BAILEY COUNTY,017,25 Years,102,57,45,27,12,15,5,3,2,0,0,0,0,0,0,70,42,28
BAILEY COUNTY,017,26 Years,88,45,43,16,10,6,2,1,1,0,0,0,0,0,0,70,34,36
BAILEY COUNTY,017,27 Years,84,43,41,13,6,7,0,0,0,0,0,0,0,0,0,71,37,34
BAILEY COUNTY,017,28 Years,78,37,41,18,7,11,1,0,1,0,0,0,0,0,0,59,30,29
BAILEY COUNTY,017,29 Years,85,44,41,18,10,8,1,0,1,0,0,0,0,0,0,66,34,32
BAILEY COUNTY,017,30 Years,90,47,43,26,12,14,3,2,1,1,0,1,1,0,1,59,33,26
BAILEY COUNTY,017,31 Years,81,43,38,25,10,15,2,2,0,0,0,0,0,0,0,54,31,23
BAILEY COUNTY,017,32 Years,93,47,46,31,13,18,0,0,0,0,0,0,2,1,1,60,33,27
BAILEY COUNTY,017,33 Years,94,52,42,30,16,14,1,1,0,1,0,1,1,1,0,61,34,27
BAILEY COUNTY,017,34 Years,79,46,33,24,12,12,2,2,0,0,0,0,2,1,1,51,31,20
BAILEY COUNTY,017,35 Years,83,44,39,29,17,12,0,0,0,2,0,2,1,1,0,51,26,25
BAILEY COUNTY,017,36 Years,87,40,47,28,16,12,0,0,0,1,0,1,1,0,1,57,24,33
BAILEY COUNTY,017,37 Years,80,41,39,25,15,10,1,0,1,0,0,0,0,0,0,54,26,28
BAILEY COUNTY,017,38 Years,86,47,39,30,16,14,0,0,0,0,0,0,0,0,0,56,31,25
BAILEY COUNTY,017,39 Years,82,44,38,24,14,10,2,2,0,0,0,0,0,0,0,56,28,28
BAILEY COUNTY,017,40 Years,69,37,32,17,10,7,1,1,0,0,0,0,0,0,0,51,26,25
BAILEY COUNTY,017,41 Years,79,40,39,23,11,12,1,1,0,0,0,0,0,0,0,55,28,27
BAILEY COUNTY,017,42 Years,74,36,38,20,7,13,2,2,0,0,0,0,0,0,0,52,27,25
BAILEY COUNTY,017,43 Years,88,45,43,29,15,14,1,1,0,0,0,0,1,1,0,57,28,29
BAILEY COUNTY,017,44 Years,77,39,38,24,14,10,0,0,0,0,0,0,1,1,0,52,24,28
BAILEY COUNTY,017,45 Years,76,38,38,18,11,7,0,0,0,0,0,0,1,0,1,57,27,30
BAILEY COUNTY,017,46 Years,72,33,39,17,8,9,0,0,0,0,0,0,2,1,1,53,24,29
BAILEY COUNTY,017,47 Years,75,34,41,20,10,10,1,0,1,1,0,1,1,0,1,52,24,28
BAILEY COUNTY,017,48 Years,81,35,46,25,12,13,2,0,2,1,0,1,1,0,1,52,23,29
BAILEY COUNTY,017,49 Years,73,35,38,21,9,12,0,0,0,1,1,0,1,1,0,50,24,26
BAILEY COUNTY,017,50 Years,77,40,37,27,14,13,1,1,0,2,2,0,0,0,0,47,23,24
BAILEY COUNTY,017,51 Years,81,45,36,27,15,12,1,1,0,0,0,0,0,0,0,53,29,24
BAILEY COUNTY,017,52 Years,71,32,39,24,10,14,0,0,0,0,0,0,1,0,1,46,22,24
BAILEY COUNTY,017,53 Years,71,30,41,20,7,13,0,0,0,0,0,0,1,1,0,50,22,28
BAILEY COUNTY,017,54 Years,74,40,34,29,14,15,1,1,0,1,0,1,0,0,0,43,25,18
BAILEY COUNTY,017,55 Years,81,43,38,35,19,16,0,0,0,1,0,1,0,0,0,45,24,21
BAILEY COUNTY,017,56 Years,81,46,35,29,15,14,0,0,0,0,0,0,0,0,0,52,31,21
BAILEY COUNTY,017,57 Years,77,40,37,32,18,14,0,0,0,0,0,0,0,0,0,45,22,23
BAILEY COUNTY,017,58 Years,70,35,35,37,18,19,0,0,0,0,0,0,1,0,1,32,17,15
BAILEY COUNTY,017,59 Years,69,38,31,33,18,15,0,0,0,0,0,0,1,0,1,35,20,15
BAILEY COUNTY,017,60 Years,84,45,39,39,18,21,4,4,0,0,0,0,1,1,0,40,22,18
BAILEY COUNTY,017,61 Years,78,40,38,37,17,20,3,2,1,0,0,0,0,0,0,38,21,17
BAILEY COUNTY,017,62 Years,67,34,33,34,18,16,1,0,1,0,0,0,0,0,0,32,16,16
BAILEY COUNTY,017,63 Years,70,37,33,35,18,17,0,0,0,0,0,0,0,0,0,35,19,16
BAILEY COUNTY,017,64 Years,72,35,37,37,17,20,1,1,0,0,0,0,1,0,1,33,17,16
BAILEY COUNTY,017,65 Years,63,31,32,34,16,18,1,1,0,0,0,0,1,0,1,27,14,13
BAILEY COUNTY,017,66 Years,57,32,25,30,15,15,0,0,0,1,0,1,1,1,0,25,16,9
BAILEY COUNTY,017,67 Years,53,32,21,28,15,13,1,1,0,0,0,0,0,0,0,24,16,8
BAILEY COUNTY,017,68 Years,52,25,27,33,14,19,1,1,0,0,0,0,0,0,0,18,10,8
BAILEY COUNTY,017,69 Years,53,25,28,31,14,17,0,0,0,0,0,0,0,0,0,22,11,11
BAILEY COUNTY,017,70 Years,46,23,23,26,13,13,1,1,0,1,1,0,0,0,0,18,8,10
BAILEY COUNTY,017,71 Years,40,20,20,23,12,11,1,1,0,0,0,0,1,0,1,15,7,8
BAILEY COUNTY,017,72 Years,44,26,18,26,16,10,0,0,0,0,0,0,1,0,1,17,10,7
BAILEY COUNTY,017,73 Years,46,24,22,29,14,15,0,0,0,0,0,0,2,2,0,15,8,7
BAILEY COUNTY,017,74 Years,47,18,29,29,11,18,0,0,0,0,0,0,1,1,0,17,6,11
BAILEY COUNTY,017,75 Years,38,15,23,23,9,14,0,0,0,0,0,0,0,0,0,15,6,9
BAILEY COUNTY,017,76 Years,46,28,18,30,20,10,0,0,0,0,0,0,0,0,0,16,8,8
BAILEY COUNTY,017,77 Years,33,16,17,22,12,10,0,0,0,0,0,0,1,0,1,10,4,6
BAILEY COUNTY,017,78 Years,36,17,19,19,10,9,0,0,0,0,0,0,0,0,0,17,7,10
BAILEY COUNTY,017,79 Years,27,13,14,15,7,8,0,0,0,0,0,0,0,0,0,12,6,6
BAILEY COUNTY,017,80 Years,32,15,17,20,8,12,0,0,0,1,1,0,0,0,0,11,6,5
BAILEY COUNTY,017,81 Years,38,14,24,26,7,19,1,0,1,0,0,0,0,0,0,11,7,4
BAILEY COUNTY,017,82 Years,32,11,21,21,9,12,1,0,1,1,0,1,0,0,0,9,2,7
BAILEY COUNTY,017,83 Years,27,14,13,18,10,8,1,0,1,0,0,0,1,0,1,7,4,3
BAILEY COUNTY,017,84 Years,25,9,16,16,5,11,0,0,0,0,0,0,0,0,0,9,4,5
BAILEY COUNTY,017,85 Years,28,11,17,17,5,12,1,1,0,0,0,0,0,0,0,10,5,5
BAILEY COUNTY,017,86 Years,19,7,12,13,5,8,1,1,0,0,0,0,0,0,0,5,1,4
BAILEY COUNTY,017,87 Years,15,5,10,8,3,5,1,0,1,0,0,0,0,0,0,6,2,4
BAILEY COUNTY,017,88 Years,17,11,6,10,6,4,1,1,0,0,0,0,0,0,0,6,4,2
BAILEY COUNTY,017,89 Years,17,9,8,11,5,6,0,0,0,0,0,0,0,0,0,6,4,2
BAILEY COUNTY,017,90 Years,12,5,7,5,2,3,0,0,0,0,0,0,0,0,0,7,3,4
BAILEY COUNTY,017,91 Years,12,6,6,6,2,4,1,1,0,0,0,0,0,0,0,5,3,2
BAILEY COUNTY,017,92 Years,8,5,3,4,2,2,0,0,0,0,0,0,0,0,0,4,3,1
BAILEY COUNTY,017,93 Years,8,3,5,4,2,2,0,0,0,0,0,0,0,0,0,4,1,3
BAILEY COUNTY,017,94 Years,5,1,4,3,1,2,0,0,0,0,0,0,0,0,0,2,0,2
BAILEY COUNTY,017,95 Years +,16,4,12,9,2,7,2,0,2,0,0,0,0,0,0,5,2,3
BANDERA COUNTY,019,All Ages,22416,11075,11341,17517,8665,8852,112,62,50,57,23,34,440,201,239,4290,2124,2166
BANDERA COUNTY,019,< 1 Year,207,102,105,126,65,61,0,0,0,0,0,0,11,6,5,70,31,39
BANDERA COUNTY,019,1 Years,198,97,101,124,64,60,1,0,1,0,0,0,9,4,5,64,29,35
BANDERA COUNTY,019,2 Years,188,97,91,117,64,53,2,1,1,0,0,0,10,3,7,59,29,30
BANDERA COUNTY,019,3 Years,182,90,92,117,61,56,0,0,0,1,1,0,9,3,6,55,25,30
BANDERA COUNTY,019,4 Years,191,93,98,123,62,61,2,1,1,2,2,0,9,5,4,55,23,32
BANDERA COUNTY,019,5 Years,197,90,107,128,62,66,1,0,1,2,1,1,9,5,4,57,22,35
BANDERA COUNTY,019,6 Years,201,99,102,130,64,66,2,0,2,2,1,1,9,6,3,58,28,30
BANDERA COUNTY,019,7 Years,197,103,94,131,70,61,1,0,1,0,0,0,8,3,5,57,30,27
BANDERA COUNTY,019,8 Years,205,101,104,150,73,77,1,0,1,0,0,0,5,2,3,49,26,23
BANDERA COUNTY,019,9 Years,204,93,111,142,62,80,4,2,2,0,0,0,5,1,4,53,28,25
BANDERA COUNTY,019,10 Years,211,101,110,140,67,73,2,1,1,0,0,0,6,3,3,63,30,33
BANDERA COUNTY,019,11 Years,207,101,106,142,72,70,1,0,1,0,0,0,4,2,2,60,27,33
BANDERA COUNTY,019,12 Years,202,97,105,134,68,66,2,0,2,0,0,0,4,3,1,62,26,36
BANDERA COUNTY,019,13 Years,196,99,97,127,65,62,0,0,0,2,0,2,2,1,1,65,33,32
BANDERA COUNTY,019,14 Years,229,114,115,144,73,71,2,1,1,1,0,1,6,1,5,76,39,37
BANDERA COUNTY,019,15 Years,228,108,120,155,73,82,3,1,2,1,1,0,3,0,3,66,33,33
BANDERA COUNTY,019,16 Years,237,129,108,158,87,71,3,2,1,0,0,0,2,0,2,74,40,34
BANDERA COUNTY,019,17 Years,215,106,109,143,72,71,4,1,3,1,1,0,1,0,1,66,32,34
BANDERA COUNTY,019,18 Years,210,114,96,147,83,64,4,2,2,0,0,0,4,2,2,55,27,28
BANDERA COUNTY,019,19 Years,188,97,91,130,66,64,4,3,1,0,0,0,5,2,3,49,26,23
BANDERA COUNTY,019,20 Years,185,98,87,123,69,54,4,1,3,0,0,0,7,3,4,51,25,26
BANDERA COUNTY,019,21 Years,200,110,90,129,69,60,3,2,1,0,0,0,8,2,6,60,37,23
BANDERA COUNTY,019,22 Years,210,108,102,136,66,70,2,1,1,0,0,0,5,2,3,67,39,28
BANDERA COUNTY,019,23 Years,238,115,123,161,75,86,2,1,1,0,0,0,8,3,5,67,36,31
BANDERA COUNTY,019,24 Years,241,125,116,174,85,89,2,1,1,0,0,0,4,3,1,61,36,25
BANDERA COUNTY,019,25 Years,246,140,106,166,91,75,0,0,0,1,1,0,2,1,1,77,47,30
BANDERA COUNTY,019,26 Years,213,104,109,159,75,84,0,0,0,0,0,0,1,0,1,53,29,24
BANDERA COUNTY,019,27 Years,215,105,110,173,79,94,0,0,0,0,0,0,2,2,0,40,24,16
BANDERA COUNTY,019,28 Years,215,109,106,154,74,80,0,0,0,0,0,0,9,6,3,52,29,23
BANDERA COUNTY,019,29 Years,206,95,111,156,69,87,0,0,0,0,0,0,6,2,4,44,24,20
BANDERA COUNTY,019,30 Years,209,103,106,151,81,70,0,0,0,0,0,0,4,1,3,54,21,33
BANDERA COUNTY,019,31 Years,191,95,96,138,73,65,1,1,0,0,0,0,3,1,2,49,20,29
BANDERA COUNTY,019,32 Years,204,98,106,147,73,74,0,0,0,0,0,0,4,3,1,53,22,31
BANDERA COUNTY,019,33 Years,177,92,85,139,73,66,0,0,0,0,0,0,5,3,2,33,16,17
BANDERA COUNTY,019,34 Years,185,103,82,140,78,62,0,0,0,0,0,0,3,2,1,42,23,19
BANDERA COUNTY,019,35 Years,164,92,72,131,75,56,0,0,0,1,1,0,5,3,2,27,13,14
BANDERA COUNTY,019,36 Years,198,102,96,153,77,76,0,0,0,2,1,1,4,3,1,39,21,18
BANDERA COUNTY,019,37 Years,196,90,106,146,66,80,1,1,0,1,0,1,3,1,2,45,22,23
BANDERA COUNTY,019,38 Years,185,95,90,146,71,75,0,0,0,0,0,0,1,0,1,38,24,14
BANDERA COUNTY,019,39 Years,199,111,88,151,84,67,1,1,0,0,0,0,3,2,1,44,24,20
BANDERA COUNTY,019,40 Years,186,110,76,143,85,58,2,2,0,0,0,0,1,0,1,40,23,17
BANDERA COUNTY,019,41 Years,206,108,98,151,81,70,3,3,0,1,0,1,0,0,0,51,24,27
BANDERA COUNTY,019,42 Years,222,95,127,159,73,86,1,1,0,0,0,0,2,1,1,60,20,40
BANDERA COUNTY,019,43 Years,202,95,107,145,68,77,1,0,1,1,1,0,3,1,2,52,25,27
BANDERA COUNTY,019,44 Years,223,105,118,161,72,89,0,0,0,1,0,1,9,4,5,52,29,23
BANDERA COUNTY,019,45 Years,214,114,100,150,75,75,2,2,0,0,0,0,6,4,2,56,33,23
BANDERA COUNTY,019,46 Years,244,124,120,172,88,84,2,1,1,0,0,0,7,4,3,63,31,32
BANDERA COUNTY,019,47 Years,259,120,139,198,90,108,1,1,0,2,0,2,3,2,1,55,27,28
BANDERA COUNTY,019,48 Years,259,119,140,201,92,109,1,1,0,1,0,1,1,1,0,55,25,30
BANDERA COUNTY,019,49 Years,279,130,149,215,101,114,0,0,0,1,0,1,5,2,3,58,27,31
BANDERA COUNTY,019,50 Years,285,132,153,231,105,126,0,0,0,0,0,0,6,3,3,48,24,24
BANDERA COUNTY,019,51 Years,287,135,152,235,113,122,1,0,1,0,0,0,9,4,5,42,18,24
BANDERA COUNTY,019,52 Years,331,155,176,266,122,144,2,2,0,0,0,0,8,2,6,55,29,26
BANDERA COUNTY,019,53 Years,388,191,197,319,156,163,2,2,0,0,0,0,5,2,3,62,31,31
BANDERA COUNTY,019,54 Years,397,189,208,320,153,167,1,1,0,1,1,0,4,3,1,71,31,40
BANDERA COUNTY,019,55 Years,387,182,205,315,145,170,2,1,1,0,0,0,8,6,2,62,30,32
BANDERA COUNTY,019,56 Years,423,187,236,345,157,188,1,1,0,1,0,1,7,3,4,69,26,43
BANDERA COUNTY,019,57 Years,457,198,259,369,161,208,1,1,0,3,1,2,10,3,7,74,32,42
BANDERA COUNTY,019,58 Years,440,197,243,377,166,211,2,1,1,0,0,0,4,2,2,57,28,29
BANDERA COUNTY,019,59 Years,423,219,204,354,187,167,2,1,1,1,0,1,6,3,3,60,28,32
BANDERA COUNTY,019,60 Years,413,198,215,348,166,182,4,3,1,1,0,1,8,6,2,52,23,29
BANDERA COUNTY,019,61 Years,462,217,245,392,185,207,3,2,1,0,0,0,6,3,3,61,27,34
BANDERA COUNTY,019,62 Years,438,218,220,372,193,179,0,0,0,0,0,0,6,1,5,60,24,36
BANDERA COUNTY,019,63 Years,425,202,223,368,178,190,0,0,0,2,1,1,6,1,5,49,22,27
BANDERA COUNTY,019,64 Years,441,220,221,386,190,196,1,0,1,2,1,1,3,1,2,49,28,21
BANDERA COUNTY,019,65 Years,439,230,209,381,203,178,2,1,1,2,0,2,8,3,5,46,23,23
BANDERA COUNTY,019,66 Years,409,213,196,363,192,171,1,0,1,1,0,1,8,4,4,36,17,19
BANDERA COUNTY,019,67 Years,382,183,199,340,163,177,1,0,1,0,0,0,3,1,2,38,19,19
BANDERA COUNTY,019,68 Years,392,201,191,346,175,171,2,2,0,0,0,0,10,5,5,34,19,15
BANDERA COUNTY,019,69 Years,411,213,198,354,184,170,1,1,0,1,0,1,6,4,2,49,24,25
BANDERA COUNTY,019,70 Years,424,213,211,359,177,182,0,0,0,3,0,3,5,3,2,57,33,24
BANDERA COUNTY,019,71 Years,321,156,165,266,121,145,1,1,0,3,1,2,10,6,4,41,27,14
BANDERA COUNTY,019,72 Years,291,154,137,257,133,124,2,2,0,1,1,0,7,1,6,24,17,7
BANDERA COUNTY,019,73 Years,292,141,151,255,128,127,1,0,1,2,0,2,3,0,3,31,13,18
BANDERA COUNTY,019,74 Years,304,148,156,264,131,133,1,1,0,2,0,2,6,4,2,31,12,19
BANDERA COUNTY,019,75 Years,275,135,140,245,124,121,0,0,0,1,0,1,4,2,2,25,9,16
BANDERA COUNTY,019,76 Years,245,126,119,221,114,107,0,0,0,1,1,0,4,2,2,19,9,10
BANDERA COUNTY,019,77 Years,218,117,101,186,102,84,1,0,1,0,0,0,3,0,3,28,15,13
BANDERA COUNTY,019,78 Years,192,103,89,165,91,74,1,0,1,0,0,0,3,1,2,23,11,12
BANDERA COUNTY,019,79 Years,170,87,83,146,74,72,2,2,0,2,2,0,2,1,1,18,8,10
BANDERA COUNTY,019,80 Years,138,65,73,118,57,61,1,1,0,0,0,0,3,1,2,16,6,10
BANDERA COUNTY,019,81 Years,134,63,71,110,52,58,0,0,0,0,0,0,3,2,1,21,9,12
BANDERA COUNTY,019,82 Years,127,68,59,107,60,47,1,0,1,0,0,0,0,0,0,19,8,11
BANDERA COUNTY,019,83 Years,113,57,56,94,47,47,1,0,1,0,0,0,0,0,0,18,10,8
BANDERA COUNTY,019,84 Years,101,52,49,83,43,40,0,0,0,0,0,0,2,1,1,16,8,8
BANDERA COUNTY,019,85 Years,91,45,46,75,35,40,0,0,0,1,1,0,1,0,1,14,9,5
BANDERA COUNTY,019,86 Years,87,42,45,74,35,39,0,0,0,1,1,0,1,0,1,11,6,5
BANDERA COUNTY,019,87 Years,73,36,37,61,29,32,0,0,0,0,0,0,2,1,1,10,6,4
BANDERA COUNTY,019,88 Years,71,38,33,59,32,27,1,0,1,0,0,0,2,1,1,9,5,4
BANDERA COUNTY,019,89 Years,56,22,34,49,19,30,1,0,1,0,0,0,1,1,0,5,2,3
BANDERA COUNTY,019,90 Years,52,22,30,46,19,27,0,0,0,0,0,0,0,0,0,6,3,3
BANDERA COUNTY,019,91 Years,39,17,22,35,15,20,0,0,0,0,0,0,0,0,0,4,2,2
BANDERA COUNTY,019,92 Years,30,14,16,24,10,14,1,1,0,0,0,0,0,0,0,5,3,2
BANDERA COUNTY,019,93 Years,22,11,11,18,8,10,0,0,0,0,0,0,1,0,1,3,3,0
BANDERA COUNTY,019,94 Years,19,8,11,15,5,10,0,0,0,0,0,0,1,0,1,3,3,0
BANDERA COUNTY,019,95 Years +,37,14,23,28,9,19,0,0,0,1,1,0,0,0,0,8,4,4
BASTROP COUNTY,021,All Ages,87826,44675,43151,46530,23042,23488,6197,3322,2875,526,242,284,1900,980,920,32673,17089,15584
BASTROP COUNTY,021,< 1 Year,1112,553,559,357,182,175,72,38,34,5,2,3,46,24,22,632,307,325
BASTROP COUNTY,021,1 Years,1115,552,563,355,179,176,71,37,34,6,3,3,46,24,22,637,309,328
BASTROP COUNTY,021,2 Years,1129,560,569,358,178,180,71,39,32,7,3,4,45,23,22,648,317,331
BASTROP COUNTY,021,3 Years,1114,559,555,359,184,175,68,37,31,8,5,3,39,21,18,640,312,328
BASTROP COUNTY,021,4 Years,1067,534,533,348,179,169,71,38,33,7,4,3,33,19,14,608,294,314
BASTROP COUNTY,021,5 Years,1013,508,505,334,172,162,68,35,33,6,4,2,30,18,12,575,279,296
BASTROP COUNTY,021,6 Years,981,490,491,320,164,156,66,32,34,6,4,2,26,16,10,563,274,289
BASTROP COUNTY,021,7 Years,1088,563,525,341,180,161,83,52,31,5,1,4,29,14,15,630,316,314
BASTROP COUNTY,021,8 Years,1244,595,649,420,199,221,92,48,44,2,1,1,40,18,22,690,329,361
BASTROP COUNTY,021,9 Years,1272,653,619,439,219,220,96,47,49,4,2,2,43,22,21,690,363,327
BASTROP COUNTY,021,10 Years,1328,703,625,425,242,183,93,45,48,7,3,4,43,27,16,760,386,374
BASTROP COUNTY,021,11 Years,1283,669,614,441,238,203,79,37,42,5,3,2,49,25,24,709,366,343
BASTROP COUNTY,021,12 Years,1303,704,599,494,266,228,72,39,33,4,2,2,36,17,19,697,380,317
BASTROP COUNTY,021,13 Years,1298,655,643,488,257,231,80,33,47,5,2,3,40,21,19,685,342,343
BASTROP COUNTY,021,14 Years,1314,661,653,511,265,246,81,31,50,6,1,5,47,24,23,669,340,329
BASTROP COUNTY,021,15 Years,1325,688,637,543,289,254,71,30,41,10,2,8,40,23,17,661,344,317
BASTROP COUNTY,021,16 Years,1320,680,640,556,291,265,69,33,36,9,4,5,36,16,20,650,336,314
BASTROP COUNTY,021,17 Years,1350,729,621,590,314,276,76,35,41,12,9,3,33,17,16,639,354,285
BASTROP COUNTY,021,18 Years,1309,703,606,586,308,278,73,35,38,6,4,2,32,14,18,612,342,270
BASTROP COUNTY,021,19 Years,1173,610,563,527,264,263,76,36,40,8,3,5,34,14,20,528,293,235
BASTROP COUNTY,021,20 Years,1137,611,526,524,276,248,90,46,44,6,2,4,38,21,17,479,266,213
BASTROP COUNTY,021,21 Years,1125,613,512,530,273,257,75,40,35,3,1,2,29,19,10,488,280,208
BASTROP COUNTY,021,22 Years,1118,589,529,535,280,255,83,45,38,6,2,4,33,19,14,461,243,218
BASTROP COUNTY,021,23 Years,1088,562,526,511,261,250,92,44,48,7,3,4,26,15,11,452,239,213
BASTROP COUNTY,021,24 Years,1139,578,561,544,284,260,83,45,38,3,2,1,27,15,12,482,232,250
BASTROP COUNTY,021,25 Years,1207,629,578,541,284,257,109,65,44,5,4,1,35,16,19,517,260,257
BASTROP COUNTY,021,26 Years,1098,587,511,460,253,207,115,61,54,4,3,1,21,11,10,498,259,239
BASTROP COUNTY,021,27 Years,1041,551,490,432,221,211,107,65,42,5,2,3,29,15,14,468,248,220
BASTROP COUNTY,021,28 Years,966,539,427,435,225,210,87,52,35,2,1,1,20,12,8,422,249,173
BASTROP COUNTY,021,29 Years,1003,548,455,441,220,221,105,57,48,3,3,0,14,10,4,440,258,182
BASTROP COUNTY,021,30 Years,995,560,435,427,233,194,101,52,49,5,5,0,26,13,13,436,257,179
BASTROP COUNTY,021,31 Years,1038,583,455,454,249,205,90,57,33,5,2,3,18,12,6,471,263,208
BASTROP COUNTY,021,32 Years,947,510,437,413,203,210,82,54,28,5,2,3,18,12,6,429,239,190
BASTROP COUNTY,021,33 Years,948,501,447,405,208,197,81,47,34,7,5,2,11,6,5,444,235,209
BASTROP COUNTY,021,34 Years,973,522,451,427,227,200,69,43,26,7,4,3,20,15,5,450,233,217
BASTROP COUNTY,021,35 Years,1032,531,501,473,231,242,65,40,25,8,3,5,15,10,5,471,247,224
BASTROP COUNTY,021,36 Years,1049,552,497,477,239,238,87,54,33,5,1,4,15,9,6,465,249,216
BASTROP COUNTY,021,37 Years,1048,563,485,487,257,230,81,58,23,4,2,2,19,11,8,457,235,222
BASTROP COUNTY,021,38 Years,1080,559,521,518,241,277,72,49,23,5,1,4,23,14,9,462,254,208
BASTROP COUNTY,021,39 Years,1014,553,461,485,241,244,73,50,23,6,1,5,18,11,7,432,250,182
BASTROP COUNTY,021,40 Years,1025,527,498,486,238,248,64,42,22,13,4,9,14,9,5,448,234,214
BASTROP COUNTY,021,41 Years,1014,515,499,495,235,260,72,43,29,7,3,4,18,7,11,422,227,195
BASTROP COUNTY,021,42 Years,1038,530,508,496,247,249,73,48,25,8,6,2,15,6,9,446,223,223
BASTROP COUNTY,021,43 Years,1062,529,533,538,264,274,72,43,29,8,3,5,22,11,11,422,208,214
BASTROP COUNTY,021,44 Years,1063,572,491,553,299,254,78,47,31,12,7,5,12,7,5,408,212,196
BASTROP COUNTY,021,45 Years,1127,593,534,580,291,289,79,50,29,10,5,5,13,8,5,445,239,206
BASTROP COUNTY,021,46 Years,1148,581,567,625,295,330,94,51,43,6,4,2,14,7,7,409,224,185
BASTROP COUNTY,021,47 Years,1192,604,588,637,300,337,93,53,40,9,4,5,21,10,11,432,237,195
BASTROP COUNTY,021,48 Years,1160,581,579,659,319,340,74,37,37,9,3,6,19,6,13,399,216,183
BASTROP COUNTY,021,49 Years,1082,545,537,607,308,299,79,39,40,9,6,3,16,6,10,371,186,185
BASTROP COUNTY,021,50 Years,1073,530,543,613,301,312,87,43,44,7,2,5,18,9,9,348,175,173
BASTROP COUNTY,021,51 Years,1135,578,557,652,317,335,92,47,45,9,4,5,17,9,8,365,201,164
BASTROP COUNTY,021,52 Years,1286,650,636,772,379,393,111,60,51,11,6,5,18,10,8,374,195,179
BASTROP COUNTY,021,53 Years,1273,644,629,789,403,386,110,50,60,12,7,5,18,9,9,344,175,169
BASTROP COUNTY,021,54 Years,1283,670,613,809,403,406,97,55,42,8,5,3,21,13,8,348,194,154
BASTROP COUNTY,021,55 Years,1258,650,608,792,391,401,85,48,37,10,5,5,21,9,12,350,197,153
BASTROP COUNTY,021,56 Years,1275,662,613,826,419,407,98,51,47,17,8,9,20,9,11,314,175,139
BASTROP COUNTY,021,57 Years,1269,640,629,834,403,431,90,47,43,11,4,7,16,6,10,318,180,138
BASTROP COUNTY,021,58 Years,1266,624,642,862,414,448,89,46,43,9,4,5,22,8,14,284,152,132
BASTROP COUNTY,021,59 Years,1252,584,668,873,392,481,85,41,44,8,4,4,17,8,9,269,139,130
BASTROP COUNTY,021,60 Years,1238,622,616,876,430,446,81,42,39,9,4,5,19,8,11,253,138,115
BASTROP COUNTY,021,61 Years,1211,587,624,859,400,459,84,38,46,6,2,4,18,6,12,244,141,103
BASTROP COUNTY,021,62 Years,1153,565,588,844,396,448,72,38,34,6,2,4,19,9,10,212,120,92
BASTROP COUNTY,021,63 Years,1116,553,563,818,391,427,70,36,34,8,3,5,17,6,11,203,117,86
BASTROP COUNTY,021,64 Years,1090,532,558,819,379,440,73,43,30,5,2,3,20,9,11,173,99,74
BASTROP COUNTY,021,65 Years,1071,537,534,818,412,406,62,30,32,11,6,5,19,9,10,161,80,81
BASTROP COUNTY,021,66 Years,1017,506,511,777,383,394,63,30,33,5,3,2,19,10,9,153,80,73
BASTROP COUNTY,021,67 Years,971,507,464,738,373,365,70,44,26,3,1,2,25,15,10,135,74,61
BASTROP COUNTY,021,68 Years,930,452,478,721,338,383,55,32,23,4,1,3,19,10,9,131,71,60
BASTROP COUNTY,021,69 Years,978,459,519,765,361,404,63,29,34,6,1,5,14,7,7,130,61,69
BASTROP COUNTY,021,70 Years,955,464,491,745,370,375,56,27,29,5,1,4,18,9,9,131,57,74
BASTROP COUNTY,021,71 Years,761,385,376,582,296,286,43,22,21,3,1,2,12,6,6,121,60,61
BASTROP COUNTY,021,72 Years,669,331,338,504,246,258,42,25,17,1,0,1,13,6,7,109,54,55
BASTROP COUNTY,021,73 Years,626,304,322,499,235,264,32,18,14,2,0,2,12,6,6,81,45,36
BASTROP COUNTY,021,74 Years,601,276,325,497,232,265,23,10,13,3,0,3,9,3,6,69,31,38
BASTROP COUNTY,021,75 Years,536,255,281,419,197,222,33,14,19,1,0,1,6,1,5,77,43,34
BASTROP COUNTY,021,76 Years,468,220,248,366,173,193,28,14,14,1,0,1,8,3,5,65,30,35
BASTROP COUNTY,021,77 Years,449,205,244,352,162,190,28,16,12,1,1,0,8,4,4,60,22,38
BASTROP COUNTY,021,78 Years,414,194,220,315,145,170,28,18,10,1,0,1,6,3,3,64,28,36
BASTROP COUNTY,021,79 Years,396,186,210,313,149,164,17,9,8,4,1,3,6,3,3,56,24,32
BASTROP COUNTY,021,80 Years,339,162,177,276,130,146,16,7,9,3,1,2,4,3,1,40,21,19
BASTROP COUNTY,021,81 Years,306,134,172,249,110,139,15,6,9,4,2,2,6,3,3,32,13,19
BASTROP COUNTY,021,82 Years,310,128,182,245,104,141,20,7,13,2,0,2,3,1,2,40,16,24
BASTROP COUNTY,021,83 Years,242,103,139,187,82,105,15,7,8,2,1,1,2,1,1,36,12,24
BASTROP COUNTY,021,84 Years,223,97,126,181,84,97,14,4,10,0,0,0,2,0,2,26,9,17
BASTROP COUNTY,021,85 Years,196,80,116,154,68,86,14,4,10,1,0,1,2,0,2,25,8,17
BASTROP COUNTY,021,86 Years,186,80,106,133,62,71,11,4,7,1,0,1,5,2,3,36,12,24
BASTROP COUNTY,021,87 Years,163,72,91,123,53,70,10,4,6,1,1,0,2,2,0,27,12,15
BASTROP COUNTY,021,88 Years,148,59,89,107,45,62,11,4,7,1,1,0,3,1,2,26,8,18
BASTROP COUNTY,021,89 Years,127,48,79,97,37,60,9,4,5,1,1,0,2,1,1,18,5,13
BASTROP COUNTY,021,90 Years,99,32,67,76,24,52,6,1,5,1,1,0,2,1,1,14,5,9
BASTROP COUNTY,021,91 Years,86,29,57,65,21,44,8,3,5,0,0,0,2,0,2,11,5,6
BASTROP COUNTY,021,92 Years,81,28,53,60,20,40,6,3,3,0,0,0,2,1,1,13,4,9
BASTROP COUNTY,021,93 Years,56,20,36,41,15,26,5,2,3,0,0,0,1,0,1,9,3,6
BASTROP COUNTY,021,94 Years,43,15,28,29,10,19,5,2,3,1,0,1,0,0,0,8,3,5
BASTROP COUNTY,021,95 Years +,106,29,77,71,15,56,12,3,9,1,0,1,1,1,0,21,10,11
BAYLOR COUNTY,023,All Ages,3776,1851,1925,3137,1551,1586,77,39,38,5,0,5,80,33,47,477,228,249
BAYLOR COUNTY,023,< 1 Year,45,20,25,40,18,22,0,0,0,0,0,0,0,0,0,5,2,3
BAYLOR COUNTY,023,1 Years,46,20,26,34,16,18,0,0,0,1,0,1,8,3,5,3,1,2
BAYLOR COUNTY,023,2 Years,52,24,28,40,20,20,0,0,0,0,0,0,7,2,5,5,2,3
BAYLOR COUNTY,023,3 Years,43,21,22,34,19,15,0,0,0,0,0,0,7,1,6,2,1,1
BAYLOR COUNTY,023,4 Years,49,27,22,39,22,17,1,0,1,0,0,0,4,2,2,5,3,2
BAYLOR COUNTY,023,5 Years,42,25,17,34,19,15,1,1,0,0,0,0,5,4,1,2,1,1
BAYLOR COUNTY,023,6 Years,48,24,24,40,19,21,2,1,1,0,0,0,0,0,0,6,4,2
BAYLOR COUNTY,023,7 Years,51,28,23,42,24,18,0,0,0,0,0,0,3,1,2,6,3,3
BAYLOR COUNTY,023,8 Years,43,21,22,30,16,14,2,0,2,0,0,0,2,2,0,9,3,6
BAYLOR COUNTY,023,9 Years,34,22,12,23,15,8,2,1,1,0,0,0,1,1,0,8,5,3
BAYLOR COUNTY,023,10 Years,51,31,20,36,20,16,1,1,0,0,0,0,2,2,0,12,8,4
BAYLOR COUNTY,023,11 Years,56,37,19,41,30,11,1,1,0,0,0,0,2,0,2,12,6,6
BAYLOR COUNTY,023,12 Years,50,25,25,38,19,19,1,1,0,0,0,0,2,1,1,9,4,5
BAYLOR COUNTY,023,13 Years,42,16,26,35,14,21,0,0,0,0,0,0,1,0,1,6,2,4
BAYLOR COUNTY,023,14 Years,40,19,21,31,14,17,1,1,0,0,0,0,1,0,1,7,4,3
BAYLOR COUNTY,023,15 Years,45,22,23,34,16,18,1,1,0,0,0,0,1,1,0,9,4,5
BAYLOR COUNTY,023,16 Years,48,25,23,36,20,16,2,1,1,0,0,0,0,0,0,10,4,6
BAYLOR COUNTY,023,17 Years,49,25,24,38,21,17,2,0,2,0,0,0,1,1,0,8,3,5
BAYLOR COUNTY,023,18 Years,44,22,22,33,16,17,0,0,0,0,0,0,0,0,0,11,6,5
BAYLOR COUNTY,023,19 Years,41,20,21,29,15,14,1,0,1,0,0,0,1,0,1,10,5,5
BAYLOR COUNTY,023,20 Years,36,18,18,21,9,12,2,1,1,0,0,0,1,1,0,12,7,5
BAYLOR COUNTY,023,21 Years,32,18,14,25,13,12,1,1,0,0,0,0,0,0,0,6,4,2
BAYLOR COUNTY,023,22 Years,34,19,15,26,15,11,0,0,0,0,0,0,0,0,0,8,4,4
BAYLOR COUNTY,023,23 Years,33,18,15,28,16,12,0,0,0,0,0,0,0,0,0,5,2,3
BAYLOR COUNTY,023,24 Years,41,23,18,32,18,14,0,0,0,0,0,0,0,0,0,9,5,4
BAYLOR COUNTY,023,25 Years,42,16,26,32,13,19,0,0,0,0,0,0,0,0,0,10,3,7
BAYLOR COUNTY,023,26 Years,44,19,25,33,13,20,1,1,0,0,0,0,0,0,0,10,5,5
BAYLOR COUNTY,023,27 Years,43,21,22,34,15,19,1,0,1,0,0,0,0,0,0,8,6,2
BAYLOR COUNTY,023,28 Years,43,22,21,37,19,18,0,0,0,0,0,0,0,0,0,6,3,3
BAYLOR COUNTY,023,29 Years,36,14,22,30,12,18,0,0,0,0,0,0,0,0,0,6,2,4
BAYLOR COUNTY,023,30 Years,31,13,18,25,11,14,0,0,0,0,0,0,0,0,0,6,2,4
BAYLOR COUNTY,023,31 Years,33,17,16,28,15,13,0,0,0,0,0,0,0,0,0,5,2,3
BAYLOR COUNTY,023,32 Years,48,26,22,42,23,19,1,1,0,0,0,0,0,0,0,5,2,3
BAYLOR COUNTY,023,33 Years,44,22,22,35,18,17,0,0,0,0,0,0,0,0,0,9,4,5
BAYLOR COUNTY,023,34 Years,30,15,15,25,12,13,0,0,0,0,0,0,0,0,0,5,3,2
BAYLOR COUNTY,023,35 Years,35,13,22,31,11,20,0,0,0,0,0,0,0,0,0,4,2,2
BAYLOR COUNTY,023,36 Years,41,20,21,34,19,15,1,1,0,0,0,0,1,0,1,5,0,5
BAYLOR COUNTY,023,37 Years,43,25,18,29,17,12,0,0,0,0,0,0,1,1,0,13,7,6
BAYLOR COUNTY,023,38 Years,39,21,18,27,16,11,0,0,0,1,0,1,0,0,0,11,5,6
BAYLOR COUNTY,023,39 Years,36,19,17,33,18,15,1,0,1,0,0,0,0,0,0,2,1,1
BAYLOR COUNTY,023,40 Years,38,17,21,34,14,20,0,0,0,0,0,0,0,0,0,4,3,1
BAYLOR COUNTY,023,41 Years,36,18,18,30,15,15,0,0,0,0,0,0,0,0,0,6,3,3
BAYLOR COUNTY,023,42 Years,31,14,17,27,13,14,0,0,0,0,0,0,0,0,0,4,1,3
BAYLOR COUNTY,023,43 Years,24,11,13,21,9,12,0,0,0,0,0,0,0,0,0,3,2,1
BAYLOR COUNTY,023,44 Years,36,18,18,30,15,15,2,2,0,0,0,0,0,0,0,4,1,3
BAYLOR COUNTY,023,45 Years,32,16,16,28,14,14,1,1,0,0,0,0,0,0,0,3,1,2
BAYLOR COUNTY,023,46 Years,43,17,26,38,16,22,0,0,0,0,0,0,1,0,1,4,1,3
BAYLOR COUNTY,023,47 Years,40,18,22,34,16,18,0,0,0,0,0,0,0,0,0,6,2,4
BAYLOR COUNTY,023,48 Years,53,30,23,48,27,21,0,0,0,0,0,0,0,0,0,5,3,2
BAYLOR COUNTY,023,49 Years,44,23,21,38,20,18,1,0,1,0,0,0,0,0,0,5,3,2
BAYLOR COUNTY,023,50 Years,39,14,25,33,11,22,1,0,1,0,0,0,0,0,0,5,3,2
BAYLOR COUNTY,023,51 Years,46,17,29,38,14,24,1,0,1,0,0,0,1,0,1,6,3,3
BAYLOR COUNTY,023,52 Years,54,26,28,46,22,24,3,2,1,0,0,0,0,0,0,5,2,3
BAYLOR COUNTY,023,53 Years,57,29,28,50,26,24,2,1,1,0,0,0,0,0,0,5,2,3
BAYLOR COUNTY,023,54 Years,49,27,22,41,21,20,2,2,0,0,0,0,0,0,0,6,4,2
BAYLOR COUNTY,023,55 Years,48,28,20,43,25,18,1,1,0,0,0,0,0,0,0,4,2,2
BAYLOR COUNTY,023,56 Years,49,26,23,43,23,20,0,0,0,0,0,0,0,0,0,6,3,3
BAYLOR COUNTY,023,57 Years,56,33,23,51,31,20,2,1,1,0,0,0,0,0,0,3,1,2
BAYLOR COUNTY,023,58 Years,53,27,26,44,24,20,2,0,2,0,0,0,1,1,0,6,2,4
BAYLOR COUNTY,023,59 Years,65,31,34,55,27,28,3,1,2,0,0,0,1,0,1,6,3,3
BAYLOR COUNTY,023,60 Years,57,27,30,49,23,26,1,1,0,0,0,0,0,0,0,7,3,4
BAYLOR COUNTY,023,61 Years,65,31,34,54,27,27,1,0,1,0,0,0,1,1,0,9,3,6
BAYLOR COUNTY,023,62 Years,55,33,22,44,26,18,1,1,0,0,0,0,1,1,0,9,5,4
BAYLOR COUNTY,023,63 Years,57,30,27,49,27,22,1,1,0,0,0,0,2,0,2,5,2,3
BAYLOR COUNTY,023,64 Years,50,28,22,45,25,20,0,0,0,0,0,0,3,2,1,2,1,1
BAYLOR COUNTY,023,65 Years,53,28,25,47,25,22,1,0,1,0,0,0,2,2,0,3,1,2
BAYLOR COUNTY,023,66 Years,51,25,26,44,20,24,1,1,0,0,0,0,2,1,1,4,3,1
BAYLOR COUNTY,023,67 Years,48,23,25,42,21,21,0,0,0,0,0,0,2,0,2,4,2,2
BAYLOR COUNTY,023,68 Years,46,21,25,40,18,22,0,0,0,0,0,0,2,0,2,4,3,1
BAYLOR COUNTY,023,69 Years,40,17,23,37,16,21,1,1,0,1,0,1,1,0,1,0,0,0
BAYLOR COUNTY,023,70 Years,38,17,21,34,15,19,1,0,1,0,0,0,0,0,0,3,2,1
BAYLOR COUNTY,023,71 Years,40,20,20,35,16,19,0,0,0,0,0,0,1,1,0,4,3,1
BAYLOR COUNTY,023,72 Years,46,19,27,38,16,22,3,0,3,0,0,0,1,1,0,4,2,2
BAYLOR COUNTY,023,73 Years,35,13,22,29,12,17,3,0,3,0,0,0,1,0,1,2,1,1
BAYLOR COUNTY,023,74 Years,51,22,29,47,21,26,1,0,1,0,0,0,0,0,0,3,1,2
BAYLOR COUNTY,023,75 Years,49,23,26,44,22,22,1,0,1,0,0,0,1,0,1,3,1,2
BAYLOR COUNTY,023,76 Years,37,18,19,36,18,18,1,0,1,0,0,0,0,0,0,0,0,0
BAYLOR COUNTY,023,77 Years,33,12,21,31,11,20,1,1,0,0,0,0,0,0,0,1,0,1
BAYLOR COUNTY,023,78 Years,32,14,18,28,12,16,1,1,0,0,0,0,0,0,0,3,1,2
BAYLOR COUNTY,023,79 Years,31,19,12,27,16,11,1,1,0,0,0,0,0,0,0,3,2,1
BAYLOR COUNTY,023,80 Years,33,22,11,29,21,8,1,0,1,1,0,1,0,0,0,2,1,1
BAYLOR COUNTY,023,81 Years,26,14,12,24,13,11,0,0,0,0,0,0,0,0,0,2,1,1
BAYLOR COUNTY,023,82 Years,33,11,22,30,10,20,2,1,1,1,0,1,0,0,0,0,0,0
BAYLOR COUNTY,023,83 Years,33,13,20,29,11,18,1,1,0,0,0,0,0,0,0,3,1,2
BAYLOR COUNTY,023,84 Years,24,11,13,19,9,10,1,1,0,0,0,0,1,0,1,3,1,2
BAYLOR COUNTY,023,85 Years,26,8,18,22,6,16,2,1,1,0,0,0,0,0,0,2,1,1
BAYLOR COUNTY,023,86 Years,16,4,12,14,4,10,1,0,1,0,0,0,0,0,0,1,0,1
BAYLOR COUNTY,023,87 Years,14,6,8,11,5,6,1,1,0,0,0,0,2,0,2,0,0,0
BAYLOR COUNTY,023,88 Years,9,3,6,8,3,5,0,0,0,0,0,0,1,0,1,0,0,0
BAYLOR COUNTY,023,89 Years,9,3,6,8,3,5,0,0,0,0,0,0,0,0,0,1,0,1
BAYLOR COUNTY,023,90 Years,12,3,9,12,3,9,0,0,0,0,0,0,0,0,0,0,0,0
BAYLOR COUNTY,023,91 Years,14,8,6,13,7,6,0,0,0,0,0,0,0,0,0,1,1,0
BAYLOR COUNTY,023,92 Years,7,3,4,7,3,4,0,0,0,0,0,0,0,0,0,0,0,0
BAYLOR COUNTY,023,93 Years,5,2,3,5,2,3,0,0,0,0,0,0,0,0,0,0,0,0
BAYLOR COUNTY,023,94 Years,6,2,4,4,1,3,1,1,0,0,0,0,0,0,0,1,0,1
BAYLOR COUNTY,023,95 Years +,19,5,14,16,4,12,0,0,0,0,0,0,1,0,1,2,1,1
BEE COUNTY,025,All Ages,33671,20342,13329,10528,6530,3998,2686,2456,230,174,81,93,351,169,182,19932,11106,8826
BEE COUNTY,025,< 1 Year,398,197,201,83,40,43,13,6,7,0,0,0,7,3,4,295,148,147
BEE COUNTY,025,1 Years,417,207,210,84,42,42,13,7,6,1,1,0,7,3,4,312,154,158
BEE COUNTY,025,2 Years,451,232,219,85,46,39,14,8,6,1,1,0,5,3,2,346,174,172
BEE COUNTY,025,3 Years,466,247,219,86,49,37,12,8,4,1,1,0,7,3,4,360,186,174
BEE COUNTY,025,4 Years,447,237,210,85,44,41,12,8,4,1,0,1,6,2,4,343,183,160
BEE COUNTY,025,5 Years,436,228,208,87,44,43,9,5,4,1,0,1,6,2,4,333,177,156
BEE COUNTY,025,6 Years,419,209,210,79,36,43,11,4,7,1,1,0,9,4,5,319,164,155
BEE COUNTY,025,7 Years,419,194,225,84,31,53,18,15,3,1,1,0,9,2,7,307,145,162
BEE COUNTY,025,8 Years,375,185,190,76,36,40,16,14,2,1,1,0,8,4,4,274,130,144
BEE COUNTY,025,9 Years,378,191,187,74,39,35,16,14,2,2,1,1,10,4,6,276,133,143
BEE COUNTY,025,10 Years,413,206,207,93,49,44,7,5,2,0,0,0,7,3,4,306,149,157
BEE COUNTY,025,11 Years,408,221,187,89,48,41,4,2,2,2,2,0,8,4,4,305,165,140
BEE COUNTY,025,12 Years,386,197,189,88,51,37,5,3,2,2,2,0,6,4,2,285,137,148
BEE COUNTY,025,13 Years,377,190,187,78,40,38,4,1,3,1,1,0,6,4,2,288,144,144
BEE COUNTY,025,14 Years,382,185,197,78,41,37,6,3,3,2,2,0,8,5,3,288,134,154
BEE COUNTY,025,15 Years,359,193,166,72,43,29,6,3,3,2,0,2,4,2,2,275,145,130
BEE COUNTY,025,16 Years,404,214,190,83,52,31,14,13,1,0,0,0,4,4,0,303,145,158
BEE COUNTY,025,17 Years,410,212,198,71,33,38,9,6,3,5,4,1,6,3,3,319,166,153
BEE COUNTY,025,18 Years,450,268,182,92,53,39,25,22,3,2,1,1,5,3,2,326,189,137
BEE COUNTY,025,19 Years,471,304,167,98,66,32,46,44,2,1,1,0,4,2,2,322,191,131
BEE COUNTY,025,20 Years,513,359,154,113,84,29,58,55,3,2,2,0,7,5,2,333,213,120
BEE COUNTY,025,21 Years,545,385,160,118,81,37,62,60,2,1,1,0,5,4,1,359,239,120
BEE COUNTY,025,22 Years,530,354,176,119,77,42,58,55,3,2,1,1,5,4,1,346,217,129
BEE COUNTY,025,23 Years,574,408,166,145,110,35,65,62,3,3,2,1,7,4,3,354,230,124
BEE COUNTY,025,24 Years,595,403,192,179,131,48,56,52,4,2,1,1,10,5,5,348,214,134
BEE COUNTY,025,25 Years,604,385,219,165,102,63,71,66,5,2,1,1,8,3,5,358,213,145
BEE COUNTY,025,26 Years,727,509,218,231,153,78,99,93,6,6,5,1,4,2,2,387,256,131
BEE COUNTY,025,27 Years,663,452,211,196,133,63,90,82,8,3,2,1,1,0,1,373,235,138
BEE COUNTY,025,28 Years,622,436,186,186,129,57,83,78,5,2,1,1,2,0,2,349,228,121
BEE COUNTY,025,29 Years,604,445,159,189,148,41,76,74,2,2,1,1,5,3,2,332,219,113
BEE COUNTY,025,30 Years,579,412,167,169,126,43,62,61,1,2,1,1,5,1,4,341,223,118
BEE COUNTY,025,31 Years,595,428,167,182,133,49,79,76,3,1,0,1,4,2,2,329,217,112
BEE COUNTY,025,32 Years,562,386,176,178,129,49,64,61,3,2,1,1,5,2,3,313,193,120
BEE COUNTY,025,33 Years,574,398,176,165,124,41,70,69,1,3,1,2,2,1,1,334,203,131
BEE COUNTY,025,34 Years,578,407,171,160,119,41,73,71,2,2,1,1,4,3,1,339,213,126
BEE COUNTY,025,35 Years,531,372,159,163,122,41,64,59,5,1,1,0,4,2,2,299,188,111
BEE COUNTY,025,36 Years,553,392,161,170,129,41,59,58,1,2,1,1,3,1,2,319,203,116
BEE COUNTY,025,37 Years,521,363,158,169,123,46,58,55,3,2,2,0,4,2,2,288,181,107
BEE COUNTY,025,38 Years,496,372,124,163,133,30,60,59,1,2,0,2,5,5,0,266,175,91
BEE COUNTY,025,39 Years,513,379,134,179,145,34,71,68,3,4,2,2,5,1,4,254,163,91
BEE COUNTY,025,40 Years,454,310,144,154,119,35,52,51,1,2,0,2,6,3,3,240,137,103
BEE COUNTY,025,41 Years,445,310,135,145,111,34,54,53,1,1,0,1,3,2,1,242,144,98
BEE COUNTY,025,42 Years,415,283,132,145,107,38,53,53,0,3,1,2,3,3,0,211,119,92
BEE COUNTY,025,43 Years,426,288,138,152,112,40,51,50,1,4,2,2,4,3,1,215,121,94
BEE COUNTY,025,44 Years,431,295,136,149,109,40,46,46,0,5,2,3,2,1,1,229,137,92
BEE COUNTY,025,45 Years,421,279,142,137,95,42,56,55,1,3,1,2,4,2,2,221,126,95
BEE COUNTY,025,46 Years,455,308,147,158,109,49,53,51,2,2,2,0,5,2,3,237,144,93
BEE COUNTY,025,47 Years,464,316,148,166,126,40,53,51,2,4,1,3,4,2,2,237,136,101
BEE COUNTY,025,48 Years,420,292,128,149,105,44,47,44,3,2,0,2,5,5,0,217,138,79
BEE COUNTY,025,49 Years,427,293,134,159,115,44,47,44,3,2,1,1,3,1,2,216,132,84
BEE COUNTY,025,50 Years,398,237,161,139,88,51,47,46,1,5,3,2,3,1,2,204,99,105
BEE COUNTY,025,51 Years,385,241,144,139,86,53,34,32,2,3,1,2,4,3,1,205,119,86
BEE COUNTY,025,52 Years,422,276,146,130,93,37,62,59,3,5,2,3,3,1,2,222,121,101
BEE COUNTY,025,53 Years,436,283,153,143,94,49,51,50,1,4,3,1,4,3,1,234,133,101
BEE COUNTY,025,54 Years,406,248,158,149,94,55,36,33,3,2,2,0,1,0,1,218,119,99
BEE COUNTY,025,55 Years,357,197,160,125,72,53,29,26,3,2,0,2,4,2,2,197,97,100
BEE COUNTY,025,56 Years,363,206,157,135,73,62,30,27,3,7,2,5,2,0,2,189,104,85
BEE COUNTY,025,57 Years,362,209,153,142,83,59,32,27,5,2,0,2,3,1,2,183,98,85
BEE COUNTY,025,58 Years,348,189,159,132,75,57,21,17,4,3,0,3,1,0,1,191,97,94
BEE COUNTY,025,59 Years,364,198,166,158,92,66,19,17,2,2,0,2,1,0,1,184,89,95
BEE COUNTY,025,60 Years,334,189,145,151,83,68,22,18,4,2,0,2,3,0,3,156,88,68
BEE COUNTY,025,61 Years,333,167,166,147,70,77,13,10,3,2,0,2,2,0,2,169,87,82
BEE COUNTY,025,62 Years,346,184,162,147,78,69,16,12,4,2,0,2,4,4,0,177,90,87
BEE COUNTY,025,63 Years,311,167,144,133,70,63,15,14,1,0,0,0,4,3,1,159,80,79
BEE COUNTY,025,64 Years,320,179,141,137,74,63,17,15,2,1,0,1,4,1,3,161,89,72
BEE COUNTY,025,65 Years,285,141,144,115,52,63,12,9,3,2,1,1,2,0,2,154,79,75
BEE COUNTY,025,66 Years,271,124,147,116,54,62,7,6,1,2,1,1,1,0,1,145,63,82
BEE COUNTY,025,67 Years,251,117,134,116,53,63,4,3,1,2,0,2,1,1,0,128,60,68
BEE COUNTY,025,68 Years,246,111,135,105,51,54,3,1,2,3,0,3,1,0,1,134,59,75
BEE COUNTY,025,69 Years,276,133,143,127,67,60,5,1,4,1,0,1,2,0,2,141,65,76
BEE COUNTY,025,70 Years,246,112,134,114,54,60,5,1,4,1,1,0,4,1,3,122,55,67
BEE COUNTY,025,71 Years,202,102,100,87,46,41,3,1,2,2,2,0,2,1,1,108,52,56
BEE COUNTY,025,72 Years,204,98,106,96,44,52,5,2,3,1,1,0,3,2,1,99,49,50
BEE COUNTY,025,73 Years,194,89,105,93,46,47,6,3,3,0,0,0,4,1,3,91,39,52
BEE COUNTY,025,74 Years,197,82,115,102,46,56,3,1,2,1,0,1,1,0,1,90,35,55
BEE COUNTY,025,75 Years,157,66,91,83,39,44,5,1,4,2,1,1,1,0,1,66,25,41
BEE COUNTY,025,76 Years,149,68,81,71,35,36,6,1,5,1,0,1,3,2,1,68,30,38
BEE COUNTY,025,77 Years,153,67,86,74,33,41,4,3,1,1,0,1,1,1,0,73,30,43
BEE COUNTY,025,78 Years,132,62,70,71,34,37,4,4,0,1,0,1,0,0,0,56,24,32
BEE COUNTY,025,79 Years,122,57,65,57,28,29,3,2,1,1,1,0,2,0,2,59,26,33
BEE COUNTY,025,80 Years,109,49,60,54,26,28,5,2,3,1,1,0,2,1,1,47,19,28
BEE COUNTY,025,81 Years,110,44,66,47,21,26,1,0,1,1,0,1,1,1,0,60,22,38
BEE COUNTY,025,82 Years,104,43,61,49,21,28,3,3,0,0,0,0,1,0,1,51,19,32
BEE COUNTY,025,83 Years,90,44,46,42,18,24,2,2,0,0,0,0,1,0,1,45,24,21
BEE COUNTY,025,84 Years,86,35,51,37,15,22,1,1,0,2,1,1,0,0,0,46,18,28
BEE COUNTY,025,85 Years,75,30,45,34,13,21,1,1,0,1,1,0,0,0,0,39,15,24
BEE COUNTY,025,86 Years,68,25,43,35,15,20,1,1,0,0,0,0,1,0,1,31,9,22
BEE COUNTY,025,87 Years,66,25,41,37,15,22,0,0,0,0,0,0,2,0,2,27,10,17
BEE COUNTY,025,88 Years,58,23,35,28,10,18,0,0,0,1,0,1,1,0,1,28,13,15
BEE COUNTY,025,89 Years,43,17,26,22,10,12,0,0,0,1,0,1,1,0,1,19,7,12
BEE COUNTY,025,90 Years,46,15,31,23,9,14,0,0,0,0,0,0,1,0,1,22,6,16
BEE COUNTY,025,91 Years,31,16,15,16,7,9,0,0,0,0,0,0,1,1,0,14,8,6
BEE COUNTY,025,92 Years,31,13,18,15,6,9,0,0,0,0,0,0,2,0,2,14,7,7
BEE COUNTY,025,93 Years,25,9,16,12,5,7,1,0,1,1,0,1,0,0,0,11,4,7
BEE COUNTY,025,94 Years,15,4,11,6,2,4,0,0,0,0,0,0,0,0,0,9,2,7
BEE COUNTY,025,95 Years +,41,15,26,19,8,11,2,1,1,2,0,2,0,0,0,18,6,12
BELL COUNTY,027,All Ages,347284,174171,173113,159240,80192,79048,73202,37077,36125,10350,4228,6122,17180,8414,8766,87312,44260,43052
BELL COUNTY,027,< 1 Year,6037,3024,3013,2031,1035,996,1238,616,622,86,47,39,460,242,218,2222,1084,1138
BELL COUNTY,027,1 Years,6100,3088,3012,2152,1105,1047,1235,610,625,101,56,45,511,271,240,2101,1046,1055
BELL COUNTY,027,2 Years,6157,3119,3038,2277,1163,1114,1233,604,629,111,60,51,534,281,253,2002,1011,991
BELL COUNTY,027,3 Years,6206,3172,3034,2406,1232,1174,1215,604,611,122,64,58,571,294,277,1892,978,914
BELL COUNTY,027,4 Years,6080,3094,2986,2396,1211,1185,1166,587,579,124,62,62,545,271,274,1849,963,886
BELL COUNTY,027,5 Years,6044,3097,2947,2404,1210,1194,1140,585,555,129,64,65,543,271,272,1828,967,861
BELL COUNTY,027,6 Years,6085,3119,2966,2433,1233,1200,1156,584,572,128,65,63,532,267,265,1836,970,866
BELL COUNTY,027,7 Years,5327,2805,2522,2092,1142,950,1028,538,490,107,51,56,462,241,221,1638,833,805
BELL COUNTY,027,8 Years,5722,2957,2765,2187,1159,1028,1131,575,556,104,54,50,545,266,279,1755,903,852
BELL COUNTY,027,9 Years,5760,2962,2798,2248,1151,1097,1174,602,572,99,49,50,514,260,254,1725,900,825
BELL COUNTY,027,10 Years,5631,2891,2740,2088,1095,993,1211,623,588,98,40,58,466,237,229,1768,896,872
BELL COUNTY,027,11 Years,5460,2808,2652,2011,1023,988,1230,631,599,92,46,46,420,211,209,1707,897,810
BELL COUNTY,027,12 Years,5278,2698,2580,1960,1016,944,1188,588,600,99,61,38,428,216,212,1603,817,786
BELL COUNTY,027,13 Years,5144,2664,2480,1955,1024,931,1091,545,546,93,45,48,394,202,192,1611,848,763
BELL COUNTY,027,14 Years,4956,2547,2409,1870,949,921,1118,566,552,102,51,51,339,181,158,1527,800,727
BELL COUNTY,027,15 Years,4998,2571,2427,1903,973,930,1156,584,572,95,53,42,325,165,160,1519,796,723
BELL COUNTY,027,16 Years,5064,2588,2476,1920,997,923,1178,599,579,114,66,48,308,157,151,1544,769,775
BELL COUNTY,027,17 Years,5323,2793,2530,1987,1056,931,1228,638,590,113,71,42,322,176,146,1673,852,821
BELL COUNTY,027,18 Years,5052,2703,2349,1842,966,876,1176,630,546,113,74,39,287,142,145,1634,891,743
BELL COUNTY,027,19 Years,4953,2719,2234,1836,1044,792,1149,672,477,106,61,45,265,123,142,1597,819,778
BELL COUNTY,027,20 Years,5213,2815,2398,2117,1145,972,1128,667,461,136,65,71,281,144,137,1551,794,757
BELL COUNTY,027,21 Years,5661,3174,2487,2444,1391,1053,1195,693,502,157,89,68,275,142,133,1590,859,731
BELL COUNTY,027,22 Years,6011,3267,2744,2614,1461,1153,1366,724,642,154,85,69,263,141,122,1614,856,758
BELL COUNTY,027,23 Years,6346,3475,2871,2758,1547,1211,1551,829,722,160,67,93,268,141,127,1609,891,718
BELL COUNTY,027,24 Years,6514,3480,3034,2870,1546,1324,1609,854,755,207,116,91,267,128,139,1561,836,725
BELL COUNTY,027,25 Years,6532,3500,3032,3001,1651,1350,1588,854,734,254,123,131,280,146,134,1409,726,683
BELL COUNTY,027,26 Years,6696,3537,3159,3104,1682,1422,1474,763,711,267,131,136,306,161,145,1545,800,745
BELL COUNTY,027,27 Years,6681,3448,3233,3079,1615,1464,1452,737,715,244,100,144,302,145,157,1604,851,753
BELL COUNTY,027,28 Years,6240,3045,3195,2908,1384,1524,1368,672,696,182,94,88,275,111,164,1507,784,723
BELL COUNTY,027,29 Years,5997,3022,2975,2780,1380,1400,1271,649,622,216,108,108,266,113,153,1464,772,692
BELL COUNTY,027,30 Years,5737,2993,2744,2633,1430,1203,1222,639,583,192,85,107,250,101,149,1440,738,702
BELL COUNTY,027,31 Years,5384,2762,2622,2279,1230,1049,1222,612,610,177,63,114,280,132,148,1426,725,701
BELL COUNTY,027,32 Years,5278,2727,2551,2154,1160,994,1173,594,579,153,77,76,273,130,143,1525,766,759
BELL COUNTY,027,33 Years,4957,2518,2439,1956,1020,936,1153,587,566,134,81,53,250,121,129,1464,709,755
BELL COUNTY,027,34 Years,4974,2481,2493,1935,973,962,1154,587,567,154,76,78,256,123,133,1475,722,753
BELL COUNTY,027,35 Years,4937,2463,2474,1892,966,926,1182,605,577,169,75,94,248,115,133,1446,702,744
BELL COUNTY,027,36 Years,4914,2436,2478,1934,976,958,1169,593,576,167,69,98,238,109,129,1406,689,717
BELL COUNTY,027,37 Years,4921,2479,2442,1929,963,966,1214,639,575,163,68,95,230,94,136,1385,715,670
BELL COUNTY,027,38 Years,4596,2304,2292,1924,965,959,1106,569,537,125,53,72,208,95,113,1233,622,611
BELL COUNTY,027,39 Years,4417,2160,2257,1893,936,957,1014,510,504,131,51,80,219,106,113,1160,557,603
BELL COUNTY,027,40 Years,4252,2125,2127,1861,935,926,958,489,469,136,49,87,183,89,94,1114,563,551
BELL COUNTY,027,41 Years,4065,2019,2046,1814,912,902,889,437,452,147,62,85,160,83,77,1055,525,530
BELL COUNTY,027,42 Years,4086,2001,2085,1834,907,927,909,450,459,136,51,85,159,70,89,1048,523,525
BELL COUNTY,027,43 Years,3856,1893,1963,1779,890,889,872,443,429,125,47,78,151,66,85,929,447,482
BELL COUNTY,027,44 Years,3903,1896,2007,1833,890,943,876,449,427,145,52,93,153,64,89,896,441,455
BELL COUNTY,027,45 Years,3979,1995,1984,1939,986,953,895,462,433,116,43,73,137,59,78,892,445,447
BELL COUNTY,027,46 Years,3929,1900,2029,1945,974,971,900,432,468,117,45,72,119,46,73,848,403,445
BELL COUNTY,027,47 Years,3847,1838,2009,1918,923,995,884,435,449,120,43,77,118,53,65,807,384,423
BELL COUNTY,027,48 Years,3588,1720,1868,1764,833,931,839,413,426,120,49,71,100,47,53,765,378,387
BELL COUNTY,027,49 Years,3504,1675,1829,1684,816,868,791,384,407,118,41,77,104,42,62,807,392,415
BELL COUNTY,027,50 Years,3427,1701,1726,1715,870,845,781,380,401,104,35,69,94,38,56,733,378,355
BELL COUNTY,027,51 Years,3483,1729,1754,1752,875,877,804,408,396,120,42,78,85,43,42,722,361,361
BELL COUNTY,027,52 Years,3714,1824,1890,1877,949,928,847,407,440,145,53,92,89,41,48,756,374,382
BELL COUNTY,027,53 Years,3735,1766,1969,1943,951,992,820,383,437,139,43,96,97,37,60,736,352,384
BELL COUNTY,027,54 Years,3651,1739,1912,1913,913,1000,814,394,420,122,44,78,81,36,45,721,352,369
BELL COUNTY,027,55 Years,3568,1686,1882,1849,885,964,844,384,460,142,53,89,85,36,49,648,328,320
BELL COUNTY,027,56 Years,3465,1591,1874,1829,846,983,823,370,453,120,47,73,82,35,47,611,293,318
BELL COUNTY,027,57 Years,3615,1752,1863,1941,959,982,802,387,415,147,52,95,75,38,37,650,316,334
BELL COUNTY,027,58 Years,3313,1578,1735,1780,853,927,735,361,374,130,44,86,59,30,29,609,290,319
BELL COUNTY,027,59 Years,3293,1588,1705,1810,893,917,665,339,326,135,31,104,79,34,45,604,291,313
BELL COUNTY,027,60 Years,3278,1565,1713,1817,867,950,665,346,319,152,33,119,72,37,35,572,282,290
BELL COUNTY,027,61 Years,3099,1427,1672,1751,815,936,627,298,329,129,27,102,60,30,30,532,257,275
BELL COUNTY,027,62 Years,3030,1442,1588,1738,835,903,553,273,280,143,32,111,70,36,34,526,266,260
BELL COUNTY,027,63 Years,2835,1334,1501,1687,767,920,505,271,234,132,37,95,58,30,28,453,229,224
BELL COUNTY,027,64 Years,2641,1267,1374,1593,773,820,463,237,226,136,34,102,54,20,34,395,203,192
BELL COUNTY,027,65 Years,2456,1143,1313,1492,733,759,415,187,228,115,25,90,47,18,29,387,180,207
BELL COUNTY,027,66 Years,2437,1145,1292,1481,726,755,401,190,211,122,24,98,43,20,23,390,185,205
BELL COUNTY,027,67 Years,2437,1132,1305,1536,742,794,389,178,211,120,22,98,55,20,35,337,170,167
BELL COUNTY,027,68 Years,2380,1136,1244,1538,757,781,349,166,183,104,23,81,59,24,35,330,166,164
BELL COUNTY,027,69 Years,2322,1083,1239,1541,720,821,323,167,156,100,21,79,56,29,27,302,146,156
BELL COUNTY,027,70 Years,2294,1089,1205,1587,770,817,284,144,140,89,18,71,43,21,22,291,136,155
BELL COUNTY,027,71 Years,1832,859,973,1208,587,621,251,112,139,83,19,64,34,17,17,256,124,132
BELL COUNTY,027,72 Years,1678,780,898,1109,526,583,218,103,115,67,18,49,39,17,22,245,116,129
BELL COUNTY,027,73 Years,1590,743,847,1076,512,564,205,100,105,61,13,48,29,17,12,219,101,118
BELL COUNTY,027,74 Years,1497,695,802,1031,496,535,209,96,113,56,15,41,30,14,16,171,74,97
BELL COUNTY,027,75 Years,1420,652,768,969,452,517,192,97,95,53,14,39,25,14,11,181,75,106
BELL COUNTY,027,76 Years,1335,607,728,919,421,498,184,83,101,50,14,36,26,14,12,156,75,81
BELL COUNTY,027,77 Years,1207,536,671,838,383,455,156,66,90,45,12,33,22,12,10,146,63,83
BELL COUNTY,027,78 Years,1056,481,575,751,344,407,127,60,67,40,10,30,11,5,6,127,62,65
BELL COUNTY,027,79 Years,1019,443,576,753,341,412,106,44,62,37,9,28,8,4,4,115,45,70
BELL COUNTY,027,80 Years,963,411,552,712,315,397,94,35,59,33,10,23,14,7,7,110,44,66
BELL COUNTY,027,81 Years,872,371,501,635,279,356,85,37,48,28,7,21,14,8,6,110,40,70
BELL COUNTY,027,82 Years,796,336,460,578,251,327,83,36,47,24,5,19,16,7,9,95,37,58
BELL COUNTY,027,83 Years,736,319,417,543,239,304,78,32,46,21,5,16,12,6,6,82,37,45
BELL COUNTY,027,84 Years,682,283,399,499,216,283,80,29,51,24,5,19,12,5,7,67,28,39
BELL COUNTY,027,85 Years,597,244,353,438,187,251,69,24,45,23,5,18,12,5,7,55,23,32
BELL COUNTY,027,86 Years,520,219,301,393,169,224,59,23,36,16,4,12,10,4,6,42,19,23
BELL COUNTY,027,87 Years,494,192,302,372,148,224,48,19,29,22,4,18,7,3,4,45,18,27
BELL COUNTY,027,88 Years,431,159,272,331,120,211,41,16,25,13,4,9,8,3,5,38,16,22
BELL COUNTY,027,89 Years,342,127,215,269,98,171,26,9,17,11,5,6,3,2,1,33,13,20
BELL COUNTY,027,90 Years,290,102,188,228,81,147,25,7,18,9,3,6,4,2,2,24,9,15
BELL COUNTY,027,91 Years,252,86,166,197,68,129,23,7,16,6,1,5,3,1,2,23,9,14
BELL COUNTY,027,92 Years,211,68,143,170,55,115,17,4,13,6,2,4,3,1,2,15,6,9
BELL COUNTY,027,93 Years,169,53,116,132,40,92,14,4,10,5,1,4,2,1,1,16,7,9
BELL COUNTY,027,94 Years,119,34,85,96,27,69,9,4,5,4,1,3,1,0,1,9,2,7
BELL COUNTY,027,95 Years +,311,87,224,250,67,183,29,8,21,9,4,5,2,1,1,21,7,14
BEXAR COUNTY,029,All Ages,1952946,963972,988974,541005,271252,269753,141365,70850,70515,53770,24763,29007,41787,20837,20950,1175019,576270,598749
BEXAR COUNTY,029,< 1 Year,28525,14586,13939,5409,2779,2630,1805,939,866,389,208,181,1038,547,491,19884,10113,9771
BEXAR COUNTY,029,1 Years,28862,14736,14126,5586,2867,2719,1824,938,886,483,246,237,1071,552,519,19898,10133,9765
BEXAR COUNTY,029,2 Years,29548,15088,14460,5870,3003,2867,1853,953,900,570,290,280,1098,569,529,20157,10273,9884
BEXAR COUNTY,029,3 Years,29570,15071,14499,5937,3053,2884,1857,946,911,662,330,332,1108,563,545,20006,10179,9827
BEXAR COUNTY,029,4 Years,29200,14907,14293,5895,3056,2839,1813,920,893,670,340,330,1058,542,516,19764,10049,9715
BEXAR COUNTY,029,5 Years,28760,14611,14149,5846,3034,2812,1790,904,886,655,321,334,975,493,482,19494,9859,9635
BEXAR COUNTY,029,6 Years,28737,14618,14119,5865,3041,2824,1765,891,874,635,313,322,917,470,447,19555,9903,9652
BEXAR COUNTY,029,7 Years,27529,14010,13519,5498,2803,2695,1701,834,867,579,289,290,818,439,379,18933,9645,9288
BEXAR COUNTY,029,8 Years,27237,13942,13295,5295,2722,2573,1760,879,881,588,287,301,810,430,380,18784,9624,9160
BEXAR COUNTY,029,9 Years,27896,14232,13664,5393,2783,2610,1842,923,919,620,288,332,764,391,373,19277,9847,9430
BEXAR COUNTY,029,10 Years,27997,14252,13745,5442,2764,2678,1833,909,924,645,288,357,763,419,344,19314,9872,9442
BEXAR COUNTY,029,11 Years,27652,14016,13636,5401,2717,2684,1819,897,922,629,299,330,781,412,369,19022,9691,9331
BEXAR COUNTY,029,12 Years,27207,13711,13496,5248,2676,2572,1772,865,907,568,269,299,793,412,381,18826,9489,9337
BEXAR COUNTY,029,13 Years,27108,13568,13540,5182,2582,2600,1819,904,915,569,270,299,746,388,358,18792,9424,9368
BEXAR COUNTY,029,14 Years,26919,13466,13453,5093,2604,2489,1849,920,929,582,283,299,711,375,336,18684,9284,9400
BEXAR COUNTY,029,15 Years,26528,13464,13064,4917,2532,2385,2002,1016,986,518,237,281,718,374,344,18373,9305,9068
BEXAR COUNTY,029,16 Years,26793,13529,13264,4927,2541,2386,2028,1047,981,545,271,274,700,342,358,18593,9328,9265
BEXAR COUNTY,029,17 Years,28157,14601,13556,5787,3194,2593,2176,1157,1019,571,286,285,698,353,345,18925,9611,9314
BEXAR COUNTY,029,18 Years,29081,15204,13877,6254,3500,2754,2341,1210,1131,774,393,381,746,387,359,18966,9714,9252
BEXAR COUNTY,029,19 Years,31528,16757,14771,7662,4518,3144,2776,1427,1349,936,560,376,798,420,378,19356,9832,9524
BEXAR COUNTY,029,20 Years,29467,15405,14062,6622,3754,2868,2691,1345,1346,871,493,378,778,410,368,18505,9403,9102
BEXAR COUNTY,029,21 Years,29685,15453,14232,6816,3812,3004,2557,1304,1253,887,480,407,818,423,395,18607,9434,9173
BEXAR COUNTY,029,22 Years,30860,16117,14743,7385,4056,3329,2512,1350,1162,987,549,438,794,376,418,19182,9786,9396
BEXAR COUNTY,029,23 Years,31381,16311,15070,7602,4093,3509,2530,1343,1187,1034,592,442,767,353,414,19448,9930,9518
BEXAR COUNTY,029,24 Years,30710,15752,14958,7273,3729,3544,2300,1207,1093,1014,551,463,705,342,363,19418,9923,9495
BEXAR COUNTY,029,25 Years,32248,16770,15478,8321,4405,3916,2286,1207,1079,1139,635,504,734,373,361,19768,10150,9618
BEXAR COUNTY,029,26 Years,31996,16624,15372,8777,4713,4064,2189,1219,970,1038,440,598,815,383,432,19177,9869,9308
BEXAR COUNTY,029,27 Years,32005,16623,15382,9191,4918,4273,1987,1155,832,1094,522,572,699,360,339,19034,9668,9366
BEXAR COUNTY,029,28 Years,30253,15485,14768,8365,4409,3956,2009,1096,913,1014,459,555,596,310,286,18269,9211,9058
BEXAR COUNTY,029,29 Years,30014,15684,14330,8682,4666,4016,1957,1117,840,911,371,540,600,320,280,17864,9210,8654
BEXAR COUNTY,029,30 Years,29433,15214,14219,8058,4302,3756,1928,1038,890,969,473,496,568,299,269,17910,9102,8808
BEXAR COUNTY,029,31 Years,29181,14729,14452,7724,3954,3770,1933,981,952,1016,426,590,566,299,267,17942,9069,8873
BEXAR COUNTY,029,32 Years,29161,14544,14617,7594,3812,3782,1977,1012,965,968,373,595,606,328,278,18016,9019,8997
BEXAR COUNTY,029,33 Years,28441,14149,14292,7253,3591,3662,1949,987,962,949,418,531,597,310,287,17693,8843,8850
BEXAR COUNTY,029,34 Years,28051,13994,14057,7189,3575,3614,1936,974,962,881,395,486,628,311,317,17417,8739,8678
BEXAR COUNTY,029,35 Years,28297,14046,14251,7587,3782,3805,1955,966,989,943,458,485,581,277,304,17231,8563,8668
BEXAR COUNTY,029,36 Years,28215,13983,14232,7476,3793,3683,1982,1000,982,962,479,483,573,256,317,17222,8455,8767
BEXAR COUNTY,029,37 Years,27901,13925,13976,7266,3701,3565,2010,1036,974,915,451,464,534,258,276,17176,8479,8697
BEXAR COUNTY,029,38 Years,26246,13174,13072,6871,3601,3270,1954,991,963,886,425,461,519,260,259,16016,7897,8119
BEXAR COUNTY,029,39 Years,25411,12740,12671,6647,3469,3178,1857,952,905,866,413,453,522,244,278,15519,7662,7857
BEXAR COUNTY,029,40 Years,24666,12135,12531,6319,3181,3138,1755,889,866,834,393,441,478,225,253,15280,7447,7833
BEXAR COUNTY,029,41 Years,24551,12081,12470,6268,3158,3110,1731,896,835,823,394,429,465,227,238,15264,7406,7858
BEXAR COUNTY,029,42 Years,24186,11889,12297,6257,3186,3071,1693,832,861,815,392,423,502,251,251,14919,7228,7691
BEXAR COUNTY,029,43 Years,23732,11574,12158,6066,3084,2982,1706,860,846,833,378,455,475,235,240,14652,7017,7635
BEXAR COUNTY,029,44 Years,24273,11873,12400,6431,3308,3123,1698,846,852,816,363,453,451,214,237,14877,7142,7735
BEXAR COUNTY,029,45 Years,24848,12097,12751,6729,3461,3268,1806,894,912,813,361,452,430,202,228,15070,7179,7891
BEXAR COUNTY,029,46 Years,25339,12353,12986,7237,3657,3580,1925,977,948,806,382,424,455,222,233,14916,7115,7801
BEXAR COUNTY,029,47 Years,24690,12119,12571,7172,3660,3512,1915,978,937,774,354,420,412,199,213,14417,6928,7489
BEXAR COUNTY,029,48 Years,23379,11442,11937,6792,3498,3294,1786,912,874,743,327,416,378,187,191,13680,6518,7162
BEXAR COUNTY,029,49 Years,22316,10864,11452,6493,3345,3148,1821,928,893,682,300,382,350,156,194,12970,6135,6835
BEXAR COUNTY,029,50 Years,21914,10751,11163,6537,3332,3205,1845,952,893,634,283,351,340,168,172,12558,6016,6542
BEXAR COUNTY,029,51 Years,22292,10970,11322,6722,3413,3309,1930,994,936,648,293,355,365,177,188,12627,6093,6534
BEXAR COUNTY,029,52 Years,23420,11406,12014,7165,3566,3599,2093,1062,1031,660,283,377,371,190,181,13131,6305,6826
BEXAR COUNTY,029,53 Years,23625,11550,12075,7583,3787,3796,2040,1013,1027,665,307,358,374,186,188,12963,6257,6706
BEXAR COUNTY,029,54 Years,23664,11558,12106,7717,3875,3842,2034,1030,1004,688,324,364,402,196,206,12823,6133,6690
BEXAR COUNTY,029,55 Years,23092,11130,11962,7768,3892,3876,1977,971,1006,611,263,348,379,170,209,12357,5834,6523
BEXAR COUNTY,029,56 Years,23053,11075,11978,7815,3845,3970,2036,998,1038,617,254,363,342,154,188,12243,5824,6419
BEXAR COUNTY,029,57 Years,22506,10862,11644,7620,3737,3883,2013,1022,991,573,243,330,344,172,172,11956,5688,6268
BEXAR COUNTY,029,58 Years,21643,10497,11146,7424,3692,3732,1923,967,956,596,230,366,337,164,173,11363,5444,5919
BEXAR COUNTY,029,59 Years,21305,10250,11055,7545,3706,3839,1828,891,937,564,237,327,356,172,184,11012,5244,5768
BEXAR COUNTY,029,60 Years,20726,9795,10931,7319,3483,3836,1789,877,912,565,228,337,302,125,177,10751,5082,5669
BEXAR COUNTY,029,61 Years,20234,9557,10677,7266,3452,3814,1701,831,870,536,218,318,290,136,154,10441,4920,5521
BEXAR COUNTY,029,62 Years,19584,9055,10529,7149,3342,3807,1645,756,889,500,193,307,290,134,156,10000,4630,5370
BEXAR COUNTY,029,63 Years,18657,8519,10138,6855,3170,3685,1534,717,817,480,162,318,273,114,159,9515,4356,5159
BEXAR COUNTY,029,64 Years,18262,8472,9790,6971,3330,3641,1485,717,768,464,167,297,257,120,137,9085,4138,4947
BEXAR COUNTY,029,65 Years,17240,8056,9184,6607,3147,3460,1367,680,687,444,151,293,228,112,116,8594,3966,4628
BEXAR COUNTY,029,66 Years,16487,7568,8919,6326,2957,3369,1237,577,660,462,164,298,214,106,108,8248,3764,4484
BEXAR COUNTY,029,67 Years,16226,7377,8849,6428,3030,3398,1119,520,599,447,170,277,184,92,92,8048,3565,4483
BEXAR COUNTY,029,68 Years,15653,7216,8437,6292,2997,3295,1070,522,548,429,172,257,191,84,107,7671,3441,4230
BEXAR COUNTY,029,69 Years,15219,6975,8244,6405,3034,3371,984,461,523,395,141,254,183,80,103,7252,3259,3993
BEXAR COUNTY,029,70 Years,14683,6659,8024,6441,3050,3391,873,392,481,326,112,214,169,76,93,6874,3029,3845
BEXAR COUNTY,029,71 Years,12041,5377,6664,5067,2397,2670,730,305,425,294,107,187,115,46,69,5835,2522,3313
BEXAR COUNTY,029,72 Years,11127,4992,6135,4736,2224,2512,670,291,379,282,102,180,106,47,59,5333,2328,3005
BEXAR COUNTY,029,73 Years,10701,4788,5913,4744,2196,2548,616,262,354,248,90,158,112,49,63,4981,2191,2790
BEXAR COUNTY,029,74 Years,10172,4533,5639,4480,2102,2378,606,256,350,229,85,144,81,41,40,4776,2049,2727
BEXAR COUNTY,029,75 Years,9125,4035,5090,4009,1871,2138,555,229,326,214,73,141,78,34,44,4269,1828,2441
BEXAR COUNTY,029,76 Years,8247,3592,4655,3674,1699,1975,500,199,301,194,77,117,74,27,47,3805,1590,2215
BEXAR COUNTY,029,77 Years,7702,3297,4405,3382,1522,1860,488,185,303,182,71,111,69,27,42,3581,1492,2089
BEXAR COUNTY,029,78 Years,7123,3017,4106,3212,1404,1808,407,167,240,161,62,99,62,19,43,3281,1365,1916
BEXAR COUNTY,029,79 Years,6699,2803,3896,3034,1330,1704,394,160,234,150,59,91,53,18,35,3068,1236,1832
BEXAR COUNTY,029,80 Years,6118,2523,3595,2709,1174,1535,378,148,230,126,56,70,42,13,29,2863,1132,1731
BEXAR COUNTY,029,81 Years,5813,2347,3466,2614,1095,1519,327,131,196,132,52,80,47,18,29,2693,1051,1642
BEXAR COUNTY,029,82 Years,5470,2208,3262,2494,1037,1457,337,130,207,106,38,68,44,19,25,2489,984,1505
BEXAR COUNTY,029,83 Years,4899,2002,2897,2230,981,1249,319,125,194,108,27,81,31,10,21,2211,859,1352
BEXAR COUNTY,029,84 Years,4534,1809,2725,2136,912,1224,283,108,175,112,25,87,34,11,23,1969,753,1216
BEXAR COUNTY,029,85 Years,4283,1703,2580,2019,878,1141,255,93,162,82,22,60,26,6,20,1901,704,1197
BEXAR COUNTY,029,86 Years,3897,1527,2370,1911,817,1094,219,80,139,81,20,61,18,5,13,1668,605,1063
BEXAR COUNTY,029,87 Years,3554,1351,2203,1653,695,958,190,55,135,66,19,47,23,6,17,1622,576,1046
BEXAR COUNTY,029,88 Years,3035,1116,1919,1425,562,863,145,45,100,50,16,34,15,6,9,1400,487,913
BEXAR COUNTY,029,89 Years,2629,913,1716,1261,454,807,130,39,91,36,11,25,14,5,9,1188,404,784
BEXAR COUNTY,029,90 Years,2254,728,1526,1078,354,724,114,27,87,35,11,24,11,3,8,1016,333,683
BEXAR COUNTY,029,91 Years,1934,603,1331,973,301,672,91,21,70,27,6,21,10,3,7,833,272,561
BEXAR COUNTY,029,92 Years,1628,507,1121,803,247,556,78,19,59,20,6,14,8,3,5,719,232,487
BEXAR COUNTY,029,93 Years,1261,386,875,654,198,456,62,15,47,15,4,11,5,1,4,525,168,357
BEXAR COUNTY,029,94 Years,1006,306,700,543,167,376,51,10,41,12,5,7,3,1,2,397,123,274
BEXAR COUNTY,029,95 Years +,2439,693,1746,1239,356,883,137,29,108,33,9,24,8,3,5,1022,296,726
BLANCO COUNTY,031,All Ages,11610,5809,5801,9078,4456,4622,68,47,21,51,14,37,184,99,85,2229,1193,1036
BLANCO COUNTY,031,< 1 Year,124,65,59,86,44,42,0,0,0,0,0,0,6,4,2,32,17,15
BLANCO COUNTY,031,1 Years,115,61,54,82,41,41,0,0,0,0,0,0,3,2,1,30,18,12
BLANCO COUNTY,031,2 Years,128,67,61,80,42,38,1,0,1,0,0,0,7,5,2,40,20,20
BLANCO COUNTY,031,3 Years,109,57,52,67,36,31,0,0,0,1,1,0,8,5,3,33,15,18
BLANCO COUNTY,031,4 Years,106,52,54,64,34,30,0,0,0,1,1,0,8,4,4,33,13,20
BLANCO COUNTY,031,5 Years,107,50,57,69,32,37,0,0,0,0,0,0,5,3,2,33,15,18
BLANCO COUNTY,031,6 Years,122,52,70,81,32,49,0,0,0,0,0,0,3,1,2,38,19,19
BLANCO COUNTY,031,7 Years,122,75,47,78,43,35,0,0,0,1,0,1,1,0,1,42,32,10
BLANCO COUNTY,031,8 Years,105,54,51,69,33,36,0,0,0,0,0,0,2,0,2,34,21,13
BLANCO COUNTY,031,9 Years,120,49,71,77,33,44,0,0,0,0,0,0,2,0,2,41,16,25
BLANCO COUNTY,031,10 Years,128,57,71,82,35,47,0,0,0,0,0,0,1,0,1,45,22,23
BLANCO COUNTY,031,11 Years,127,60,67,82,35,47,0,0,0,1,0,1,2,0,2,42,25,17
BLANCO COUNTY,031,12 Years,115,56,59,75,36,39,0,0,0,1,0,1,1,0,1,38,20,18
BLANCO COUNTY,031,13 Years,136,77,59,84,46,38,0,0,0,1,0,1,1,0,1,50,31,19
BLANCO COUNTY,031,14 Years,133,76,57,88,51,37,0,0,0,0,0,0,1,1,0,44,24,20
BLANCO COUNTY,031,15 Years,129,72,57,92,54,38,0,0,0,0,0,0,2,0,2,35,18,17
BLANCO COUNTY,031,16 Years,121,65,56,80,41,39,1,0,1,0,0,0,2,0,2,38,24,14
BLANCO COUNTY,031,17 Years,139,76,63,87,45,42,1,0,1,3,0,3,0,0,0,48,31,17
BLANCO COUNTY,031,18 Years,121,72,49,75,44,31,2,2,0,2,1,1,2,1,1,40,24,16
BLANCO COUNTY,031,19 Years,119,73,46,77,48,29,1,1,0,3,1,2,3,2,1,35,21,14
BLANCO COUNTY,031,20 Years,110,61,49,79,43,36,1,1,0,1,0,1,1,1,0,28,16,12
BLANCO COUNTY,031,21 Years,107,49,58,74,32,42,1,1,0,0,0,0,2,1,1,30,15,15
BLANCO COUNTY,031,22 Years,106,51,55,73,35,38,2,1,1,3,1,2,0,0,0,28,14,14
BLANCO COUNTY,031,23 Years,115,59,56,85,44,41,1,1,0,1,0,1,0,0,0,28,14,14
BLANCO COUNTY,031,24 Years,137,81,56,95,57,38,7,6,1,0,0,0,3,2,1,32,16,16
BLANCO COUNTY,031,25 Years,133,76,57,93,57,36,3,2,1,1,1,0,3,2,1,33,14,19
BLANCO COUNTY,031,26 Years,115,65,50,81,47,34,1,1,0,0,0,0,2,1,1,31,16,15
BLANCO COUNTY,031,27 Years,100,57,43,68,35,33,1,1,0,0,0,0,2,1,1,29,20,9
BLANCO COUNTY,031,28 Years,97,49,48,55,29,26,0,0,0,0,0,0,6,4,2,36,16,20
BLANCO COUNTY,031,29 Years,117,54,63,78,34,44,0,0,0,3,3,0,2,2,0,34,15,19
BLANCO COUNTY,031,30 Years,110,61,49,82,42,40,0,0,0,1,1,0,0,0,0,27,18,9
BLANCO COUNTY,031,31 Years,117,56,61,78,37,41,1,1,0,4,2,2,1,1,0,33,15,18
BLANCO COUNTY,031,32 Years,113,58,55,69,33,36,1,1,0,3,0,3,4,2,2,36,22,14
BLANCO COUNTY,031,33 Years,104,62,42,75,44,31,0,0,0,1,0,1,2,1,1,26,17,9
BLANCO COUNTY,031,34 Years,97,59,38,66,43,23,1,0,1,0,0,0,1,0,1,29,16,13
BLANCO COUNTY,031,35 Years,116,56,60,80,43,37,0,0,0,0,0,0,3,1,2,33,12,21
BLANCO COUNTY,031,36 Years,113,59,54,84,47,37,0,0,0,0,0,0,1,0,1,28,12,16
BLANCO COUNTY,031,37 Years,109,56,53,79,38,41,0,0,0,0,0,0,1,1,0,29,17,12
BLANCO COUNTY,031,38 Years,103,54,49,75,35,40,0,0,0,0,0,0,1,1,0,27,18,9
BLANCO COUNTY,031,39 Years,100,46,54,75,28,47,0,0,0,0,0,0,2,2,0,23,16,7
BLANCO COUNTY,031,40 Years,100,43,57,78,32,46,0,0,0,0,0,0,3,1,2,19,10,9
BLANCO COUNTY,031,41 Years,108,65,43,82,49,33,0,0,0,1,1,0,0,0,0,25,15,10
BLANCO COUNTY,031,42 Years,129,69,60,97,54,43,0,0,0,4,0,4,1,1,0,27,14,13
BLANCO COUNTY,031,43 Years,124,55,69,91,38,53,0,0,0,2,0,2,2,1,1,29,16,13
BLANCO COUNTY,031,44 Years,114,43,71,90,33,57,1,0,1,0,0,0,1,0,1,22,10,12
BLANCO COUNTY,031,45 Years,130,57,73,102,45,57,0,0,0,0,0,0,1,0,1,27,12,15
BLANCO COUNTY,031,46 Years,164,88,76,129,65,64,2,2,0,0,0,0,1,1,0,32,20,12
BLANCO COUNTY,031,47 Years,143,78,65,118,60,58,1,1,0,0,0,0,1,1,0,23,16,7
BLANCO COUNTY,031,48 Years,116,52,64,97,41,56,0,0,0,1,0,1,1,1,0,17,10,7
BLANCO COUNTY,031,49 Years,123,58,65,98,46,52,0,0,0,1,0,1,2,1,1,22,11,11
BLANCO COUNTY,031,50 Years,146,73,73,112,56,56,1,1,0,0,0,0,1,0,1,32,16,16
BLANCO COUNTY,031,51 Years,148,81,67,110,60,50,1,1,0,1,0,1,2,2,0,34,18,16
BLANCO COUNTY,031,52 Years,146,70,76,108,53,55,0,0,0,1,0,1,2,1,1,35,16,19
BLANCO COUNTY,031,53 Years,166,86,80,135,70,65,1,1,0,0,0,0,5,2,3,25,13,12
BLANCO COUNTY,031,54 Years,175,89,86,146,77,69,0,0,0,1,1,0,1,0,1,27,11,16
BLANCO COUNTY,031,55 Years,187,105,82,151,88,63,4,3,1,1,0,1,1,1,0,30,13,17
BLANCO COUNTY,031,56 Years,200,104,96,163,81,82,3,3,0,1,0,1,4,1,3,29,19,10
BLANCO COUNTY,031,57 Years,192,84,108,161,69,92,2,1,1,0,0,0,4,2,2,25,12,13
BLANCO COUNTY,031,58 Years,186,85,101,161,71,90,1,0,1,0,0,0,1,0,1,23,14,9
BLANCO COUNTY,031,59 Years,200,95,105,174,86,88,0,0,0,1,0,1,1,0,1,24,9,15
BLANCO COUNTY,031,60 Years,204,95,109,182,86,96,1,0,1,0,0,0,1,0,1,20,9,11
BLANCO COUNTY,031,61 Years,193,93,100,164,77,87,2,1,1,1,0,1,1,1,0,25,14,11
BLANCO COUNTY,031,62 Years,227,115,112,194,93,101,4,4,0,1,0,1,8,5,3,20,13,7
BLANCO COUNTY,031,63 Years,220,117,103,191,102,89,3,2,1,0,0,0,6,3,3,20,10,10
BLANCO COUNTY,031,64 Years,196,98,98,176,87,89,1,1,0,0,0,0,1,0,1,18,10,8
BLANCO COUNTY,031,65 Years,194,94,100,174,83,91,3,2,1,0,0,0,2,1,1,15,8,7
BLANCO COUNTY,031,66 Years,212,96,116,189,84,105,3,2,1,0,0,0,1,0,1,19,10,9
BLANCO COUNTY,031,67 Years,212,109,103,192,95,97,2,1,1,0,0,0,1,0,1,17,13,4
BLANCO COUNTY,031,68 Years,192,86,106,176,77,99,2,1,1,0,0,0,2,1,1,12,7,5
BLANCO COUNTY,031,69 Years,210,98,112,187,86,101,0,0,0,1,0,1,10,8,2,12,4,8
BLANCO COUNTY,031,70 Years,191,90,101,172,79,93,0,0,0,0,0,0,5,4,1,14,7,7
BLANCO COUNTY,031,71 Years,171,81,90,159,76,83,0,0,0,0,0,0,1,1,0,11,4,7
BLANCO COUNTY,031,72 Years,150,70,80,138,64,74,0,0,0,0,0,0,3,2,1,9,4,5
BLANCO COUNTY,031,73 Years,148,74,74,134,66,68,0,0,0,0,0,0,2,1,1,12,7,5
BLANCO COUNTY,031,74 Years,134,63,71,126,59,67,1,1,0,0,0,0,0,0,0,7,3,4
BLANCO COUNTY,031,75 Years,130,64,66,120,59,61,0,0,0,1,0,1,1,1,0,8,4,4
BLANCO COUNTY,031,76 Years,129,61,68,115,53,62,0,0,0,0,0,0,2,1,1,12,7,5
BLANCO COUNTY,031,77 Years,95,46,49,88,41,47,0,0,0,0,0,0,0,0,0,7,5,2
BLANCO COUNTY,031,78 Years,86,44,42,80,43,37,1,0,1,0,0,0,0,0,0,5,1,4
BLANCO COUNTY,031,79 Years,80,43,37,69,37,32,0,0,0,0,0,0,1,0,1,10,6,4
BLANCO COUNTY,031,80 Years,75,37,38,66,34,32,0,0,0,0,0,0,0,0,0,9,3,6
BLANCO COUNTY,031,81 Years,64,32,32,59,29,30,0,0,0,0,0,0,0,0,0,5,3,2
BLANCO COUNTY,031,82 Years,63,25,38,58,23,35,0,0,0,0,0,0,0,0,0,5,2,3
BLANCO COUNTY,031,83 Years,56,26,30,46,21,25,0,0,0,0,0,0,0,0,0,10,5,5
BLANCO COUNTY,031,84 Years,49,27,22,41,21,20,0,0,0,0,0,0,1,1,0,7,5,2
BLANCO COUNTY,031,85 Years,37,18,19,35,17,18,0,0,0,0,0,0,0,0,0,2,1,1
BLANCO COUNTY,031,86 Years,39,18,21,31,15,16,0,0,0,0,0,0,2,1,1,6,2,4
BLANCO COUNTY,031,87 Years,32,15,17,27,13,14,0,0,0,0,0,0,1,1,0,4,1,3
BLANCO COUNTY,031,88 Years,31,12,19,28,11,17,1,0,1,0,0,0,0,0,0,2,1,1
BLANCO COUNTY,031,89 Years,31,12,19,30,11,19,0,0,0,0,0,0,0,0,0,1,1,0
BLANCO COUNTY,031,90 Years,24,6,18,22,5,17,0,0,0,0,0,0,0,0,0,2,1,1
BLANCO COUNTY,031,91 Years,18,7,11,17,6,11,0,0,0,0,0,0,0,0,0,1,1,0
BLANCO COUNTY,031,92 Years,21,10,11,19,9,10,0,0,0,0,0,0,0,0,0,2,1,1
BLANCO COUNTY,031,93 Years,13,4,9,13,4,9,0,0,0,0,0,0,0,0,0,0,0,0
BLANCO COUNTY,031,94 Years,8,1,7,8,1,7,0,0,0,0,0,0,0,0,0,0,0,0
BLANCO COUNTY,031,95 Years +,33,7,26,30,7,23,1,0,1,0,0,0,0,0,0,2,0,2
BORDEN COUNTY,033,All Ages,668,345,323,554,286,268,0,0,0,1,0,1,6,2,4,107,57,50
BORDEN COUNTY,033,< 1 Year,6,2,4,6,2,4,0,0,0,0,0,0,0,0,0,0,0,0
BORDEN COUNTY,033,1 Years,6,3,3,3,2,1,0,0,0,0,0,0,0,0,0,3,1,2
BORDEN COUNTY,033,2 Years,6,3,3,4,2,2,0,0,0,0,0,0,0,0,0,2,1,1
BORDEN COUNTY,033,3 Years,8,5,3,5,3,2,0,0,0,0,0,0,0,0,0,3,2,1
BORDEN COUNTY,033,4 Years,5,3,2,5,3,2,0,0,0,0,0,0,0,0,0,0,0,0
BORDEN COUNTY,033,5 Years,6,4,2,6,4,2,0,0,0,0,0,0,0,0,0,0,0,0
BORDEN COUNTY,033,6 Years,4,3,1,4,3,1,0,0,0,0,0,0,0,0,0,0,0,0
BORDEN COUNTY,033,7 Years,6,2,4,3,1,2,0,0,0,0,0,0,0,0,0,3,1,2
BORDEN COUNTY,033,8 Years,8,5,3,4,3,1,0,0,0,0,0,0,0,0,0,4,2,2
BORDEN COUNTY,033,9 Years,4,2,2,3,2,1,0,0,0,0,0,0,0,0,0,1,0,1
BORDEN COUNTY,033,10 Years,4,4,0,2,2,0,0,0,0,0,0,0,0,0,0,2,2,0
BORDEN COUNTY,033,11 Years,5,3,2,3,2,1,0,0,0,0,0,0,0,0,0,2,1,1
BORDEN COUNTY,033,12 Years,9,5,4,6,3,3,0,0,0,0,0,0,0,0,0,3,2,1
BORDEN COUNTY,033,13 Years,9,3,6,7,2,5,0,0,0,0,0,0,0,0,0,2,1,1
BORDEN COUNTY,033,14 Years,5,2,3,4,1,3,0,0,0,0,0,0,0,0,0,1,1,0
BORDEN COUNTY,033,15 Years,5,3,2,3,2,1,0,0,0,0,0,0,0,0,0,2,1,1
BORDEN COUNTY,033,16 Years,5,2,3,4,1,3,0,0,0,0,0,0,0,0,0,1,1,0
BORDEN COUNTY,033,17 Years,5,1,4,4,1,3,0,0,0,0,0,0,0,0,0,1,0,1
BORDEN COUNTY,033,18 Years,6,1,5,5,1,4,0,0,0,0,0,0,0,0,0,1,0,1
BORDEN COUNTY,033,19 Years,10,6,4,10,6,4,0,0,0,0,0,0,0,0,0,0,0,0
BORDEN COUNTY,033,20 Years,9,6,3,7,5,2,0,0,0,0,0,0,0,0,0,2,1,1
BORDEN COUNTY,033,21 Years,11,6,5,9,5,4,0,0,0,0,0,0,0,0,0,2,1,1
BORDEN COUNTY,033,22 Years,9,6,3,6,4,2,0,0,0,0,0,0,0,0,0,3,2,1
BORDEN COUNTY,033,23 Years,6,3,3,5,3,2,0,0,0,0,0,0,0,0,0,1,0,1
BORDEN COUNTY,033,24 Years,11,8,3,9,6,3,0,0,0,0,0,0,0,0,0,2,2,0
BORDEN COUNTY,033,25 Years,13,9,4,11,7,4,0,0,0,0,0,0,1,1,0,1,1,0
BORDEN COUNTY,033,26 Years,5,3,2,4,2,2,0,0,0,0,0,0,0,0,0,1,1,0
BORDEN COUNTY,033,27 Years,4,2,2,4,2,2,0,0,0,0,0,0,0,0,0,0,0,0
BORDEN COUNTY,033,28 Years,5,3,2,5,3,2,0,0,0,0,0,0,0,0,0,0,0,0
BORDEN COUNTY,033,29 Years,6,4,2,6,4,2,0,0,0,0,0,0,0,0,0,0,0,0
BORDEN COUNTY,033,30 Years,4,2,2,3,2,1,0,0,0,0,0,0,0,0,0,1,0,1
BORDEN COUNTY,033,31 Years,7,3,4,5,3,2,0,0,0,0,0,0,0,0,0,2,0,2
BORDEN COUNTY,033,32 Years,3,2,1,3,2,1,0,0,0,0,0,0,0,0,0,0,0,0
BORDEN COUNTY,033,33 Years,4,2,2,4,2,2,0,0,0,0,0,0,0,0,0,0,0,0
BORDEN COUNTY,033,34 Years,3,1,2,3,1,2,0,0,0,0,0,0,0,0,0,0,0,0
BORDEN COUNTY,033,35 Years,5,3,2,3,2,1,0,0,0,0,0,0,0,0,0,2,1,1
BORDEN COUNTY,033,36 Years,7,5,2,5,4,1,0,0,0,0,0,0,0,0,0,2,1,1
BORDEN COUNTY,033,37 Years,5,4,1,3,3,0,0,0,0,0,0,0,0,0,0,2,1,1
BORDEN COUNTY,033,38 Years,8,4,4,4,2,2,0,0,0,0,0,0,0,0,0,4,2,2
BORDEN COUNTY,033,39 Years,7,4,3,6,3,3,0,0,0,0,0,0,0,0,0,1,1,0
BORDEN COUNTY,033,40 Years,5,1,4,5,1,4,0,0,0,0,0,0,0,0,0,0,0,0
BORDEN COUNTY,033,41 Years,5,3,2,5,3,2,0,0,0,0,0,0,0,0,0,0,0,0
BORDEN COUNTY,033,42 Years,3,2,1,3,2,1,0,0,0,0,0,0,0,0,0,0,0,0
BORDEN COUNTY,033,43 Years,6,2,4,5,1,4,0,0,0,0,0,0,0,0,0,1,1,0
BORDEN COUNTY,033,44 Years,9,6,3,7,4,3,0,0,0,0,0,0,0,0,0,2,2,0
BORDEN COUNTY,033,45 Years,8,6,2,7,5,2,0,0,0,0,0,0,0,0,0,1,1,0
BORDEN COUNTY,033,46 Years,8,3,5,7,2,5,0,0,0,0,0,0,0,0,0,1,1,0
BORDEN COUNTY,033,47 Years,13,6,7,11,6,5,0,0,0,0,0,0,0,0,0,2,0,2
BORDEN COUNTY,033,48 Years,12,6,6,10,6,4,0,0,0,0,0,0,1,0,1,1,0,1
BORDEN COUNTY,033,49 Years,9,4,5,5,3,2,0,0,0,0,0,0,1,0,1,3,1,2
BORDEN COUNTY,033,50 Years,4,1,3,3,1,2,0,0,0,0,0,0,0,0,0,1,0,1
BORDEN COUNTY,033,51 Years,6,3,3,5,3,2,0,0,0,0,0,0,0,0,0,1,0,1
BORDEN COUNTY,033,52 Years,9,3,6,7,3,4,0,0,0,0,0,0,0,0,0,2,0,2
BORDEN COUNTY,033,53 Years,16,8,8,13,6,7,0,0,0,0,0,0,0,0,0,3,2,1
BORDEN COUNTY,033,54 Years,12,6,6,10,5,5,0,0,0,0,0,0,0,0,0,2,1,1
BORDEN COUNTY,033,55 Years,12,3,9,9,2,7,0,0,0,0,0,0,1,0,1,2,1,1
BORDEN COUNTY,033,56 Years,8,4,4,6,3,3,0,0,0,0,0,0,0,0,0,2,1,1
BORDEN COUNTY,033,57 Years,9,6,3,6,4,2,0,0,0,1,0,1,0,0,0,2,2,0
BORDEN COUNTY,033,58 Years,6,3,3,5,2,3,0,0,0,0,0,0,0,0,0,1,1,0
BORDEN COUNTY,033,59 Years,8,4,4,6,2,4,0,0,0,0,0,0,0,0,0,2,2,0
BORDEN COUNTY,033,60 Years,12,5,7,10,4,6,0,0,0,0,0,0,1,0,1,1,1,0
BORDEN COUNTY,033,61 Years,11,6,5,9,5,4,0,0,0,0,0,0,0,0,0,2,1,1
BORDEN COUNTY,033,62 Years,11,6,5,9,5,4,0,0,0,0,0,0,0,0,0,2,1,1
BORDEN COUNTY,033,63 Years,12,4,8,10,3,7,0,0,0,0,0,0,0,0,0,2,1,1
BORDEN COUNTY,033,64 Years,6,3,3,5,2,3,0,0,0,0,0,0,0,0,0,1,1,0
BORDEN COUNTY,033,65 Years,3,3,0,3,3,0,0,0,0,0,0,0,0,0,0,0,0,0
BORDEN COUNTY,033,66 Years,9,4,5,9,4,5,0,0,0,0,0,0,0,0,0,0,0,0
BORDEN COUNTY,033,67 Years,14,7,7,12,6,6,0,0,0,0,0,0,0,0,0,2,1,1
BORDEN COUNTY,033,68 Years,11,6,5,8,5,3,0,0,0,0,0,0,0,0,0,3,1,2
BORDEN COUNTY,033,69 Years,13,9,4,12,8,4,0,0,0,0,0,0,0,0,0,1,1,0
BORDEN COUNTY,033,70 Years,11,8,3,11,8,3,0,0,0,0,0,0,0,0,0,0,0,0
BORDEN COUNTY,033,71 Years,5,2,3,5,2,3,0,0,0,0,0,0,0,0,0,0,0,0
BORDEN COUNTY,033,72 Years,4,1,3,4,1,3,0,0,0,0,0,0,0,0,0,0,0,0
BORDEN COUNTY,033,73 Years,8,5,3,8,5,3,0,0,0,0,0,0,0,0,0,0,0,0
BORDEN COUNTY,033,74 Years,11,5,6,10,4,6,0,0,0,0,0,0,0,0,0,1,1,0
BORDEN COUNTY,033,75 Years,10,5,5,10,5,5,0,0,0,0,0,0,0,0,0,0,0,0
BORDEN COUNTY,033,76 Years,6,3,3,6,3,3,0,0,0,0,0,0,0,0,0,0,0,0
BORDEN COUNTY,033,77 Years,4,2,2,4,2,2,0,0,0,0,0,0,0,0,0,0,0,0
BORDEN COUNTY,033,78 Years,3,1,2,3,1,2,0,0,0,0,0,0,0,0,0,0,0,0
BORDEN COUNTY,033,79 Years,9,6,3,9,6,3,0,0,0,0,0,0,0,0,0,0,0,0
BORDEN COUNTY,033,80 Years,8,3,5,8,3,5,0,0,0,0,0,0,0,0,0,0,0,0
BORDEN COUNTY,033,81 Years,8,4,4,8,4,4,0,0,0,0,0,0,0,0,0,0,0,0
BORDEN COUNTY,033,82 Years,5,2,3,5,2,3,0,0,0,0,0,0,0,0,0,0,0,0
BORDEN COUNTY,033,83 Years,4,2,2,4,2,2,0,0,0,0,0,0,0,0,0,0,0,0
BORDEN COUNTY,033,84 Years,8,3,5,6,2,4,0,0,0,0,0,0,1,1,0,1,0,1
BORDEN COUNTY,033,85 Years,8,4,4,6,3,3,0,0,0,0,0,0,0,0,0,2,1,1
BORDEN COUNTY,033,86 Years,7,3,4,6,3,3,0,0,0,0,0,0,0,0,0,1,0,1
BORDEN COUNTY,033,87 Years,3,1,2,3,1,2,0,0,0,0,0,0,0,0,0,0,0,0
BORDEN COUNTY,033,88 Years,6,3,3,6,3,3,0,0,0,0,0,0,0,0,0,0,0,0
BORDEN COUNTY,033,89 Years,4,2,2,4,2,2,0,0,0,0,0,0,0,0,0,0,0,0
BORDEN COUNTY,033,90 Years,3,2,1,2,1,1,0,0,0,0,0,0,0,0,0,1,1,0
BORDEN COUNTY,033,91 Years,1,0,1,1,0,1,0,0,0,0,0,0,0,0,0,0,0,0
BORDEN COUNTY,033,92 Years,2,0,2,1,0,1,0,0,0,0,0,0,0,0,0,1,0,1
BORDEN COUNTY,033,93 Years,2,1,1,2,1,1,0,0,0,0,0,0,0,0,0,0,0,0
BORDEN COUNTY,033,94 Years,0,0,0,0,0,0,0,0,0,0,0,0,0,0,0,0,0,0
BORDEN COUNTY,033,95 Years +,4,2,2,4,2,2,0,0,0,0,0,0,0,0,0,0,0,0
BOSQUE COUNTY,035,All Ages,18982,9309,9673,14633,7068,7565,337,184,153,46,9,37,440,204,236,3526,1844,1682
BOSQUE COUNTY,035,< 1 Year,239,111,128,122,59,63,5,4,1,1,0,1,25,7,18,86,41,45
BOSQUE COUNTY,035,1 Years,228,113,115,121,62,59,4,3,1,2,0,2,23,10,13,78,38,40
BOSQUE COUNTY,035,2 Years,216,108,108,116,58,58,6,3,3,0,0,0,26,12,14,68,35,33
BOSQUE COUNTY,035,3 Years,216,112,104,117,57,60,8,4,4,0,0,0,28,17,11,63,34,29
BOSQUE COUNTY,035,4 Years,214,106,108,119,54,65,7,4,3,0,0,0,25,13,12,63,35,28
BOSQUE COUNTY,035,5 Years,220,106,114,124,57,67,7,4,3,0,0,0,18,7,11,71,38,33
BOSQUE COUNTY,035,6 Years,219,105,114,133,62,71,6,3,3,0,0,0,11,4,7,69,36,33
BOSQUE COUNTY,035,7 Years,203,88,115,124,46,78,6,3,3,0,0,0,9,6,3,64,33,31
BOSQUE COUNTY,035,8 Years,213,99,114,136,62,74,5,2,3,0,0,0,7,4,3,65,31,34
BOSQUE COUNTY,035,9 Years,223,121,102,145,75,70,4,2,2,0,0,0,2,2,0,72,42,30
BOSQUE COUNTY,035,10 Years,227,128,99,151,87,64,3,1,2,0,0,0,3,1,2,70,39,31
BOSQUE COUNTY,035,11 Years,219,119,100,140,76,64,4,1,3,1,0,1,5,2,3,69,40,29
BOSQUE COUNTY,035,12 Years,227,108,119,142,66,76,5,4,1,1,0,1,6,2,4,73,36,37
BOSQUE COUNTY,035,13 Years,225,126,99,152,85,67,3,3,0,0,0,0,7,5,2,63,33,30
BOSQUE COUNTY,035,14 Years,222,116,106,160,85,75,1,1,0,0,0,0,6,3,3,55,27,28
BOSQUE COUNTY,035,15 Years,223,112,111,141,69,72,7,4,3,0,0,0,4,1,3,71,38,33
BOSQUE COUNTY,035,16 Years,225,122,103,130,67,63,8,5,3,1,0,1,3,2,1,83,48,35
BOSQUE COUNTY,035,17 Years,234,130,104,143,80,63,5,3,2,1,0,1,3,2,1,82,45,37
BOSQUE COUNTY,035,18 Years,217,108,109,136,73,63,5,1,4,0,0,0,3,0,3,73,34,39
BOSQUE COUNTY,035,19 Years,180,88,92,113,54,59,4,3,1,1,0,1,4,1,3,58,30,28
BOSQUE COUNTY,035,20 Years,165,76,89,96,46,50,4,2,2,0,0,0,9,1,8,56,27,29
BOSQUE COUNTY,035,21 Years,165,75,90,100,42,58,6,4,2,0,0,0,8,4,4,51,25,26
BOSQUE COUNTY,035,22 Years,180,90,90,120,56,64,5,1,4,0,0,0,11,6,5,44,27,17
BOSQUE COUNTY,035,23 Years,197,102,95,136,65,71,4,1,3,0,0,0,8,3,5,49,33,16
BOSQUE COUNTY,035,24 Years,228,101,127,151,67,84,6,3,3,2,1,1,6,2,4,63,28,35
BOSQUE COUNTY,035,25 Years,202,82,120,143,60,83,4,1,3,1,0,1,2,0,2,52,21,31
BOSQUE COUNTY,035,26 Years,199,87,112,141,59,82,2,2,0,0,0,0,3,2,1,53,24,29
BOSQUE COUNTY,035,27 Years,218,105,113,157,74,83,5,4,1,0,0,0,1,0,1,55,27,28
BOSQUE COUNTY,035,28 Years,188,98,90,131,63,68,5,2,3,0,0,0,4,3,1,48,30,18
BOSQUE COUNTY,035,29 Years,186,88,98,133,59,74,6,3,3,0,0,0,2,1,1,45,25,20
BOSQUE COUNTY,035,30 Years,180,95,85,129,65,64,8,6,2,1,1,0,5,1,4,37,22,15
BOSQUE COUNTY,035,31 Years,170,81,89,129,58,71,3,2,1,1,1,0,3,1,2,34,19,15
BOSQUE COUNTY,035,32 Years,180,90,90,129,64,65,5,2,3,1,0,1,2,2,0,43,22,21
BOSQUE COUNTY,035,33 Years,171,79,92,114,54,60,2,1,1,1,0,1,4,1,3,50,23,27
BOSQUE COUNTY,035,34 Years,199,109,90,133,71,62,3,3,0,1,0,1,4,2,2,58,33,25
BOSQUE COUNTY,035,35 Years,202,107,95,140,73,67,4,3,1,1,0,1,2,2,0,55,29,26
BOSQUE COUNTY,035,36 Years,218,101,117,157,68,89,6,4,2,0,0,0,3,2,1,52,27,25
BOSQUE COUNTY,035,37 Years,201,104,97,142,70,72,3,1,2,0,0,0,4,3,1,52,30,22
BOSQUE COUNTY,035,38 Years,192,99,93,138,66,72,3,1,2,1,1,0,1,1,0,49,30,19
BOSQUE COUNTY,035,39 Years,174,79,95,127,57,70,2,2,0,0,0,0,2,1,1,43,19,24
BOSQUE COUNTY,035,40 Years,172,82,90,130,61,69,3,2,1,0,0,0,1,1,0,38,18,20
BOSQUE COUNTY,035,41 Years,188,97,91,144,75,69,1,1,0,1,0,1,1,0,1,41,21,20
BOSQUE COUNTY,035,42 Years,171,84,87,124,60,64,1,0,1,0,0,0,2,1,1,44,23,21
BOSQUE COUNTY,035,43 Years,174,85,89,132,64,68,4,2,2,0,0,0,2,0,2,36,19,17
BOSQUE COUNTY,035,44 Years,195,95,100,152,75,77,2,1,1,0,0,0,3,0,3,38,19,19
BOSQUE COUNTY,035,45 Years,213,104,109,169,84,85,3,3,0,0,0,0,3,0,3,38,17,21
BOSQUE COUNTY,035,46 Years,226,113,113,180,89,91,5,4,1,1,0,1,4,1,3,36,19,17
BOSQUE COUNTY,035,47 Years,231,106,125,179,84,95,6,3,3,2,0,2,1,0,1,43,19,24
BOSQUE COUNTY,035,48 Years,220,110,110,170,84,86,2,1,1,1,0,1,1,1,0,46,24,22
BOSQUE COUNTY,035,49 Years,228,114,114,171,86,85,5,0,5,1,0,1,2,2,0,49,26,23
BOSQUE COUNTY,035,50 Years,226,104,122,179,80,99,3,0,3,1,0,1,5,3,2,38,21,17
BOSQUE COUNTY,035,51 Years,208,102,106,165,83,82,2,0,2,1,1,0,3,0,3,37,18,19
BOSQUE COUNTY,035,52 Years,240,120,120,196,97,99,3,1,2,1,0,1,4,2,2,36,20,16
BOSQUE COUNTY,035,53 Years,253,130,123,206,102,104,5,3,2,1,1,0,1,1,0,40,23,17
BOSQUE COUNTY,035,54 Years,283,138,145,243,113,130,4,4,0,0,0,0,2,0,2,34,21,13
BOSQUE COUNTY,035,55 Years,249,126,123,207,105,102,2,1,1,1,0,1,2,2,0,37,18,19
BOSQUE COUNTY,035,56 Years,269,130,139,230,110,120,2,1,1,1,0,1,4,2,2,32,17,15
BOSQUE COUNTY,035,57 Years,298,148,150,261,127,134,3,3,0,0,0,0,4,1,3,30,17,13
BOSQUE COUNTY,035,58 Years,304,161,143,262,140,122,8,3,5,1,0,1,4,1,3,29,17,12
BOSQUE COUNTY,035,59 Years,288,148,140,252,128,124,3,1,2,1,0,1,7,3,4,25,16,9
BOSQUE COUNTY,035,60 Years,310,148,162,278,131,147,3,1,2,0,0,0,4,1,3,25,15,10
BOSQUE COUNTY,035,61 Years,303,148,155,267,128,139,6,5,1,0,0,0,4,0,4,26,15,11
BOSQUE COUNTY,035,62 Years,290,157,133,257,138,119,6,6,0,0,0,0,5,2,3,22,11,11
BOSQUE COUNTY,035,63 Years,265,135,130,237,119,118,4,2,2,0,0,0,5,2,3,19,12,7
BOSQUE COUNTY,035,64 Years,274,144,130,242,124,118,7,3,4,0,0,0,4,3,1,21,14,7
BOSQUE COUNTY,035,65 Years,286,137,149,256,119,137,5,3,2,0,0,0,5,3,2,20,12,8
BOSQUE COUNTY,035,66 Years,274,141,133,252,128,124,3,1,2,0,0,0,3,2,1,16,10,6
BOSQUE COUNTY,035,67 Years,283,155,128,258,140,118,2,1,1,0,0,0,7,5,2,16,9,7
BOSQUE COUNTY,035,68 Years,282,142,140,243,127,116,6,4,2,2,1,1,2,1,1,29,9,20
BOSQUE COUNTY,035,69 Years,283,138,145,256,125,131,4,3,1,1,0,1,4,3,1,18,7,11
BOSQUE COUNTY,035,70 Years,285,126,159,264,118,146,1,1,0,1,0,1,1,1,0,18,6,12
BOSQUE COUNTY,035,71 Years,242,120,122,218,107,111,2,1,1,0,0,0,2,2,0,20,10,10
BOSQUE COUNTY,035,72 Years,246,115,131,223,108,115,4,0,4,0,0,0,1,0,1,18,7,11
BOSQUE COUNTY,035,73 Years,245,111,134,227,104,123,1,0,1,0,0,0,2,1,1,15,6,9
BOSQUE COUNTY,035,74 Years,210,90,120,195,81,114,1,0,1,1,1,0,3,2,1,10,6,4
BOSQUE COUNTY,035,75 Years,219,105,114,201,97,104,2,1,1,0,0,0,3,1,2,13,6,7
BOSQUE COUNTY,035,76 Years,199,90,109,185,82,103,2,1,1,0,0,0,1,1,0,11,6,5
BOSQUE COUNTY,035,77 Years,189,97,92,175,89,86,2,1,1,0,0,0,0,0,0,12,7,5
BOSQUE COUNTY,035,78 Years,181,87,94,172,82,90,3,1,2,0,0,0,3,2,1,3,2,1
BOSQUE COUNTY,035,79 Years,159,74,85,142,65,77,3,2,1,2,1,1,2,1,1,10,5,5
BOSQUE COUNTY,035,80 Years,150,60,90,140,58,82,1,0,1,2,0,2,0,0,0,7,2,5
BOSQUE COUNTY,035,81 Years,126,54,72,115,48,67,4,3,1,0,0,0,2,1,1,5,2,3
BOSQUE COUNTY,035,82 Years,105,47,58,95,41,54,2,1,1,0,0,0,3,2,1,5,3,2
BOSQUE COUNTY,035,83 Years,90,44,46,81,38,43,2,2,0,1,0,1,1,1,0,5,3,2
BOSQUE COUNTY,035,84 Years,103,48,55,93,43,50,2,1,1,0,0,0,2,1,1,6,3,3
BOSQUE COUNTY,035,85 Years,91,44,47,86,42,44,0,0,0,0,0,0,2,1,1,3,1,2
BOSQUE COUNTY,035,86 Years,73,37,36,66,35,31,0,0,0,1,0,1,2,1,1,4,1,3
BOSQUE COUNTY,035,87 Years,62,25,37,56,24,32,0,0,0,0,0,0,2,0,2,4,1,3
BOSQUE COUNTY,035,88 Years,58,24,34,54,23,31,1,0,1,0,0,0,1,0,1,2,1,1
BOSQUE COUNTY,035,89 Years,53,21,32,49,19,30,0,0,0,0,0,0,1,1,0,3,1,2
BOSQUE COUNTY,035,90 Years,42,16,26,37,14,23,0,0,0,2,0,2,1,1,0,2,1,1
BOSQUE COUNTY,035,91 Years,34,15,19,30,13,17,1,0,1,1,0,1,1,1,0,1,1,0
BOSQUE COUNTY,035,92 Years,34,12,22,30,11,19,1,0,1,0,0,0,1,1,0,2,0,2
BOSQUE COUNTY,035,93 Years,26,10,16,25,10,15,0,0,0,0,0,0,1,0,1,0,0,0
BOSQUE COUNTY,035,94 Years,18,7,11,17,7,10,0,0,0,0,0,0,1,0,1,0,0,0
BOSQUE COUNTY,035,95 Years +,51,14,37,48,12,36,0,0,0,0,0,0,0,0,0,3,2,1
BOWIE COUNTY,037,All Ages,97096,48936,48160,62274,30643,31631,23676,11829,11847,959,406,553,3129,1612,1517,7058,4446,2612
BOWIE COUNTY,037,< 1 Year,1072,532,540,559,281,278,300,149,151,5,2,3,115,53,62,93,47,46
BOWIE COUNTY,037,1 Years,1075,533,542,547,275,272,306,152,154,5,2,3,120,55,65,97,49,48
BOWIE COUNTY,037,2 Years,1094,549,545,575,295,280,301,146,155,6,3,3,110,53,57,102,52,50
BOWIE COUNTY,037,3 Years,1083,556,527,560,292,268,309,153,156,5,3,2,107,56,51,102,52,50
BOWIE COUNTY,037,4 Years,1083,554,529,573,298,275,307,151,156,5,2,3,96,52,44,102,51,51
BOWIE COUNTY,037,5 Years,1088,563,525,578,299,279,317,158,159,6,4,2,81,48,33,106,54,52
BOWIE COUNTY,037,6 Years,1084,553,531,591,300,291,308,153,155,4,2,2,74,42,32,107,56,51
BOWIE COUNTY,037,7 Years,996,510,486,544,285,259,279,145,134,3,0,3,75,32,43,95,48,47
BOWIE COUNTY,037,8 Years,1202,608,594,684,334,350,317,163,154,8,5,3,72,43,29,121,63,58
BOWIE COUNTY,037,9 Years,1262,658,604,712,369,343,346,187,159,8,4,4,73,43,30,123,55,68
BOWIE COUNTY,037,10 Years,1334,683,651,739,371,368,358,183,175,6,2,4,88,56,32,143,71,72
BOWIE COUNTY,037,11 Years,1282,670,612,735,390,345,321,163,158,10,4,6,83,41,42,133,72,61
BOWIE COUNTY,037,12 Years,1300,672,628,726,381,345,360,179,181,11,5,6,83,45,38,120,62,58
BOWIE COUNTY,037,13 Years,1294,679,615,739,376,363,356,182,174,11,6,5,73,46,27,115,69,46
BOWIE COUNTY,037,14 Years,1250,631,619,732,372,360,333,163,170,9,5,4,66,41,25,110,50,60
BOWIE COUNTY,037,15 Years,1259,659,600,727,384,343,341,157,184,25,18,7,63,42,21,103,58,45
BOWIE COUNTY,037,16 Years,1272,645,627,722,366,356,353,179,174,27,12,15,62,34,28,108,54,54
BOWIE COUNTY,037,17 Years,1231,619,612,700,346,354,343,180,163,25,4,21,65,33,32,98,56,42
BOWIE COUNTY,037,18 Years,1195,634,561,667,339,328,342,196,146,16,5,11,65,35,30,105,59,46
BOWIE COUNTY,037,19 Years,1037,555,482,539,277,262,313,176,137,20,14,6,59,30,29,106,58,48
BOWIE COUNTY,037,20 Years,1100,619,481,586,318,268,311,179,132,21,16,5,50,28,22,132,78,54
BOWIE COUNTY,037,21 Years,1176,627,549,610,304,306,352,207,145,13,9,4,65,33,32,136,74,62
BOWIE COUNTY,037,22 Years,1230,645,585,655,340,315,364,194,170,12,6,6,75,34,41,124,71,53
BOWIE COUNTY,037,23 Years,1358,759,599,749,405,344,402,224,178,11,5,6,66,44,22,130,81,49
BOWIE COUNTY,037,24 Years,1380,722,658,757,385,372,435,229,206,9,4,5,54,35,19,125,69,56
BOWIE COUNTY,037,25 Years,1436,770,666,794,410,384,443,244,199,6,1,5,47,23,24,146,92,54
BOWIE COUNTY,037,26 Years,1470,797,673,829,432,397,433,234,199,5,1,4,50,23,27,153,107,46
BOWIE COUNTY,037,27 Years,1465,759,706,852,422,430,424,212,212,7,6,1,29,12,17,153,107,46
BOWIE COUNTY,037,28 Years,1411,711,700,813,390,423,436,204,232,9,8,1,19,9,10,134,100,34
BOWIE COUNTY,037,29 Years,1535,811,724,935,495,440,429,197,232,5,2,3,15,10,5,151,107,44
BOWIE COUNTY,037,30 Years,1568,801,767,914,456,458,451,203,248,9,3,6,22,11,11,172,128,44
BOWIE COUNTY,037,31 Years,1371,763,608,849,450,399,349,186,163,8,5,3,16,9,7,149,113,36
BOWIE COUNTY,037,32 Years,1397,794,603,849,472,377,355,189,166,7,5,2,33,15,18,153,113,40
BOWIE COUNTY,037,33 Years,1315,682,633,804,386,418,353,189,164,6,2,4,20,8,12,132,97,35
BOWIE COUNTY,037,34 Years,1316,720,596,817,417,400,332,186,146,9,4,5,14,6,8,144,107,37
BOWIE COUNTY,037,35 Years,1249,702,547,779,405,374,309,170,139,12,8,4,17,11,6,132,108,24
BOWIE COUNTY,037,36 Years,1220,662,558,722,352,370,322,178,144,7,5,2,25,12,13,144,115,29
BOWIE COUNTY,037,37 Years,1281,717,564,771,391,380,320,189,131,10,5,5,20,9,11,160,123,37
BOWIE COUNTY,037,38 Years,1303,713,590,775,393,382,342,190,152,20,6,14,22,10,12,144,114,30
BOWIE COUNTY,037,39 Years,1273,668,605,752,368,384,346,182,164,23,5,18,26,9,17,126,104,22
BOWIE COUNTY,037,40 Years,1256,661,595,780,379,401,312,176,136,21,5,16,17,4,13,126,97,29
BOWIE COUNTY,037,41 Years,1188,663,525,728,384,344,293,161,132,20,14,6,26,14,12,121,90,31
BOWIE COUNTY,037,42 Years,1198,651,547,731,393,338,317,165,152,22,9,13,16,6,10,112,78,34
BOWIE COUNTY,037,43 Years,1195,624,571,743,372,371,289,155,134,32,14,18,16,8,8,115,75,40
BOWIE COUNTY,037,44 Years,1235,655,580,780,402,378,300,155,145,33,16,17,20,9,11,102,73,29
BOWIE COUNTY,037,45 Years,1239,661,578,825,431,394,280,139,141,19,10,9,23,15,8,92,66,26
BOWIE COUNTY,037,46 Years,1280,661,619,874,445,429,290,141,149,15,8,7,14,8,6,87,59,28
BOWIE COUNTY,037,47 Years,1278,661,617,859,430,429,280,141,139,32,17,15,16,10,6,91,63,28
BOWIE COUNTY,037,48 Years,1174,626,548,791,420,371,265,140,125,30,9,21,16,7,9,72,50,22
BOWIE COUNTY,037,49 Years,1187,618,569,780,392,388,280,143,137,27,7,20,22,17,5,78,59,19
BOWIE COUNTY,037,50 Years,1119,568,551,748,378,370,263,124,139,15,6,9,17,10,7,76,50,26
BOWIE COUNTY,037,51 Years,1121,555,566,755,382,373,263,122,141,16,3,13,16,4,12,71,44,27
BOWIE COUNTY,037,52 Years,1233,594,639,821,396,425,298,134,164,23,6,17,21,13,8,70,45,25
BOWIE COUNTY,037,53 Years,1230,610,620,843,417,426,288,137,151,17,7,10,20,9,11,62,40,22
BOWIE COUNTY,037,54 Years,1298,637,661,917,449,468,289,137,152,9,4,5,23,9,14,60,38,22
BOWIE COUNTY,037,55 Years,1307,648,659,920,448,472,306,163,143,8,1,7,25,6,19,48,30,18
BOWIE COUNTY,037,56 Years,1285,631,654,884,426,458,309,159,150,18,4,14,21,9,12,53,33,20
BOWIE COUNTY,037,57 Years,1318,651,667,922,446,476,301,153,148,13,6,7,34,16,18,48,30,18
BOWIE COUNTY,037,58 Years,1224,607,617,863,432,431,284,136,148,10,3,7,26,10,16,41,26,15
BOWIE COUNTY,037,59 Years,1212,613,599,866,439,427,275,132,143,9,2,7,22,12,10,40,28,12
BOWIE COUNTY,037,60 Years,1226,597,629,901,447,454,254,112,142,19,5,14,22,10,12,30,23,7
BOWIE COUNTY,037,61 Years,1209,583,626,855,410,445,292,141,151,10,2,8,22,9,13,30,21,9
BOWIE COUNTY,037,62 Years,1158,542,616,840,400,440,254,116,138,6,1,5,20,9,11,38,16,22
BOWIE COUNTY,037,63 Years,1138,543,595,833,401,432,242,114,128,11,4,7,18,8,10,34,16,18
BOWIE COUNTY,037,64 Years,1116,514,602,821,379,442,240,108,132,7,4,3,19,9,10,29,14,15
BOWIE COUNTY,037,65 Years,1065,490,575,814,377,437,206,93,113,9,5,4,19,7,12,17,8,9
BOWIE COUNTY,037,66 Years,1063,507,556,806,395,411,212,91,121,6,3,3,23,9,14,16,9,7
BOWIE COUNTY,037,67 Years,1013,481,532,772,376,396,193,85,108,7,1,6,14,8,6,27,11,16
BOWIE COUNTY,037,68 Years,1016,488,528,787,388,399,174,75,99,8,2,6,21,12,9,26,11,15
BOWIE COUNTY,037,69 Years,1076,504,572,832,390,442,193,88,105,9,4,5,23,13,10,19,9,10
BOWIE COUNTY,037,70 Years,1059,493,566,835,385,450,175,84,91,4,2,2,25,12,13,20,10,10
BOWIE COUNTY,037,71 Years,842,384,458,668,309,359,133,52,81,4,2,2,15,7,8,22,14,8
BOWIE COUNTY,037,72 Years,782,334,448,611,266,345,137,55,82,4,1,3,15,6,9,15,6,9
BOWIE COUNTY,037,73 Years,824,349,475,660,281,379,130,54,76,4,1,3,16,7,9,14,6,8
BOWIE COUNTY,037,74 Years,771,330,441,637,275,362,107,46,61,2,0,2,14,6,8,11,3,8
BOWIE COUNTY,037,75 Years,698,311,387,573,258,315,101,40,61,4,1,3,12,7,5,8,5,3
BOWIE COUNTY,037,76 Years,622,292,330,516,247,269,81,33,48,4,3,1,12,5,7,9,4,5
BOWIE COUNTY,037,77 Years,588,250,338,489,215,274,81,26,55,2,1,1,7,3,4,9,5,4
BOWIE COUNTY,037,78 Years,545,248,297,451,208,243,70,30,40,3,0,3,9,4,5,12,6,6
BOWIE COUNTY,037,79 Years,475,206,269,392,176,216,67,22,45,3,1,2,4,3,1,9,4,5
BOWIE COUNTY,037,80 Years,453,191,262,377,166,211,59,19,40,2,0,2,8,3,5,7,3,4
BOWIE COUNTY,037,81 Years,399,165,234,335,141,194,48,17,31,1,0,1,9,4,5,6,3,3
BOWIE COUNTY,037,82 Years,381,147,234,313,122,191,50,18,32,4,2,2,8,2,6,6,3,3
BOWIE COUNTY,037,83 Years,338,136,202,282,114,168,42,15,27,2,1,1,7,4,3,5,2,3
BOWIE COUNTY,037,84 Years,323,119,204,265,101,164,44,12,32,1,0,1,6,3,3,7,3,4
BOWIE COUNTY,037,85 Years,298,104,194,244,90,154,41,11,30,0,0,0,6,2,4,7,1,6
BOWIE COUNTY,037,86 Years,254,90,164,210,78,132,35,9,26,0,0,0,6,3,3,3,0,3
BOWIE COUNTY,037,87 Years,222,77,145,183,65,118,28,8,20,2,0,2,5,3,2,4,1,3
BOWIE COUNTY,037,88 Years,220,74,146,181,65,116,29,6,23,2,0,2,5,2,3,3,1,2
BOWIE COUNTY,037,89 Years,196,64,132,163,56,107,29,6,23,1,0,1,2,1,1,1,1,0
BOWIE COUNTY,037,90 Years,167,58,109,134,48,86,27,7,20,1,0,1,3,2,1,2,1,1
BOWIE COUNTY,037,91 Years,151,44,107,124,36,88,21,7,14,0,0,0,2,0,2,4,1,3
BOWIE COUNTY,037,92 Years,129,37,92,102,29,73,20,5,15,1,0,1,2,1,1,4,2,2
BOWIE COUNTY,037,93 Years,95,26,69,78,22,56,13,2,11,1,0,1,2,1,1,1,1,0
BOWIE COUNTY,037,94 Years,71,17,54,55,13,42,11,2,9,1,0,1,1,0,1,3,2,1
BOWIE COUNTY,037,95 Years +,189,41,148,144,32,112,37,6,31,1,1,0,1,0,1,6,2,4
BRAZORIA COUNTY,039,All Ages,360902,182690,178212,173254,86715,86539,47753,24631,23122,23532,11533,11999,7814,3892,3922,108549,55919,52630
BRAZORIA COUNTY,039,< 1 Year,4680,2387,2293,1826,937,889,559,276,283,302,154,148,215,112,103,1778,908,870
BRAZORIA COUNTY,039,1 Years,4758,2447,2311,1861,963,898,572,289,283,308,161,147,210,111,99,1807,923,884
BRAZORIA COUNTY,039,2 Years,4885,2506,2379,1988,1027,961,561,283,278,324,169,155,215,114,101,1797,913,884
BRAZORIA COUNTY,039,3 Years,4895,2512,2383,2012,1028,984,552,290,262,316,168,148,202,109,93,1813,917,896
BRAZORIA COUNTY,039,4 Years,4852,2471,2381,1997,1001,996,530,275,255,319,167,152,203,110,93,1803,918,885
BRAZORIA COUNTY,039,5 Years,4797,2463,2334,1937,983,954,509,272,237,331,177,154,205,112,93,1815,919,896
BRAZORIA COUNTY,039,6 Years,4945,2563,2382,1981,1005,976,534,288,246,349,188,161,211,111,100,1870,971,899
BRAZORIA COUNTY,039,7 Years,4929,2498,2431,1971,997,974,515,267,248,344,177,167,202,100,102,1897,957,940
BRAZORIA COUNTY,039,8 Years,5533,2763,2770,2183,1070,1113,624,307,317,395,202,193,214,108,106,2117,1076,1041
BRAZORIA COUNTY,039,9 Years,5478,2786,2692,2124,1080,1044,613,304,309,394,217,177,195,91,104,2152,1094,1058
BRAZORIA COUNTY,039,10 Years,5628,2863,2765,2163,1111,1052,659,309,350,382,201,181,209,104,105,2215,1138,1077
BRAZORIA COUNTY,039,11 Years,5407,2796,2611,2155,1148,1007,625,319,306,357,199,158,184,105,79,2086,1025,1061
BRAZORIA COUNTY,039,12 Years,5365,2749,2616,2088,1071,1017,618,304,314,392,224,168,189,93,96,2078,1057,1021
BRAZORIA COUNTY,039,13 Years,5423,2745,2678,2131,1057,1074,678,326,352,374,204,170,170,83,87,2070,1075,995
BRAZORIA COUNTY,039,14 Years,5412,2781,2631,2154,1107,1047,653,325,328,359,187,172,180,89,91,2066,1073,993
BRAZORIA COUNTY,039,15 Years,5475,2793,2682,2207,1142,1065,707,347,360,344,166,178,163,79,84,2054,1059,995
BRAZORIA COUNTY,039,16 Years,5536,2821,2715,2310,1176,1134,717,383,334,359,170,189,150,70,80,2000,1022,978
BRAZORIA COUNTY,039,17 Years,5599,2894,2705,2419,1263,1156,718,391,327,315,153,162,148,73,75,1999,1014,985
BRAZORIA COUNTY,039,18 Years,5042,2653,2389,2186,1163,1023,684,386,298,260,133,127,127,65,62,1785,906,879
BRAZORIA COUNTY,039,19 Years,4601,2428,2173,1935,1038,897,614,321,293,248,126,122,106,56,50,1698,887,811
BRAZORIA COUNTY,039,20 Years,4517,2402,2115,1878,1001,877,667,352,315,245,129,116,111,56,55,1616,864,752
BRAZORIA COUNTY,039,21 Years,4497,2316,2181,1808,944,864,654,342,312,261,133,128,112,59,53,1662,838,824
BRAZORIA COUNTY,039,22 Years,4672,2415,2257,1875,976,899,704,390,314,278,138,140,126,68,58,1689,843,846
BRAZORIA COUNTY,039,23 Years,4748,2483,2265,1888,983,905,747,433,314,290,145,145,115,57,58,1708,865,843
BRAZORIA COUNTY,039,24 Years,4961,2629,2332,1957,1008,949,799,441,358,307,146,161,130,60,70,1768,974,794
BRAZORIA COUNTY,039,25 Years,4935,2610,2325,1922,1020,902,755,399,356,304,151,153,129,56,73,1825,984,841
BRAZORIA COUNTY,039,26 Years,4769,2496,2273,1919,1011,908,654,350,304,293,159,134,107,42,65,1796,934,862
BRAZORIA COUNTY,039,27 Years,4704,2422,2282,1833,937,896,631,321,310,306,163,143,97,45,52,1837,956,881
BRAZORIA COUNTY,039,28 Years,4563,2390,2173,1883,978,905,579,309,270,346,163,183,86,39,47,1669,901,768
BRAZORIA COUNTY,039,29 Years,4516,2357,2159,1905,980,925,568,323,245,313,154,159,88,37,51,1642,863,779
BRAZORIA COUNTY,039,30 Years,4517,2375,2142,1899,982,917,597,355,242,279,141,138,95,42,53,1647,855,792
BRAZORIA COUNTY,039,31 Years,4552,2406,2146,1968,1019,949,574,336,238,310,155,155,78,35,43,1622,861,761
BRAZORIA COUNTY,039,32 Years,4802,2493,2309,2120,1084,1036,606,317,289,317,168,149,85,40,45,1674,884,790
BRAZORIA COUNTY,039,33 Years,4801,2456,2345,2091,1045,1046,615,321,294,310,169,141,77,41,36,1708,880,828
BRAZORIA COUNTY,039,34 Years,5066,2604,2462,2207,1099,1108,594,350,244,373,182,191,92,54,38,1800,919,881
BRAZORIA COUNTY,039,35 Years,5183,2636,2547,2305,1145,1160,628,357,271,373,159,214,89,50,39,1788,925,863
BRAZORIA COUNTY,039,36 Years,5261,2657,2604,2313,1151,1162,757,395,362,386,156,230,78,38,40,1727,917,810
BRAZORIA COUNTY,039,37 Years,5278,2664,2614,2342,1146,1196,797,425,372,393,178,215,84,46,38,1662,869,793
BRAZORIA COUNTY,039,38 Years,4942,2465,2477,2172,1086,1086,742,389,353,379,156,223,69,30,39,1580,804,776
BRAZORIA COUNTY,039,39 Years,5032,2625,2407,2207,1140,1067,727,387,340,395,193,202,75,41,34,1628,864,764
BRAZORIA COUNTY,039,40 Years,4990,2622,2368,2151,1099,1052,755,416,339,428,239,189,70,35,35,1586,833,753
BRAZORIA COUNTY,039,41 Years,4979,2544,2435,2151,1068,1083,733,385,348,450,240,210,66,35,31,1579,816,763
BRAZORIA COUNTY,039,42 Years,5025,2575,2450,2177,1116,1061,833,409,424,395,189,206,95,47,48,1525,814,711
BRAZORIA COUNTY,039,43 Years,5047,2552,2495,2186,1096,1090,829,414,415,467,211,256,83,36,47,1482,795,687
BRAZORIA COUNTY,039,44 Years,5204,2652,2552,2244,1116,1128,850,448,402,513,234,279,88,49,39,1509,805,704
BRAZORIA COUNTY,039,45 Years,5263,2707,2556,2365,1202,1163,867,465,402,471,227,244,81,38,43,1479,775,704
BRAZORIA COUNTY,039,46 Years,5415,2758,2657,2562,1284,1278,872,471,401,447,211,236,84,42,42,1450,750,700
BRAZORIA COUNTY,039,47 Years,5215,2666,2549,2493,1279,1214,869,442,427,412,197,215,83,41,42,1358,707,651
BRAZORIA COUNTY,039,48 Years,4895,2526,2369,2399,1225,1174,761,405,356,413,199,214,75,35,40,1247,662,585
BRAZORIA COUNTY,039,49 Years,4726,2453,2273,2288,1179,1109,751,418,333,391,189,202,69,32,37,1227,635,592
BRAZORIA COUNTY,039,50 Years,4707,2444,2263,2310,1179,1131,768,440,328,336,158,178,56,31,25,1237,636,601
BRAZORIA COUNTY,039,51 Years,4627,2431,2196,2301,1208,1093,785,417,368,319,163,156,58,26,32,1164,617,547
BRAZORIA COUNTY,039,52 Years,4774,2430,2344,2439,1218,1221,773,408,365,330,159,171,58,27,31,1174,618,556
BRAZORIA COUNTY,039,53 Years,4857,2428,2429,2565,1274,1291,766,391,375,305,129,176,67,36,31,1154,598,556
BRAZORIA COUNTY,039,54 Years,4894,2530,2364,2674,1342,1332,753,400,353,286,152,134,72,35,37,1109,601,508
BRAZORIA COUNTY,039,55 Years,4781,2405,2376,2701,1310,1391,701,359,342,255,135,120,65,30,35,1059,571,488
BRAZORIA COUNTY,039,56 Years,4709,2317,2392,2689,1304,1385,703,337,366,236,111,125,66,32,34,1015,533,482
BRAZORIA COUNTY,039,57 Years,4815,2422,2393,2862,1406,1456,664,345,319,249,109,140,76,39,37,964,523,441
BRAZORIA COUNTY,039,58 Years,4699,2346,2353,2803,1393,1410,644,330,314,235,106,129,63,28,35,954,489,465
BRAZORIA COUNTY,039,59 Years,4600,2273,2327,2802,1373,1429,638,328,310,211,98,113,53,23,30,896,451,445
BRAZORIA COUNTY,039,60 Years,4389,2162,2227,2671,1296,1375,592,302,290,207,98,109,53,27,26,866,439,427
BRAZORIA COUNTY,039,61 Years,4159,2059,2100,2530,1239,1291,549,262,287,200,93,107,52,26,26,828,439,389
BRAZORIA COUNTY,039,62 Years,4164,2104,2060,2579,1281,1298,525,269,256,192,92,100,54,24,30,814,438,376
BRAZORIA COUNTY,039,63 Years,3966,2024,1942,2456,1254,1202,497,235,262,202,97,105,47,23,24,764,415,349
BRAZORIA COUNTY,039,64 Years,3796,1948,1848,2347,1211,1136,486,245,241,209,86,123,45,24,21,709,382,327
BRAZORIA COUNTY,039,65 Years,3464,1708,1756,2183,1094,1089,447,193,254,163,68,95,45,23,22,626,330,296
BRAZORIA COUNTY,039,66 Years,3136,1516,1620,1930,957,973,427,175,252,171,75,96,53,22,31,555,287,268
BRAZORIA COUNTY,039,67 Years,3047,1466,1581,1963,960,1003,369,161,208,165,73,92,41,18,23,509,254,255
BRAZORIA COUNTY,039,68 Years,2952,1405,1547,1915,937,978,332,149,183,168,69,99,45,20,25,492,230,262
BRAZORIA COUNTY,039,69 Years,2866,1412,1454,1915,961,954,294,141,153,160,62,98,42,22,20,455,226,229
BRAZORIA COUNTY,039,70 Years,2722,1328,1394,1885,923,962,258,122,136,148,67,81,35,19,16,396,197,199
BRAZORIA COUNTY,039,71 Years,2142,1018,1124,1451,705,746,200,85,115,130,65,65,25,10,15,336,153,183
BRAZORIA COUNTY,039,72 Years,2076,970,1106,1375,667,708,210,80,130,128,49,79,29,16,13,334,158,176
BRAZORIA COUNTY,039,73 Years,2097,971,1126,1441,670,771,210,90,120,104,41,63,26,16,10,316,154,162
BRAZORIA COUNTY,039,74 Years,1919,883,1036,1365,636,729,179,79,100,92,43,49,25,14,11,258,111,147
BRAZORIA COUNTY,039,75 Years,1720,792,928,1227,580,647,148,64,84,92,46,46,19,8,11,234,94,140
BRAZORIA COUNTY,039,76 Years,1566,705,861,1101,507,594,138,59,79,79,37,42,15,4,11,233,98,135
BRAZORIA COUNTY,039,77 Years,1457,658,799,1039,483,556,127,56,71,75,32,43,13,4,9,203,83,120
BRAZORIA COUNTY,039,78 Years,1333,615,718,979,456,523,100,46,54,63,30,33,15,6,9,176,77,99
BRAZORIA COUNTY,039,79 Years,1230,569,661,912,433,479,87,34,53,53,27,26,15,9,6,163,66,97
BRAZORIA COUNTY,039,80 Years,1069,479,590,801,363,438,72,32,40,40,16,24,10,8,2,146,60,86
BRAZORIA COUNTY,039,81 Years,1039,430,609,780,339,441,68,25,43,43,12,31,8,4,4,140,50,90
BRAZORIA COUNTY,039,82 Years,1010,423,587,752,326,426,56,20,36,46,21,25,9,3,6,147,53,94
BRAZORIA COUNTY,039,83 Years,885,379,506,661,294,367,58,19,39,38,20,18,7,3,4,121,43,78
BRAZORIA COUNTY,039,84 Years,777,313,464,588,248,340,58,16,42,32,15,17,6,2,4,93,32,61
BRAZORIA COUNTY,039,85 Years,652,247,405,485,189,296,54,16,38,27,9,18,5,2,3,81,31,50
BRAZORIA COUNTY,039,86 Years,598,220,378,444,169,275,45,11,34,31,11,20,4,1,3,74,28,46
BRAZORIA COUNTY,039,87 Years,552,202,350,419,155,264,39,15,24,19,8,11,3,1,2,72,23,49
BRAZORIA COUNTY,039,88 Years,489,177,312,377,137,240,37,14,23,14,5,9,2,1,1,59,20,39
BRAZORIA COUNTY,039,89 Years,404,143,261,310,115,195,34,9,25,12,6,6,3,1,2,45,12,33
BRAZORIA COUNTY,039,90 Years,347,120,227,265,96,169,24,5,19,10,5,5,4,1,3,44,13,31
BRAZORIA COUNTY,039,91 Years,281,97,184,217,78,139,17,4,13,10,4,6,3,2,1,34,9,25
BRAZORIA COUNTY,039,92 Years,219,74,145,167,57,110,11,3,8,8,3,5,2,0,2,31,11,20
BRAZORIA COUNTY,039,93 Years,172,52,120,126,38,88,13,4,9,7,3,4,2,0,2,24,7,17
BRAZORIA COUNTY,039,94 Years,134,42,92,100,31,69,10,3,7,5,3,2,1,0,1,18,5,13
BRAZORIA COUNTY,039,95 Years +,295,78,217,216,57,159,30,6,24,10,5,5,2,0,2,37,10,27
BRAZOS COUNTY,041,All Ages,222764,112648,110116,123656,62338,61318,24609,11846,12763,12660,6936,5724,4752,2336,2416,57087,29192,27895
BRAZOS COUNTY,041,< 1 Year,2695,1359,1336,1087,550,537,394,200,194,135,66,69,112,54,58,967,489,478
BRAZOS COUNTY,041,1 Years,2763,1396,1367,1132,570,562,400,199,201,148,75,73,121,61,60,962,491,471
BRAZOS COUNTY,041,2 Years,2844,1438,1406,1169,590,579,406,205,201,154,80,74,134,68,66,981,495,486
BRAZOS COUNTY,041,3 Years,2833,1420,1413,1170,591,579,411,199,212,155,81,74,135,67,68,962,482,480
BRAZOS COUNTY,041,4 Years,2749,1384,1365,1149,587,562,394,197,197,141,74,67,133,63,70,932,463,469
BRAZOS COUNTY,041,5 Years,2679,1351,1328,1152,588,564,389,194,195,127,70,57,125,59,66,886,440,446
BRAZOS COUNTY,041,6 Years,2743,1396,1347,1186,595,591,390,204,186,130,72,58,131,64,67,906,461,445
BRAZOS COUNTY,041,7 Years,2579,1276,1303,1096,526,570,375,189,186,117,60,57,118,53,65,873,448,425
BRAZOS COUNTY,041,8 Years,2772,1383,1389,1127,561,566,397,202,195,101,52,49,125,61,64,1022,507,515
BRAZOS COUNTY,041,9 Years,2856,1449,1407,1144,570,574,427,228,199,118,68,50,124,57,67,1043,526,517
BRAZOS COUNTY,041,10 Years,2821,1465,1356,1115,581,534,427,220,207,112,60,52,135,59,76,1032,545,487
BRAZOS COUNTY,041,11 Years,2663,1339,1324,1033,532,501,409,200,209,107,52,55,109,54,55,1005,501,504
BRAZOS COUNTY,041,12 Years,2682,1374,1308,1073,559,514,388,186,202,126,71,55,88,51,37,1007,507,500
BRAZOS COUNTY,041,13 Years,2621,1354,1267,1051,555,496,418,211,207,123,68,55,100,45,55,929,475,454
BRAZOS COUNTY,041,14 Years,2629,1359,1270,1081,578,503,415,199,216,100,52,48,83,41,42,950,489,461
BRAZOS COUNTY,041,15 Years,2601,1297,1304,1069,556,513,406,186,220,98,44,54,67,35,32,961,476,485
BRAZOS COUNTY,041,16 Years,2661,1371,1290,1077,568,509,397,199,198,130,59,71,72,29,43,985,516,469
BRAZOS COUNTY,041,17 Years,2720,1398,1322,1105,548,557,400,213,187,158,85,73,64,30,34,993,522,471
BRAZOS COUNTY,041,18 Years,5556,2764,2792,3396,1653,1743,444,238,206,294,177,117,104,39,65,1318,657,661
BRAZOS COUNTY,041,19 Years,10643,5395,5248,7238,3666,3572,560,282,278,522,296,226,156,86,70,2167,1065,1102
BRAZOS COUNTY,041,20 Years,10707,5524,5183,7373,3729,3644,573,300,273,539,328,211,146,74,72,2076,1093,983
BRAZOS COUNTY,041,21 Years,10091,5412,4679,6930,3693,3237,539,284,255,532,308,224,157,78,79,1933,1049,884
BRAZOS COUNTY,041,22 Years,8439,4745,3694,5666,3231,2435,493,250,243,483,287,196,121,48,73,1676,929,747
BRAZOS COUNTY,041,23 Years,5630,3284,2346,3298,1961,1337,511,267,244,427,269,158,77,41,36,1317,746,571
BRAZOS COUNTY,041,24 Years,4203,2294,1909,2254,1257,997,459,214,245,383,235,148,59,27,32,1048,561,487
BRAZOS COUNTY,041,25 Years,4415,2317,2098,2256,1180,1076,461,218,243,451,262,189,104,60,44,1143,597,546
BRAZOS COUNTY,041,26 Years,4599,2340,2259,2371,1182,1189,481,247,234,391,225,166,121,67,54,1235,619,616
BRAZOS COUNTY,041,27 Years,4199,2124,2075,2227,1173,1054,428,204,224,283,148,135,133,64,69,1128,535,593
BRAZOS COUNTY,041,28 Years,3700,1824,1876,1937,961,976,381,191,190,274,131,143,134,69,65,974,472,502
BRAZOS COUNTY,041,29 Years,3402,1709,1693,1775,859,916,373,176,197,248,133,115,120,72,48,886,469,417
BRAZOS COUNTY,041,30 Years,3042,1492,1550,1446,691,755,362,175,187,305,171,134,91,49,42,838,406,432
BRAZOS COUNTY,041,31 Years,3193,1619,1574,1558,810,748,389,177,212,267,142,125,68,32,36,911,458,453
BRAZOS COUNTY,041,32 Years,3161,1619,1542,1533,778,755,382,169,213,259,153,106,78,37,41,909,482,427
BRAZOS COUNTY,041,33 Years,3052,1570,1482,1516,800,716,344,155,189,236,125,111,62,34,28,894,456,438
BRAZOS COUNTY,041,34 Years,3003,1564,1439,1437,752,685,372,168,204,217,114,103,58,33,25,919,497,422
BRAZOS COUNTY,041,35 Years,2956,1508,1448,1415,720,695,386,175,211,214,115,99,60,34,26,881,464,417
BRAZOS COUNTY,041,36 Years,2893,1475,1418,1400,708,692,364,174,190,211,117,94,54,29,25,864,447,417
BRAZOS COUNTY,041,37 Years,2762,1445,1317,1337,693,644,342,174,168,204,107,97,54,30,24,825,441,384
BRAZOS COUNTY,041,38 Years,2633,1344,1289,1328,684,644,294,143,151,197,104,93,43,24,19,771,389,382
BRAZOS COUNTY,041,39 Years,2517,1338,1179,1261,664,597,266,147,119,186,106,80,40,22,18,764,399,365
BRAZOS COUNTY,041,40 Years,2460,1262,1198,1235,639,596,275,143,132,191,99,92,38,16,22,721,365,356
BRAZOS COUNTY,041,41 Years,2297,1176,1121,1116,584,532,283,135,148,183,96,87,29,15,14,686,346,340
BRAZOS COUNTY,041,42 Years,2165,1099,1066,1010,524,486,244,105,139,189,100,89,29,12,17,693,358,335
BRAZOS COUNTY,041,43 Years,2137,1100,1037,1030,532,498,256,125,131,200,118,82,25,11,14,626,314,312
BRAZOS COUNTY,041,44 Years,2142,1074,1068,1034,512,522,260,125,135,192,109,83,28,11,17,628,317,311
BRAZOS COUNTY,041,45 Years,2151,1082,1069,1084,545,539,266,122,144,158,93,65,23,9,14,620,313,307
BRAZOS COUNTY,041,46 Years,2220,1076,1144,1182,580,602,289,123,166,136,69,67,22,8,14,591,296,295
BRAZOS COUNTY,041,47 Years,2134,1039,1095,1159,562,597,256,108,148,134,61,73,21,10,11,564,298,266
BRAZOS COUNTY,041,48 Years,1979,962,1017,1064,511,553,251,123,128,122,57,65,23,7,16,519,264,255
BRAZOS COUNTY,041,49 Years,1918,970,948,1020,515,505,271,140,131,82,39,43,23,10,13,522,266,256
BRAZOS COUNTY,041,50 Years,1881,932,949,1001,493,508,277,125,152,85,47,38,20,10,10,498,257,241
BRAZOS COUNTY,041,51 Years,1916,951,965,1034,505,529,287,132,155,98,52,46,18,11,7,479,251,228
BRAZOS COUNTY,041,52 Years,1957,962,995,1069,523,546,286,139,147,94,46,48,17,9,8,491,245,246
BRAZOS COUNTY,041,53 Years,2037,1007,1030,1111,541,570,282,132,150,108,58,50,22,11,11,514,265,249
BRAZOS COUNTY,041,54 Years,1979,968,1011,1139,540,599,280,127,153,89,58,31,27,15,12,444,228,216
BRAZOS COUNTY,041,55 Years,1838,885,953,1087,508,579,259,116,143,92,61,31,24,10,14,376,190,186
BRAZOS COUNTY,041,56 Years,1931,923,1008,1180,550,630,238,111,127,88,46,42,20,10,10,405,206,199
BRAZOS COUNTY,041,57 Years,1962,952,1010,1212,573,639,267,128,139,82,40,42,21,10,11,380,201,179
BRAZOS COUNTY,041,58 Years,1833,897,936,1163,573,590,228,98,130,79,36,43,16,7,9,347,183,164
BRAZOS COUNTY,041,59 Years,1860,922,938,1177,584,593,232,107,125,72,37,35,17,7,10,362,187,175
BRAZOS COUNTY,041,60 Years,1878,910,968,1199,579,620,235,107,128,73,37,36,17,7,10,354,180,174
BRAZOS COUNTY,041,61 Years,1761,835,926,1184,558,626,196,92,104,62,35,27,15,6,9,304,144,160
BRAZOS COUNTY,041,62 Years,1679,800,879,1118,531,587,198,91,107,60,33,27,18,9,9,285,136,149
BRAZOS COUNTY,041,63 Years,1646,790,856,1123,526,597,185,85,100,54,27,27,18,10,8,266,142,124
BRAZOS COUNTY,041,64 Years,1564,769,795,1099,540,559,169,75,94,49,21,28,13,7,6,234,126,108
BRAZOS COUNTY,041,65 Years,1474,713,761,1033,482,551,176,81,95,48,25,23,16,10,6,201,115,86
BRAZOS COUNTY,041,66 Years,1354,653,701,948,456,492,156,72,84,52,22,30,13,5,8,185,98,87
BRAZOS COUNTY,041,67 Years,1324,645,679,948,476,472,142,65,77,45,20,25,11,5,6,178,79,99
BRAZOS COUNTY,041,68 Years,1196,567,629,879,417,462,115,52,63,32,17,15,12,7,5,158,74,84
BRAZOS COUNTY,041,69 Years,1266,580,686,942,429,513,115,56,59,32,13,19,13,6,7,164,76,88
BRAZOS COUNTY,041,70 Years,1281,603,678,962,451,511,120,58,62,30,15,15,13,6,7,156,73,83
BRAZOS COUNTY,041,71 Years,1047,486,561,777,370,407,89,36,53,32,13,19,14,6,8,135,61,74
BRAZOS COUNTY,041,72 Years,990,442,548,720,333,387,89,35,54,29,12,17,10,4,6,142,58,84
BRAZOS COUNTY,041,73 Years,928,416,512,695,307,388,84,34,50,24,15,9,10,6,4,115,54,61
BRAZOS COUNTY,041,74 Years,857,398,459,658,310,348,74,28,46,18,10,8,8,4,4,99,46,53
BRAZOS COUNTY,041,75 Years,775,355,420,603,279,324,61,25,36,13,7,6,9,5,4,89,39,50
BRAZOS COUNTY,041,76 Years,716,316,400,558,241,317,63,27,36,13,7,6,6,2,4,76,39,37
BRAZOS COUNTY,041,77 Years,654,271,383,514,213,301,63,23,40,13,6,7,8,3,5,56,26,30
BRAZOS COUNTY,041,78 Years,612,270,342,487,218,269,64,27,37,12,6,6,4,1,3,45,18,27
BRAZOS COUNTY,041,79 Years,615,265,350,482,213,269,59,24,35,12,6,6,6,1,5,56,21,35
BRAZOS COUNTY,041,80 Years,558,238,320,424,186,238,48,16,32,9,4,5,5,2,3,72,30,42
BRAZOS COUNTY,041,81 Years,508,218,290,384,168,216,51,17,34,9,3,6,3,1,2,61,29,32
BRAZOS COUNTY,041,82 Years,464,200,264,355,160,195,46,14,32,11,3,8,3,2,1,49,21,28
BRAZOS COUNTY,041,83 Years,458,193,265,364,160,204,38,10,28,9,1,8,4,2,2,43,20,23
BRAZOS COUNTY,041,84 Years,404,164,240,315,134,181,41,15,26,5,1,4,5,1,4,38,13,25
BRAZOS COUNTY,041,85 Years,368,143,225,295,123,172,34,12,22,4,1,3,2,0,2,33,7,26
BRAZOS COUNTY,041,86 Years,314,117,197,264,103,161,22,7,15,6,1,5,1,1,0,21,5,16
BRAZOS COUNTY,041,87 Years,280,111,169,222,88,134,26,10,16,3,1,2,3,1,2,26,11,15
BRAZOS COUNTY,041,88 Years,234,89,145,187,71,116,21,6,15,3,1,2,3,1,2,20,10,10
BRAZOS COUNTY,041,89 Years,216,72,144,180,62,118,13,3,10,3,1,2,3,1,2,17,5,12
BRAZOS COUNTY,041,90 Years,175,62,113,137,49,88,15,5,10,2,1,1,3,2,1,18,5,13
BRAZOS COUNTY,041,91 Years,154,50,104,124,41,83,12,3,9,3,1,2,2,1,1,13,4,9
BRAZOS COUNTY,041,92 Years,124,42,82,103,34,69,9,2,7,3,2,1,1,1,0,8,3,5
BRAZOS COUNTY,041,93 Years,102,37,65,81,28,53,11,3,8,3,2,1,0,0,0,7,4,3
BRAZOS COUNTY,041,94 Years,84,22,62,64,18,46,10,2,8,1,0,1,0,0,0,9,2,7
BRAZOS COUNTY,041,95 Years +,200,52,148,153,40,113,25,5,20,6,2,4,1,1,0,15,4,11
BREWSTER COUNTY,043,All Ages,9487,4712,4775,4924,2443,2481,81,59,22,81,36,45,263,123,140,4138,2051,2087
BREWSTER COUNTY,043,< 1 Year,132,57,75,46,22,24,0,0,0,4,1,3,15,5,10,67,29,38
BREWSTER COUNTY,043,1 Years,126,61,65,45,20,25,3,2,1,5,3,2,14,7,7,59,29,30
BREWSTER COUNTY,043,2 Years,131,62,69,52,23,29,1,0,1,5,2,3,14,7,7,59,30,29
BREWSTER COUNTY,043,3 Years,134,63,71,59,26,33,0,0,0,3,1,2,11,4,7,61,32,29
BREWSTER COUNTY,043,4 Years,139,64,75,65,32,33,0,0,0,0,0,0,10,2,8,64,30,34
BREWSTER COUNTY,043,5 Years,137,65,72,63,34,29,0,0,0,0,0,0,10,2,8,64,29,35
BREWSTER COUNTY,043,6 Years,140,70,70,64,35,29,1,0,1,0,0,0,11,4,7,64,31,33
BREWSTER COUNTY,043,7 Years,141,66,75,64,35,29,0,0,0,0,0,0,9,3,6,68,28,40
BREWSTER COUNTY,043,8 Years,97,48,49,44,23,21,2,2,0,1,1,0,4,2,2,46,20,26
BREWSTER COUNTY,043,9 Years,87,44,43,38,18,20,0,0,0,1,1,0,3,1,2,45,24,21
BREWSTER COUNTY,043,10 Years,86,43,43,34,15,19,1,0,1,2,1,1,2,1,1,47,26,21
BREWSTER COUNTY,043,11 Years,106,52,54,45,20,25,0,0,0,2,1,1,4,2,2,55,29,26
BREWSTER COUNTY,043,12 Years,93,43,50,35,14,21,0,0,0,2,1,1,4,4,0,52,24,28
BREWSTER COUNTY,043,13 Years,95,53,42,44,25,19,0,0,0,0,0,0,3,2,1,48,26,22
BREWSTER COUNTY,043,14 Years,104,62,42,51,33,18,1,1,0,1,1,0,2,1,1,49,26,23
BREWSTER COUNTY,043,15 Years,107,63,44,48,30,18,2,2,0,3,1,2,3,2,1,51,28,23
BREWSTER COUNTY,043,16 Years,104,48,56,41,14,27,0,0,0,2,1,1,6,3,3,55,30,25
BREWSTER COUNTY,043,17 Years,118,62,56,52,25,27,0,0,0,0,0,0,4,2,2,62,35,27
BREWSTER COUNTY,043,18 Years,103,50,53,39,18,21,1,0,1,1,1,0,4,3,1,58,28,30
BREWSTER COUNTY,043,19 Years,100,49,51,39,22,17,2,1,1,2,1,1,2,1,1,55,24,31
BREWSTER COUNTY,043,20 Years,105,50,55,31,17,14,4,3,1,1,0,1,7,3,4,62,27,35
BREWSTER COUNTY,043,21 Years,116,54,62,41,17,24,6,5,1,1,1,0,5,1,4,63,30,33
BREWSTER COUNTY,043,22 Years,96,51,45,25,11,14,6,6,0,0,0,0,6,5,1,59,29,30
BREWSTER COUNTY,043,23 Years,94,43,51,26,8,18,4,4,0,3,0,3,2,2,0,59,29,30
BREWSTER COUNTY,043,24 Years,100,52,48,45,22,23,5,3,2,1,0,1,0,0,0,49,27,22
BREWSTER COUNTY,043,25 Years,88,47,41,40,23,17,3,3,0,0,0,0,0,0,0,45,21,24
BREWSTER COUNTY,043,26 Years,114,56,58,42,25,17,2,2,0,1,0,1,4,1,3,65,28,37
BREWSTER COUNTY,043,27 Years,118,60,58,43,20,23,0,0,0,0,0,0,4,3,1,71,37,34
BREWSTER COUNTY,043,28 Years,157,84,73,63,32,31,2,2,0,4,3,1,4,1,3,84,46,38
BREWSTER COUNTY,043,29 Years,145,76,69,63,31,32,2,2,0,3,1,2,4,0,4,73,42,31
BREWSTER COUNTY,043,30 Years,135,78,57,70,37,33,0,0,0,0,0,0,3,0,3,62,41,21
BREWSTER COUNTY,043,31 Years,130,61,69,74,35,39,0,0,0,0,0,0,2,1,1,54,25,29
BREWSTER COUNTY,043,32 Years,144,68,76,71,38,33,0,0,0,1,0,1,2,1,1,70,29,41
BREWSTER COUNTY,043,33 Years,136,78,58,74,45,29,0,0,0,1,1,0,0,0,0,61,32,29
BREWSTER COUNTY,043,34 Years,131,75,56,67,37,30,0,0,0,1,1,0,1,0,1,62,37,25
BREWSTER COUNTY,043,35 Years,131,68,63,72,33,39,0,0,0,1,1,0,3,3,0,55,31,24
BREWSTER COUNTY,043,36 Years,131,77,54,66,39,27,2,2,0,1,1,0,0,0,0,62,35,27
BREWSTER COUNTY,043,37 Years,124,69,55,64,35,29,0,0,0,0,0,0,0,0,0,60,34,26
BREWSTER COUNTY,043,38 Years,101,48,53,53,24,29,1,1,0,2,0,2,0,0,0,45,23,22
BREWSTER COUNTY,043,39 Years,107,50,57,55,25,30,1,1,0,1,0,1,5,5,0,45,19,26
BREWSTER COUNTY,043,40 Years,100,40,60,52,22,30,1,0,1,0,0,0,2,2,0,45,16,29
BREWSTER COUNTY,043,41 Years,104,51,53,51,28,23,1,1,0,1,1,0,1,1,0,50,20,30
BREWSTER COUNTY,043,42 Years,117,60,57,60,30,30,2,2,0,0,0,0,0,0,0,55,28,27
BREWSTER COUNTY,043,43 Years,94,52,42,49,29,20,1,0,1,2,0,2,1,1,0,41,22,19
BREWSTER COUNTY,043,44 Years,88,48,40,44,25,19,0,0,0,0,0,0,1,0,1,43,23,20
BREWSTER COUNTY,043,45 Years,105,49,56,55,25,30,0,0,0,1,0,1,0,0,0,49,24,25
BREWSTER COUNTY,043,46 Years,101,51,50,55,28,27,0,0,0,3,2,1,0,0,0,43,21,22
BREWSTER COUNTY,043,47 Years,108,52,56,58,27,31,0,0,0,1,0,1,1,1,0,48,24,24
BREWSTER COUNTY,043,48 Years,103,53,50,48,25,23,1,1,0,0,0,0,2,1,1,52,26,26
BREWSTER COUNTY,043,49 Years,114,53,61,56,27,29,0,0,0,2,2,0,3,0,3,53,24,29
BREWSTER COUNTY,043,50 Years,107,49,58,47,22,25,3,2,1,2,1,1,2,1,1,53,23,30
BREWSTER COUNTY,043,51 Years,92,44,48,42,19,23,2,1,1,1,0,1,3,2,1,44,22,22
BREWSTER COUNTY,043,52 Years,114,51,63,55,25,30,0,0,0,0,0,0,4,2,2,55,24,31
BREWSTER COUNTY,043,53 Years,120,52,68,61,26,35,1,0,1,0,0,0,1,1,0,57,25,32
BREWSTER COUNTY,043,54 Years,118,54,64,62,24,38,1,0,1,0,0,0,4,2,2,51,28,23
BREWSTER COUNTY,043,55 Years,121,50,71,78,34,44,1,1,0,0,0,0,0,0,0,42,15,27
BREWSTER COUNTY,043,56 Years,122,57,65,64,32,32,2,2,0,0,0,0,1,0,1,55,23,32
BREWSTER COUNTY,043,57 Years,122,59,63,69,30,39,1,1,0,1,0,1,0,0,0,51,28,23
BREWSTER COUNTY,043,58 Years,116,54,62,63,28,35,0,0,0,2,2,0,2,1,1,49,23,26
BREWSTER COUNTY,043,59 Years,117,56,61,68,28,40,0,0,0,0,0,0,1,1,0,48,27,21
BREWSTER COUNTY,043,60 Years,130,66,64,80,41,39,0,0,0,0,0,0,0,0,0,50,25,25
BREWSTER COUNTY,043,61 Years,132,59,73,88,40,48,3,0,3,0,0,0,1,0,1,40,19,21
BREWSTER COUNTY,043,62 Years,140,68,72,94,40,54,3,2,1,0,0,0,2,1,1,41,25,16
BREWSTER COUNTY,043,63 Years,137,67,70,87,39,48,1,1,0,0,0,0,1,0,1,48,27,21
BREWSTER COUNTY,043,64 Years,145,76,69,96,50,46,0,0,0,1,0,1,0,0,0,48,26,22
BREWSTER COUNTY,043,65 Years,135,74,61,90,52,38,0,0,0,0,0,0,1,0,1,44,22,22
BREWSTER COUNTY,043,66 Years,115,61,54,69,35,34,0,0,0,1,0,1,4,1,3,41,25,16
BREWSTER COUNTY,043,67 Years,139,63,76,92,39,53,1,1,0,1,0,1,5,3,2,40,20,20
BREWSTER COUNTY,043,68 Years,136,60,76,98,44,54,1,0,1,0,0,0,5,2,3,32,14,18
BREWSTER COUNTY,043,69 Years,124,70,54,89,52,37,1,0,1,0,0,0,4,3,1,30,15,15
BREWSTER COUNTY,043,70 Years,126,69,57,95,52,43,0,0,0,1,0,1,2,1,1,28,16,12
BREWSTER COUNTY,043,71 Years,108,60,48,75,43,32,0,0,0,1,0,1,3,2,1,29,15,14
BREWSTER COUNTY,043,72 Years,97,52,45,62,37,25,0,0,0,0,0,0,3,2,1,32,13,19
BREWSTER COUNTY,043,73 Years,90,43,47,58,31,27,0,0,0,1,0,1,3,1,2,28,11,17
BREWSTER COUNTY,043,74 Years,87,42,45,56,32,24,0,0,0,1,0,1,1,0,1,29,10,19
BREWSTER COUNTY,043,75 Years,80,37,43,58,27,31,0,0,0,0,0,0,1,0,1,21,10,11
BREWSTER COUNTY,043,76 Years,77,38,39,55,28,27,0,0,0,0,0,0,1,1,0,21,9,12
BREWSTER COUNTY,043,77 Years,73,40,33,48,27,21,0,0,0,0,0,0,1,1,0,24,12,12
BREWSTER COUNTY,043,78 Years,72,38,34,47,25,22,0,0,0,1,1,0,2,1,1,22,11,11
BREWSTER COUNTY,043,79 Years,58,34,24,40,24,16,0,0,0,1,1,0,1,1,0,16,8,8
BREWSTER COUNTY,043,80 Years,46,29,17,29,18,11,1,1,0,0,0,0,1,1,0,15,9,6
BREWSTER COUNTY,043,81 Years,38,23,15,24,15,9,1,1,0,0,0,0,0,0,0,13,7,6
BREWSTER COUNTY,043,82 Years,48,20,28,30,14,16,0,0,0,0,0,0,0,0,0,18,6,12
BREWSTER COUNTY,043,83 Years,34,16,18,20,10,10,0,0,0,0,0,0,0,0,0,14,6,8
BREWSTER COUNTY,043,84 Years,31,14,17,20,8,12,0,0,0,0,0,0,0,0,0,11,6,5
BREWSTER COUNTY,043,85 Years,28,12,16,18,7,11,0,0,0,0,0,0,0,0,0,10,5,5
BREWSTER COUNTY,043,86 Years,33,11,22,18,5,13,0,0,0,0,0,0,1,1,0,14,5,9
BREWSTER COUNTY,043,87 Years,28,11,17,17,5,12,0,0,0,0,0,0,1,1,0,10,5,5
BREWSTER COUNTY,043,88 Years,23,12,11,16,8,8,0,0,0,0,0,0,0,0,0,7,4,3
BREWSTER COUNTY,043,89 Years,23,9,14,15,6,9,0,0,0,0,0,0,1,0,1,7,3,4
BREWSTER COUNTY,043,90 Years,18,7,11,11,4,7,0,0,0,0,0,0,0,0,0,7,3,4
BREWSTER COUNTY,043,91 Years,14,8,6,8,5,3,0,0,0,0,0,0,0,0,0,6,3,3
BREWSTER COUNTY,043,92 Years,14,5,9,9,3,6,0,0,0,0,0,0,0,0,0,5,2,3
BREWSTER COUNTY,043,93 Years,13,4,9,8,2,6,0,0,0,0,0,0,1,0,1,4,2,2
BREWSTER COUNTY,043,94 Years,9,3,6,4,1,3,0,0,0,0,0,0,1,0,1,4,2,2
BREWSTER COUNTY,043,95 Years +,20,6,14,10,2,8,0,0,0,0,0,0,0,0,0,10,4,6
BRISCOE COUNTY,045,All Ages,1481,738,743,1001,486,515,35,19,16,0,0,0,22,11,11,423,222,201
BRISCOE COUNTY,045,< 1 Year,13,7,6,7,2,5,0,0,0,0,0,0,0,0,0,6,5,1
BRISCOE COUNTY,045,1 Years,13,5,8,9,3,6,0,0,0,0,0,0,0,0,0,4,2,2
BRISCOE COUNTY,045,2 Years,12,5,7,5,2,3,0,0,0,0,0,0,0,0,0,7,3,4
BRISCOE COUNTY,045,3 Years,13,7,6,6,3,3,0,0,0,0,0,0,0,0,0,7,4,3
BRISCOE COUNTY,045,4 Years,13,6,7,5,1,4,0,0,0,0,0,0,0,0,0,8,5,3
BRISCOE COUNTY,045,5 Years,16,7,9,7,4,3,0,0,0,0,0,0,0,0,0,9,3,6
BRISCOE COUNTY,045,6 Years,16,8,8,5,3,2,0,0,0,0,0,0,0,0,0,11,5,6
BRISCOE COUNTY,045,7 Years,26,13,13,7,6,1,2,0,2,0,0,0,2,0,2,15,7,8
BRISCOE COUNTY,045,8 Years,16,7,9,8,3,5,1,0,1,0,0,0,0,0,0,7,4,3
BRISCOE COUNTY,045,9 Years,17,10,7,8,4,4,0,0,0,0,0,0,1,1,0,8,5,3
BRISCOE COUNTY,045,10 Years,22,11,11,8,3,5,0,0,0,0,0,0,1,1,0,13,7,6
BRISCOE COUNTY,045,11 Years,21,10,11,9,5,4,1,1,0,0,0,0,0,0,0,11,4,7
BRISCOE COUNTY,045,12 Years,19,10,9,11,6,5,0,0,0,0,0,0,0,0,0,8,4,4
BRISCOE COUNTY,045,13 Years,14,5,9,9,5,4,0,0,0,0,0,0,0,0,0,5,0,5
BRISCOE COUNTY,045,14 Years,16,10,6,9,6,3,0,0,0,0,0,0,0,0,0,7,4,3
BRISCOE COUNTY,045,15 Years,20,12,8,12,7,5,3,1,2,0,0,0,0,0,0,5,4,1
BRISCOE COUNTY,045,16 Years,14,8,6,8,4,4,1,1,0,0,0,0,0,0,0,5,3,2
BRISCOE COUNTY,045,17 Years,18,7,11,10,2,8,1,1,0,0,0,0,2,1,1,5,3,2
BRISCOE COUNTY,045,18 Years,20,11,9,13,6,7,0,0,0,0,0,0,0,0,0,7,5,2
BRISCOE COUNTY,045,19 Years,10,6,4,8,4,4,0,0,0,0,0,0,0,0,0,2,2,0
BRISCOE COUNTY,045,20 Years,11,6,5,5,3,2,0,0,0,0,0,0,1,0,1,5,3,2
BRISCOE COUNTY,045,21 Years,15,9,6,8,5,3,0,0,0,0,0,0,1,0,1,6,4,2
BRISCOE COUNTY,045,22 Years,12,6,6,6,3,3,0,0,0,0,0,0,1,0,1,5,3,2
BRISCOE COUNTY,045,23 Years,18,11,7,10,6,4,1,1,0,0,0,0,3,1,2,4,3,1
BRISCOE COUNTY,045,24 Years,15,10,5,7,4,3,0,0,0,0,0,0,1,1,0,7,5,2
BRISCOE COUNTY,045,25 Years,16,9,7,8,3,5,0,0,0,0,0,0,1,1,0,7,5,2
BRISCOE COUNTY,045,26 Years,12,7,5,6,3,3,0,0,0,0,0,0,0,0,0,6,4,2
BRISCOE COUNTY,045,27 Years,13,8,5,7,4,3,0,0,0,0,0,0,0,0,0,6,4,2
BRISCOE COUNTY,045,28 Years,11,5,6,4,2,2,0,0,0,0,0,0,0,0,0,7,3,4
BRISCOE COUNTY,045,29 Years,15,8,7,6,3,3,1,1,0,0,0,0,1,0,1,7,4,3
BRISCOE COUNTY,045,30 Years,9,4,5,4,2,2,0,0,0,0,0,0,0,0,0,5,2,3
BRISCOE COUNTY,045,31 Years,14,7,7,8,4,4,2,2,0,0,0,0,0,0,0,4,1,3
BRISCOE COUNTY,045,32 Years,10,5,5,6,3,3,1,1,0,0,0,0,0,0,0,3,1,2
BRISCOE COUNTY,045,33 Years,11,7,4,9,6,3,0,0,0,0,0,0,0,0,0,2,1,1
BRISCOE COUNTY,045,34 Years,12,5,7,7,3,4,1,0,1,0,0,0,0,0,0,4,2,2
BRISCOE COUNTY,045,35 Years,13,7,6,7,3,4,0,0,0,0,0,0,0,0,0,6,4,2
BRISCOE COUNTY,045,36 Years,17,10,7,11,6,5,0,0,0,0,0,0,0,0,0,6,4,2
BRISCOE COUNTY,045,37 Years,16,8,8,11,5,6,0,0,0,0,0,0,0,0,0,5,3,2
BRISCOE COUNTY,045,38 Years,13,3,10,6,1,5,0,0,0,0,0,0,0,0,0,7,2,5
BRISCOE COUNTY,045,39 Years,14,6,8,8,5,3,0,0,0,0,0,0,0,0,0,6,1,5
BRISCOE COUNTY,045,40 Years,20,14,6,9,7,2,2,1,1,0,0,0,0,0,0,9,6,3
BRISCOE COUNTY,045,41 Years,23,12,11,15,7,8,1,1,0,0,0,0,0,0,0,7,4,3
BRISCOE COUNTY,045,42 Years,21,12,9,16,9,7,0,0,0,0,0,0,0,0,0,5,3,2
BRISCOE COUNTY,045,43 Years,15,9,6,8,4,4,0,0,0,0,0,0,1,1,0,6,4,2
BRISCOE COUNTY,045,44 Years,18,9,9,11,5,6,1,0,1,0,0,0,0,0,0,6,4,2
BRISCOE COUNTY,045,45 Years,17,9,8,13,7,6,0,0,0,0,0,0,0,0,0,4,2,2
BRISCOE COUNTY,045,46 Years,15,7,8,13,6,7,0,0,0,0,0,0,0,0,0,2,1,1
BRISCOE COUNTY,045,47 Years,16,8,8,11,6,5,0,0,0,0,0,0,0,0,0,5,2,3
BRISCOE COUNTY,045,48 Years,21,10,11,14,8,6,0,0,0,0,0,0,0,0,0,7,2,5
BRISCOE COUNTY,045,49 Years,11,6,5,6,4,2,0,0,0,0,0,0,0,0,0,5,2,3
BRISCOE COUNTY,045,50 Years,14,9,5,12,7,5,0,0,0,0,0,0,0,0,0,2,2,0
BRISCOE COUNTY,045,51 Years,15,8,7,12,6,6,0,0,0,0,0,0,0,0,0,3,2,1
BRISCOE COUNTY,045,52 Years,24,10,14,20,9,11,1,0,1,0,0,0,0,0,0,3,1,2
BRISCOE COUNTY,045,53 Years,22,7,15,15,6,9,0,0,0,0,0,0,0,0,0,7,1,6
BRISCOE COUNTY,045,54 Years,19,8,11,13,5,8,0,0,0,0,0,0,1,1,0,5,2,3
BRISCOE COUNTY,045,55 Years,27,16,11,19,9,10,0,0,0,0,0,0,0,0,0,8,7,1
BRISCOE COUNTY,045,56 Years,22,14,8,17,10,7,0,0,0,0,0,0,0,0,0,5,4,1
BRISCOE COUNTY,045,57 Years,22,11,11,16,8,8,0,0,0,0,0,0,0,0,0,6,3,3
BRISCOE COUNTY,045,58 Years,20,11,9,14,9,5,0,0,0,0,0,0,0,0,0,6,2,4
BRISCOE COUNTY,045,59 Years,16,6,10,12,4,8,0,0,0,0,0,0,0,0,0,4,2,2
BRISCOE COUNTY,045,60 Years,21,10,11,16,7,9,1,1,0,0,0,0,0,0,0,4,2,2
BRISCOE COUNTY,045,61 Years,21,9,12,18,7,11,1,1,0,0,0,0,0,0,0,2,1,1
BRISCOE COUNTY,045,62 Years,19,8,11,15,5,10,1,1,0,0,0,0,1,0,1,2,2,0
BRISCOE COUNTY,045,63 Years,21,7,14,17,7,10,1,0,1,0,0,0,1,0,1,2,0,2
BRISCOE COUNTY,045,64 Years,18,8,10,16,8,8,1,0,1,0,0,0,0,0,0,1,0,1
BRISCOE COUNTY,045,65 Years,19,10,9,18,9,9,0,0,0,0,0,0,1,1,0,0,0,0
BRISCOE COUNTY,045,66 Years,17,9,8,14,6,8,0,0,0,0,0,0,1,1,0,2,2,0
BRISCOE COUNTY,045,67 Years,17,6,11,14,5,9,0,0,0,0,0,0,0,0,0,3,1,2
BRISCOE COUNTY,045,68 Years,20,9,11,17,8,9,0,0,0,0,0,0,0,0,0,3,1,2
BRISCOE COUNTY,045,69 Years,23,10,13,18,8,10,2,1,1,0,0,0,0,0,0,3,1,2
BRISCOE COUNTY,045,70 Years,26,14,12,22,12,10,1,1,0,0,0,0,0,0,0,3,1,2
BRISCOE COUNTY,045,71 Years,29,17,12,24,14,10,0,0,0,0,0,0,1,1,0,4,2,2
BRISCOE COUNTY,045,72 Years,18,9,9,14,9,5,1,0,1,0,0,0,0,0,0,3,0,3
BRISCOE COUNTY,045,73 Years,21,11,10,16,8,8,1,1,0,0,0,0,0,0,0,4,2,2
BRISCOE COUNTY,045,74 Years,21,10,11,17,7,10,1,1,0,0,0,0,0,0,0,3,2,1
BRISCOE COUNTY,045,75 Years,20,10,10,18,9,9,0,0,0,0,0,0,0,0,0,2,1,1
BRISCOE COUNTY,045,76 Years,14,8,6,13,7,6,0,0,0,0,0,0,0,0,0,1,1,0
BRISCOE COUNTY,045,77 Years,15,7,8,14,7,7,0,0,0,0,0,0,0,0,0,1,0,1
BRISCOE COUNTY,045,78 Years,13,5,8,11,4,7,0,0,0,0,0,0,0,0,0,2,1,1
BRISCOE COUNTY,045,79 Years,14,6,8,12,5,7,0,0,0,0,0,0,0,0,0,2,1,1
BRISCOE COUNTY,045,80 Years,13,6,7,13,6,7,0,0,0,0,0,0,0,0,0,0,0,0
BRISCOE COUNTY,045,81 Years,13,5,8,11,5,6,0,0,0,0,0,0,0,0,0,2,0,2
BRISCOE COUNTY,045,82 Years,11,5,6,10,4,6,0,0,0,0,0,0,0,0,0,1,1,0
BRISCOE COUNTY,045,83 Years,10,5,5,9,4,5,0,0,0,0,0,0,0,0,0,1,1,0
BRISCOE COUNTY,045,84 Years,8,3,5,8,3,5,0,0,0,0,0,0,0,0,0,0,0,0
BRISCOE COUNTY,045,85 Years,10,6,4,8,4,4,0,0,0,0,0,0,0,0,0,2,2,0
BRISCOE COUNTY,045,86 Years,8,4,4,7,3,4,0,0,0,0,0,0,0,0,0,1,1,0
BRISCOE COUNTY,045,87 Years,8,4,4,7,3,4,0,0,0,0,0,0,0,0,0,1,1,0
BRISCOE COUNTY,045,88 Years,4,2,2,4,2,2,0,0,0,0,0,0,0,0,0,0,0,0
BRISCOE COUNTY,045,89 Years,6,2,4,5,2,3,0,0,0,0,0,0,0,0,0,1,0,1
BRISCOE COUNTY,045,90 Years,5,2,3,5,2,3,0,0,0,0,0,0,0,0,0,0,0,0
BRISCOE COUNTY,045,91 Years,5,2,3,4,2,2,0,0,0,0,0,0,0,0,0,1,0,1
BRISCOE COUNTY,045,92 Years,4,2,2,4,2,2,0,0,0,0,0,0,0,0,0,0,0,0
BRISCOE COUNTY,045,93 Years,3,0,3,2,0,2,1,0,1,0,0,0,0,0,0,0,0,0
BRISCOE COUNTY,045,94 Years,4,2,2,2,1,1,2,1,1,0,0,0,0,0,0,0,0,0
BRISCOE COUNTY,045,95 Years +,8,3,5,4,2,2,1,0,1,0,0,0,0,0,0,3,1,2
BROOKS COUNTY,047,All Ages,7156,3650,3506,617,302,315,19,10,9,14,6,8,24,10,14,6482,3322,3160
BROOKS COUNTY,047,< 1 Year,112,64,48,7,4,3,0,0,0,0,0,0,0,0,0,105,60,45
BROOKS COUNTY,047,1 Years,109,60,49,7,3,4,0,0,0,0,0,0,0,0,0,102,57,45
BROOKS COUNTY,047,2 Years,111,58,53,8,3,5,0,0,0,0,0,0,0,0,0,103,55,48
BROOKS COUNTY,047,3 Years,112,55,57,9,4,5,0,0,0,0,0,0,0,0,0,103,51,52
BROOKS COUNTY,047,4 Years,109,52,57,10,4,6,0,0,0,0,0,0,0,0,0,99,48,51
BROOKS COUNTY,047,5 Years,118,59,59,11,6,5,0,0,0,0,0,0,0,0,0,107,53,54
BROOKS COUNTY,047,6 Years,113,60,53,8,5,3,0,0,0,0,0,0,0,0,0,105,55,50
BROOKS COUNTY,047,7 Years,112,58,54,8,4,4,0,0,0,0,0,0,0,0,0,104,54,50
BROOKS COUNTY,047,8 Years,100,55,45,7,3,4,0,0,0,0,0,0,1,0,1,92,52,40
BROOKS COUNTY,047,9 Years,100,53,47,10,7,3,0,0,0,2,0,2,0,0,0,88,46,42
BROOKS COUNTY,047,10 Years,114,61,53,7,5,2,0,0,0,1,0,1,1,0,1,105,56,49
BROOKS COUNTY,047,11 Years,108,62,46,8,6,2,0,0,0,0,0,0,0,0,0,100,56,44
BROOKS COUNTY,047,12 Years,97,47,50,7,4,3,0,0,0,0,0,0,0,0,0,90,43,47
BROOKS COUNTY,047,13 Years,92,47,45,5,3,2,1,0,1,1,1,0,1,1,0,84,42,42
BROOKS COUNTY,047,14 Years,75,34,41,4,1,3,1,0,1,0,0,0,0,0,0,70,33,37
BROOKS COUNTY,047,15 Years,100,49,51,7,1,6,1,1,0,0,0,0,0,0,0,92,47,45
BROOKS COUNTY,047,16 Years,91,45,46,5,4,1,0,0,0,0,0,0,1,0,1,85,41,44
BROOKS COUNTY,047,17 Years,92,53,39,6,3,3,1,1,0,0,0,0,1,1,0,84,48,36
BROOKS COUNTY,047,18 Years,90,56,34,6,4,2,1,0,1,0,0,0,1,1,0,82,51,31
BROOKS COUNTY,047,19 Years,87,50,37,7,5,2,1,0,1,0,0,0,0,0,0,79,45,34
BROOKS COUNTY,047,20 Years,84,49,35,5,4,1,0,0,0,0,0,0,0,0,0,79,45,34
BROOKS COUNTY,047,21 Years,88,48,40,4,2,2,0,0,0,0,0,0,1,0,1,83,46,37
BROOKS COUNTY,047,22 Years,83,49,34,4,1,3,0,0,0,0,0,0,1,0,1,78,48,30
BROOKS COUNTY,047,23 Years,87,51,36,4,2,2,0,0,0,0,0,0,0,0,0,83,49,34
BROOKS COUNTY,047,24 Years,112,61,51,6,2,4,0,0,0,0,0,0,0,0,0,106,59,47
BROOKS COUNTY,047,25 Years,116,65,51,4,1,3,0,0,0,0,0,0,0,0,0,112,64,48
BROOKS COUNTY,047,26 Years,111,62,49,3,1,2,0,0,0,0,0,0,2,1,1,106,60,46
BROOKS COUNTY,047,27 Years,114,60,54,5,3,2,0,0,0,2,2,0,1,0,1,106,55,51
BROOKS COUNTY,047,28 Years,99,59,40,4,2,2,1,1,0,0,0,0,0,0,0,94,56,38
BROOKS COUNTY,047,29 Years,109,61,48,8,1,7,0,0,0,0,0,0,0,0,0,101,60,41
BROOKS COUNTY,047,30 Years,97,51,46,6,2,4,1,1,0,2,0,2,0,0,0,88,48,40
BROOKS COUNTY,047,31 Years,86,40,46,5,2,3,0,0,0,2,1,1,0,0,0,79,37,42
BROOKS COUNTY,047,32 Years,84,49,35,5,2,3,0,0,0,0,0,0,1,0,1,78,47,31
BROOKS COUNTY,047,33 Years,87,52,35,5,3,2,1,0,1,0,0,0,0,0,0,81,49,32
BROOKS COUNTY,047,34 Years,87,40,47,6,1,5,1,1,0,0,0,0,1,0,1,79,38,41
BROOKS COUNTY,047,35 Years,84,40,44,7,3,4,3,1,2,0,0,0,0,0,0,74,36,38
BROOKS COUNTY,047,36 Years,96,50,46,6,3,3,1,0,1,0,0,0,0,0,0,89,47,42
BROOKS COUNTY,047,37 Years,78,35,43,5,2,3,1,1,0,0,0,0,0,0,0,72,32,40
BROOKS COUNTY,047,38 Years,64,35,29,4,2,2,0,0,0,0,0,0,0,0,0,60,33,27
BROOKS COUNTY,047,39 Years,69,39,30,3,1,2,0,0,0,0,0,0,0,0,0,66,38,28
BROOKS COUNTY,047,40 Years,60,29,31,5,1,4,0,0,0,0,0,0,0,0,0,55,28,27
BROOKS COUNTY,047,41 Years,67,30,37,6,3,3,0,0,0,0,0,0,1,1,0,60,26,34
BROOKS COUNTY,047,42 Years,66,38,28,3,1,2,1,1,0,1,1,0,1,1,0,60,34,26
BROOKS COUNTY,047,43 Years,52,33,19,4,3,1,0,0,0,1,1,0,0,0,0,47,29,18
BROOKS COUNTY,047,44 Years,77,39,38,12,7,5,0,0,0,0,0,0,0,0,0,65,32,33
BROOKS COUNTY,047,45 Years,72,30,42,8,5,3,1,1,0,0,0,0,1,1,0,62,23,39
BROOKS COUNTY,047,46 Years,66,30,36,7,3,4,0,0,0,0,0,0,1,1,0,58,26,32
BROOKS COUNTY,047,47 Years,58,28,30,7,3,4,0,0,0,0,0,0,0,0,0,51,25,26
BROOKS COUNTY,047,48 Years,59,26,33,3,2,1,0,0,0,0,0,0,0,0,0,56,24,32
BROOKS COUNTY,047,49 Years,62,35,27,2,2,0,1,1,0,0,0,0,2,1,1,57,31,26
BROOKS COUNTY,047,50 Years,75,42,33,4,2,2,0,0,0,0,0,0,1,0,1,70,40,30
BROOKS COUNTY,047,51 Years,76,38,38,5,3,2,0,0,0,0,0,0,0,0,0,71,35,36
BROOKS COUNTY,047,52 Years,82,41,41,7,4,3,0,0,0,0,0,0,0,0,0,75,37,38
BROOKS COUNTY,047,53 Years,74,36,38,5,4,1,0,0,0,0,0,0,0,0,0,69,32,37
BROOKS COUNTY,047,54 Years,85,41,44,7,3,4,0,0,0,0,0,0,0,0,0,78,38,40
BROOKS COUNTY,047,55 Years,96,45,51,9,3,6,0,0,0,0,0,0,1,1,0,86,41,45
BROOKS COUNTY,047,56 Years,82,41,41,8,2,6,0,0,0,0,0,0,0,0,0,74,39,35
BROOKS COUNTY,047,57 Years,87,37,50,5,2,3,0,0,0,0,0,0,0,0,0,82,35,47
BROOKS COUNTY,047,58 Years,77,41,36,7,3,4,0,0,0,0,0,0,0,0,0,70,38,32
BROOKS COUNTY,047,59 Years,73,34,39,6,4,2,0,0,0,0,0,0,0,0,0,67,30,37
BROOKS COUNTY,047,60 Years,83,41,42,7,4,3,0,0,0,0,0,0,1,0,1,75,37,38
BROOKS COUNTY,047,61 Years,84,42,42,10,4,6,0,0,0,0,0,0,1,0,1,73,38,35
BROOKS COUNTY,047,62 Years,88,41,47,10,5,5,0,0,0,1,0,1,0,0,0,77,36,41
BROOKS COUNTY,047,63 Years,84,46,38,13,6,7,0,0,0,1,0,1,0,0,0,70,40,30
BROOKS COUNTY,047,64 Years,80,40,40,12,5,7,0,0,0,0,0,0,0,0,0,68,35,33
BROOKS COUNTY,047,65 Years,69,36,33,8,4,4,0,0,0,0,0,0,0,0,0,61,32,29
BROOKS COUNTY,047,66 Years,76,41,35,7,4,3,0,0,0,0,0,0,0,0,0,69,37,32
BROOKS COUNTY,047,67 Years,76,33,43,10,4,6,0,0,0,0,0,0,0,0,0,66,29,37
BROOKS COUNTY,047,68 Years,74,34,40,9,3,6,0,0,0,0,0,0,0,0,0,65,31,34
BROOKS COUNTY,047,69 Years,75,40,35,10,6,4,0,0,0,0,0,0,0,0,0,65,34,31
BROOKS COUNTY,047,70 Years,80,37,43,9,5,4,0,0,0,0,0,0,0,0,0,71,32,39
BROOKS COUNTY,047,71 Years,73,39,34,7,5,2,0,0,0,0,0,0,0,0,0,66,34,32
BROOKS COUNTY,047,72 Years,85,45,40,10,6,4,0,0,0,0,0,0,0,0,0,75,39,36
BROOKS COUNTY,047,73 Years,65,32,33,4,2,2,0,0,0,0,0,0,0,0,0,61,30,31
BROOKS COUNTY,047,74 Years,63,32,31,10,6,4,0,0,0,0,0,0,0,0,0,53,26,27
BROOKS COUNTY,047,75 Years,60,30,30,9,5,4,0,0,0,0,0,0,0,0,0,51,25,26
BROOKS COUNTY,047,76 Years,50,26,24,7,6,1,0,0,0,0,0,0,0,0,0,43,20,23
BROOKS COUNTY,047,77 Years,55,26,29,8,5,3,0,0,0,0,0,0,0,0,0,47,21,26
BROOKS COUNTY,047,78 Years,57,24,33,6,2,4,0,0,0,0,0,0,0,0,0,51,22,29
BROOKS COUNTY,047,79 Years,47,23,24,6,4,2,0,0,0,0,0,0,0,0,0,41,19,22
BROOKS COUNTY,047,80 Years,45,23,22,6,3,3,0,0,0,0,0,0,0,0,0,39,20,19
BROOKS COUNTY,047,81 Years,45,23,22,12,6,6,0,0,0,0,0,0,0,0,0,33,17,16
BROOKS COUNTY,047,82 Years,38,16,22,5,4,1,0,0,0,0,0,0,0,0,0,33,12,21
BROOKS COUNTY,047,83 Years,35,14,21,6,4,2,0,0,0,0,0,0,1,0,1,28,10,18
BROOKS COUNTY,047,84 Years,24,9,15,3,1,2,0,0,0,0,0,0,0,0,0,21,8,13
BROOKS COUNTY,047,85 Years,22,6,16,3,1,2,0,0,0,0,0,0,0,0,0,19,5,14
BROOKS COUNTY,047,86 Years,31,9,22,5,1,4,0,0,0,0,0,0,0,0,0,26,8,18
BROOKS COUNTY,047,87 Years,36,12,24,8,3,5,1,0,1,0,0,0,0,0,0,27,9,18
BROOKS COUNTY,047,88 Years,28,8,20,5,1,4,0,0,0,0,0,0,0,0,0,23,7,16
BROOKS COUNTY,047,89 Years,27,10,17,6,2,4,0,0,0,0,0,0,0,0,0,21,8,13
BROOKS COUNTY,047,90 Years,19,9,10,5,3,2,0,0,0,0,0,0,0,0,0,14,6,8
BROOKS COUNTY,047,91 Years,13,5,8,3,1,2,0,0,0,0,0,0,0,0,0,10,4,6
BROOKS COUNTY,047,92 Years,11,3,8,2,1,1,0,0,0,0,0,0,0,0,0,9,2,7
BROOKS COUNTY,047,93 Years,9,2,7,1,0,1,0,0,0,0,0,0,0,0,0,8,2,6
BROOKS COUNTY,047,94 Years,7,1,6,2,0,2,0,0,0,0,0,0,0,0,0,5,1,4
BROOKS COUNTY,047,95 Years +,19,4,15,7,1,6,0,0,0,0,0,0,0,0,0,12,3,9
BROWN COUNTY,049,All Ages,38920,19207,19713,27744,13495,14249,1451,802,649,187,88,99,802,417,385,8736,4405,4331
BROWN COUNTY,049,< 1 Year,445,226,219,258,127,131,23,14,9,2,1,1,10,3,7,152,81,71
BROWN COUNTY,049,1 Years,440,228,212,255,127,128,22,13,9,3,2,1,14,7,7,146,79,67
BROWN COUNTY,049,2 Years,451,232,219,270,131,139,19,12,7,3,2,1,15,8,7,144,79,65
BROWN COUNTY,049,3 Years,448,231,217,274,134,140,19,10,9,3,3,0,16,12,4,136,72,64
BROWN COUNTY,049,4 Years,453,228,225,290,143,147,18,9,9,3,2,1,12,9,3,130,65,65
BROWN COUNTY,049,5 Years,454,218,236,287,136,151,20,10,10,5,4,1,12,8,4,130,60,70
BROWN COUNTY,049,6 Years,447,222,225,274,136,138,18,8,10,4,3,1,15,8,7,136,67,69
BROWN COUNTY,049,7 Years,457,243,214,268,161,107,24,14,10,3,2,1,13,8,5,149,58,91
BROWN COUNTY,049,8 Years,461,252,209,271,149,122,20,13,7,3,2,1,17,9,8,150,79,71
BROWN COUNTY,049,9 Years,446,242,204,251,136,115,16,7,9,3,2,1,18,14,4,158,83,75
BROWN COUNTY,049,10 Years,496,252,244,295,145,150,18,7,11,2,1,1,17,11,6,164,88,76
BROWN COUNTY,049,11 Years,488,250,238,258,137,121,15,7,8,5,2,3,15,10,5,195,94,101
BROWN COUNTY,049,12 Years,480,233,247,268,131,137,13,4,9,3,2,1,15,9,6,181,87,94
BROWN COUNTY,049,13 Years,496,255,241,285,154,131,16,5,11,3,1,2,24,12,12,168,83,85
BROWN COUNTY,049,14 Years,537,306,231,317,188,129,16,6,10,1,0,1,20,9,11,183,103,80
BROWN COUNTY,049,15 Years,565,284,281,341,174,167,17,5,12,4,3,1,15,7,8,188,95,93
BROWN COUNTY,049,16 Years,556,280,276,358,191,167,21,7,14,1,1,0,19,9,10,157,72,85
BROWN COUNTY,049,17 Years,567,277,290,350,175,175,24,7,17,1,1,0,23,12,11,169,82,87
BROWN COUNTY,049,18 Years,500,257,243,292,154,138,16,9,7,2,2,0,18,11,7,172,81,91
BROWN COUNTY,049,19 Years,455,230,225,267,138,129,17,7,10,2,1,1,14,9,5,155,75,80
BROWN COUNTY,049,20 Years,433,216,217,266,143,123,17,9,8,0,0,0,10,4,6,140,60,80
BROWN COUNTY,049,21 Years,415,204,211,261,133,128,16,6,10,0,0,0,9,3,6,129,62,67
BROWN COUNTY,049,22 Years,403,191,212,247,120,127,21,10,11,1,0,1,6,3,3,128,58,70
BROWN COUNTY,049,23 Years,424,213,211,247,124,123,29,14,15,1,0,1,9,6,3,138,69,69
BROWN COUNTY,049,24 Years,430,216,214,237,116,121,40,20,20,2,1,1,9,6,3,142,73,69
BROWN COUNTY,049,25 Years,485,265,220,280,150,130,31,21,10,1,1,0,12,4,8,161,89,72
BROWN COUNTY,049,26 Years,528,289,239,335,181,154,34,22,12,3,2,1,13,5,8,143,79,64
BROWN COUNTY,049,27 Years,538,285,253,338,175,163,35,21,14,3,1,2,11,5,6,151,83,68
BROWN COUNTY,049,28 Years,531,264,267,339,168,171,25,11,14,4,1,3,9,5,4,154,79,75
BROWN COUNTY,049,29 Years,514,248,266,334,160,174,22,12,10,3,1,2,9,4,5,146,71,75
BROWN COUNTY,049,30 Years,490,229,261,305,134,171,26,14,12,1,1,0,12,4,8,146,76,70
BROWN COUNTY,049,31 Years,471,250,221,287,136,151,21,17,4,2,1,1,12,4,8,149,92,57
BROWN COUNTY,049,32 Years,430,220,210,271,133,138,22,16,6,3,1,2,9,5,4,125,65,60
BROWN COUNTY,049,33 Years,464,224,240,304,136,168,20,16,4,2,0,2,6,4,2,132,68,64
BROWN COUNTY,049,34 Years,454,223,231,315,150,165,18,14,4,2,1,1,6,4,2,113,54,59
BROWN COUNTY,049,35 Years,442,211,231,306,144,162,18,13,5,1,1,0,3,1,2,114,52,62
BROWN COUNTY,049,36 Years,449,232,217,306,154,152,24,15,9,1,1,0,4,1,3,114,61,53
BROWN COUNTY,049,37 Years,439,219,220,314,154,160,15,9,6,2,0,2,5,0,5,103,56,47
BROWN COUNTY,049,38 Years,455,235,220,317,171,146,21,12,9,4,1,3,3,2,1,110,49,61
BROWN COUNTY,049,39 Years,422,220,202,298,159,139,19,15,4,3,1,2,2,2,0,100,43,57
BROWN COUNTY,049,40 Years,412,213,199,290,146,144,17,14,3,3,1,2,3,2,1,99,50,49
BROWN COUNTY,049,41 Years,412,194,218,267,122,145,21,16,5,6,3,3,5,3,2,113,50,63
BROWN COUNTY,049,42 Years,419,212,207,273,127,146,18,14,4,5,3,2,9,5,4,114,63,51
BROWN COUNTY,049,43 Years,424,215,209,289,139,150,16,12,4,5,2,3,6,3,3,108,59,49
BROWN COUNTY,049,44 Years,430,221,209,304,157,147,13,6,7,5,2,3,8,3,5,100,53,47
BROWN COUNTY,049,45 Years,474,224,250,342,162,180,12,6,6,4,2,2,4,1,3,112,53,59
BROWN COUNTY,049,46 Years,468,224,244,336,169,167,16,9,7,2,0,2,2,1,1,112,45,67
BROWN COUNTY,049,47 Years,473,253,220,355,185,170,17,12,5,3,1,2,4,4,0,94,51,43
BROWN COUNTY,049,48 Years,446,233,213,320,164,156,22,13,9,3,2,1,10,5,5,91,49,42
BROWN COUNTY,049,49 Years,437,231,206,314,167,147,20,12,8,3,1,2,7,3,4,93,48,45
BROWN COUNTY,049,50 Years,420,209,211,303,150,153,16,9,7,3,1,2,4,4,0,94,45,49
BROWN COUNTY,049,51 Years,441,221,220,324,162,162,13,8,5,3,1,2,6,3,3,95,47,48
BROWN COUNTY,049,52 Years,466,235,231,351,176,175,12,8,4,3,2,1,9,4,5,91,45,46
BROWN COUNTY,049,53 Years,492,264,228,369,193,176,15,8,7,4,2,2,8,4,4,96,57,39
BROWN COUNTY,049,54 Years,550,268,282,420,192,228,19,10,9,2,1,1,10,7,3,99,58,41
BROWN COUNTY,049,55 Years,524,258,266,408,199,209,15,7,8,0,0,0,12,5,7,89,47,42
BROWN COUNTY,049,56 Years,525,259,266,405,191,214,21,15,6,0,0,0,9,2,7,90,51,39
BROWN COUNTY,049,57 Years,550,267,283,433,200,233,20,15,5,2,1,1,9,4,5,86,47,39
BROWN COUNTY,049,58 Years,536,275,261,423,216,207,21,11,10,2,1,1,7,3,4,83,44,39
BROWN COUNTY,049,59 Years,511,248,263,410,197,213,23,11,12,1,0,1,6,4,2,71,36,35
BROWN COUNTY,049,60 Years,535,255,280,429,200,229,24,12,12,1,1,0,7,2,5,74,40,34
BROWN COUNTY,049,61 Years,511,241,270,432,205,227,15,6,9,1,0,1,6,3,3,57,27,30
BROWN COUNTY,049,62 Years,501,237,264,418,196,222,18,11,7,3,0,3,8,4,4,54,26,28
BROWN COUNTY,049,63 Years,475,229,246,382,187,195,16,9,7,3,2,1,11,4,7,63,27,36
BROWN COUNTY,049,64 Years,477,226,251,392,185,207,15,7,8,1,1,0,8,4,4,61,29,32
BROWN COUNTY,049,65 Years,478,230,248,395,185,210,14,8,6,2,1,1,6,2,4,61,34,27
BROWN COUNTY,049,66 Years,470,218,252,402,184,218,9,6,3,1,0,1,5,4,1,53,24,29
BROWN COUNTY,049,67 Years,483,226,257,404,190,214,10,5,5,1,0,1,9,4,5,59,27,32
BROWN COUNTY,049,68 Years,513,257,256,438,220,218,7,2,5,1,0,1,11,7,4,56,28,28
BROWN COUNTY,049,69 Years,480,228,252,410,192,218,11,5,6,2,1,1,12,8,4,45,22,23
BROWN COUNTY,049,70 Years,498,242,256,433,208,225,11,5,6,0,0,0,9,2,7,45,27,18
BROWN COUNTY,049,71 Years,419,211,208,362,182,180,7,4,3,3,2,1,8,4,4,39,19,20
BROWN COUNTY,049,72 Years,396,181,215,345,161,184,10,5,5,3,0,3,8,5,3,30,10,20
BROWN COUNTY,049,73 Years,396,189,207,352,169,183,6,3,3,2,0,2,9,4,5,27,13,14
BROWN COUNTY,049,74 Years,386,186,200,339,166,173,9,3,6,1,0,1,7,4,3,30,13,17
BROWN COUNTY,049,75 Years,354,154,200,315,140,175,6,2,4,1,0,1,5,3,2,27,9,18
BROWN COUNTY,049,76 Years,338,143,195,307,130,177,7,4,3,0,0,0,3,2,1,21,7,14
BROWN COUNTY,049,77 Years,302,136,166,268,121,147,6,2,4,2,1,1,7,3,4,19,9,10
BROWN COUNTY,049,78 Years,270,119,151,242,108,134,6,1,5,1,0,1,5,2,3,16,8,8
BROWN COUNTY,049,79 Years,239,114,125,216,103,113,3,1,2,0,0,0,5,3,2,15,7,8
BROWN COUNTY,049,80 Years,230,111,119,210,102,108,4,2,2,0,0,0,3,1,2,13,6,7
BROWN COUNTY,049,81 Years,242,112,130,218,100,118,6,3,3,0,0,0,6,3,3,12,6,6
BROWN COUNTY,049,82 Years,207,92,115,185,82,103,5,2,3,0,0,0,5,2,3,12,6,6
BROWN COUNTY,049,83 Years,172,75,97,157,68,89,1,0,1,0,0,0,2,1,1,12,6,6
BROWN COUNTY,049,84 Years,171,74,97,148,62,86,4,3,1,0,0,0,3,1,2,16,8,8
BROWN COUNTY,049,85 Years,173,70,103,151,57,94,6,4,2,0,0,0,4,3,1,12,6,6
BROWN COUNTY,049,86 Years,151,53,98,135,46,89,2,1,1,0,0,0,3,1,2,11,5,6
BROWN COUNTY,049,87 Years,145,55,90,126,47,79,6,2,4,0,0,0,2,1,1,11,5,6
BROWN COUNTY,049,88 Years,109,43,66,94,35,59,2,1,1,1,0,1,2,1,1,10,6,4
BROWN COUNTY,049,89 Years,97,38,59,86,30,56,2,2,0,0,0,0,2,1,1,7,5,2
BROWN COUNTY,049,90 Years,92,34,58,83,29,54,1,1,0,1,0,1,0,0,0,7,4,3
BROWN COUNTY,049,91 Years,79,30,49,70,25,45,0,0,0,0,0,0,1,1,0,8,4,4
BROWN COUNTY,049,92 Years,65,22,43,58,17,41,1,1,0,0,0,0,0,0,0,6,4,2
BROWN COUNTY,049,93 Years,53,15,38,47,13,34,1,0,1,0,0,0,0,0,0,5,2,3
BROWN COUNTY,049,94 Years,39,12,27,34,9,25,1,0,1,0,0,0,0,0,0,4,3,1
BROWN COUNTY,049,95 Years +,105,25,80,89,19,70,6,2,4,2,1,1,1,0,1,7,3,4
BURLESON COUNTY,051,All Ages,18354,9138,9216,11726,5767,5959,2232,1074,1158,24,10,14,294,147,147,4078,2140,1938
BURLESON COUNTY,051,< 1 Year,217,114,103,94,51,43,20,9,11,0,0,0,8,6,2,95,48,47
BURLESON COUNTY,051,1 Years,217,111,106,95,49,46,23,11,12,0,0,0,8,5,3,91,46,45
BURLESON COUNTY,051,2 Years,223,112,111,94,44,50,24,13,11,0,0,0,8,6,2,97,49,48
BURLESON COUNTY,051,3 Years,213,105,108,90,43,47,25,12,13,0,0,0,6,3,3,92,47,45
BURLESON COUNTY,051,4 Years,208,103,105,83,40,43,24,12,12,0,0,0,5,3,2,96,48,48
BURLESON COUNTY,051,5 Years,205,107,98,88,46,42,23,10,13,0,0,0,5,3,2,89,48,41
BURLESON COUNTY,051,6 Years,211,109,102,91,45,46,23,12,11,0,0,0,6,3,3,91,49,42
BURLESON COUNTY,051,7 Years,216,118,98,99,54,45,20,8,12,0,0,0,4,2,2,93,54,39
BURLESON COUNTY,051,8 Years,209,120,89,110,63,47,19,11,8,0,0,0,10,4,6,70,42,28
BURLESON COUNTY,051,9 Years,253,142,111,132,70,62,23,13,10,0,0,0,11,6,5,87,53,34
BURLESON COUNTY,051,10 Years,251,133,118,121,60,61,29,18,11,0,0,0,5,3,2,96,52,44
BURLESON COUNTY,051,11 Years,239,122,117,116,56,60,28,14,14,0,0,0,7,5,2,88,47,41
BURLESON COUNTY,051,12 Years,250,127,123,126,63,63,36,15,21,0,0,0,10,6,4,78,43,35
BURLESON COUNTY,051,13 Years,264,146,118,129,76,53,45,21,24,0,0,0,5,3,2,85,46,39
BURLESON COUNTY,051,14 Years,224,112,112,116,59,57,34,16,18,0,0,0,5,1,4,69,36,33
BURLESON COUNTY,051,15 Years,227,114,113,133,66,67,23,11,12,0,0,0,3,1,2,68,36,32
BURLESON COUNTY,051,16 Years,254,126,128,140,65,75,31,16,15,0,0,0,4,1,3,79,44,35
BURLESON COUNTY,051,17 Years,250,122,128,144,65,79,32,18,14,0,0,0,6,2,4,68,37,31
BURLESON COUNTY,051,18 Years,235,120,115,124,63,61,39,17,22,0,0,0,6,4,2,66,36,30
BURLESON COUNTY,051,19 Years,223,102,121,119,52,67,32,16,16,0,0,0,5,3,2,67,31,36
BURLESON COUNTY,051,20 Years,227,112,115,129,64,65,31,18,13,0,0,0,7,5,2,60,25,35
BURLESON COUNTY,051,21 Years,235,135,100,127,76,51,30,17,13,0,0,0,6,4,2,72,38,34
BURLESON COUNTY,051,22 Years,243,128,115,136,71,65,40,19,21,0,0,0,4,2,2,63,36,27
BURLESON COUNTY,051,23 Years,217,115,102,130,68,62,33,18,15,1,0,1,3,1,2,50,28,22
BURLESON COUNTY,051,24 Years,223,109,114,119,63,56,37,13,24,0,0,0,4,2,2,63,31,32
BURLESON COUNTY,051,25 Years,227,110,117,134,69,65,34,12,22,0,0,0,4,3,1,55,26,29
BURLESON COUNTY,051,26 Years,218,102,116,131,59,72,32,14,18,0,0,0,4,3,1,51,26,25
BURLESON COUNTY,051,27 Years,207,109,98,112,53,59,30,18,12,1,0,1,5,3,2,59,35,24
BURLESON COUNTY,051,28 Years,190,102,88,107,58,49,24,11,13,0,0,0,1,0,1,58,33,25
BURLESON COUNTY,051,29 Years,193,88,105,126,57,69,25,10,15,0,0,0,2,1,1,40,20,20
BURLESON COUNTY,051,30 Years,189,93,96,119,58,61,30,15,15,0,0,0,2,1,1,38,19,19
BURLESON COUNTY,051,31 Years,204,105,99,123,63,60,21,10,11,1,0,1,2,1,1,57,31,26
BURLESON COUNTY,051,32 Years,204,106,98,119,57,62,26,13,13,0,0,0,1,0,1,58,36,22
BURLESON COUNTY,051,33 Years,174,90,84,114,51,63,16,10,6,0,0,0,0,0,0,44,29,15
BURLESON COUNTY,051,34 Years,172,79,93,103,50,53,22,12,10,0,0,0,2,0,2,45,17,28
BURLESON COUNTY,051,35 Years,200,96,104,136,69,67,21,9,12,0,0,0,2,1,1,41,17,24
BURLESON COUNTY,051,36 Years,217,112,105,144,78,66,24,10,14,0,0,0,2,2,0,47,22,25
BURLESON COUNTY,051,37 Years,199,92,107,120,55,65,22,13,9,0,0,0,3,2,1,54,22,32
BURLESON COUNTY,051,38 Years,177,76,101,109,49,60,17,7,10,0,0,0,2,1,1,49,19,30
BURLESON COUNTY,051,39 Years,172,87,85,103,58,45,20,9,11,2,2,0,1,0,1,46,18,28
BURLESON COUNTY,051,40 Years,174,90,84,106,61,45,20,7,13,2,0,2,4,1,3,42,21,21
BURLESON COUNTY,051,41 Years,172,84,88,105,52,53,19,9,10,0,0,0,3,1,2,45,22,23
BURLESON COUNTY,051,42 Years,183,93,90,111,57,54,24,11,13,0,0,0,2,1,1,46,24,22
BURLESON COUNTY,051,43 Years,172,84,88,102,52,50,26,11,15,0,0,0,4,2,2,40,19,21
BURLESON COUNTY,051,44 Years,196,91,105,122,55,67,25,11,14,0,0,0,4,2,2,45,23,22
BURLESON COUNTY,051,45 Years,205,105,100,135,65,70,28,17,11,0,0,0,2,2,0,40,21,19
BURLESON COUNTY,051,46 Years,204,115,89,138,79,59,23,11,12,1,0,1,1,1,0,41,24,17
BURLESON COUNTY,051,47 Years,217,108,109,149,77,72,20,8,12,0,0,0,2,0,2,46,23,23
BURLESON COUNTY,051,48 Years,203,95,108,142,68,74,22,9,13,0,0,0,1,0,1,38,18,20
BURLESON COUNTY,051,49 Years,235,125,110,158,79,79,34,20,14,0,0,0,1,0,1,42,26,16
BURLESON COUNTY,051,50 Years,226,107,119,153,71,82,29,14,15,0,0,0,3,1,2,41,21,20
BURLESON COUNTY,051,51 Years,247,120,127,172,83,89,24,14,10,1,1,0,4,2,2,46,20,26
BURLESON COUNTY,051,52 Years,233,117,116,169,79,90,17,10,7,1,1,0,1,1,0,45,26,19
BURLESON COUNTY,051,53 Years,251,130,121,183,95,88,28,14,14,0,0,0,1,0,1,39,21,18
BURLESON COUNTY,051,54 Years,282,141,141,194,97,97,34,17,17,0,0,0,5,1,4,49,26,23
BURLESON COUNTY,051,55 Years,258,128,130,179,83,96,31,20,11,0,0,0,4,1,3,44,24,20
BURLESON COUNTY,051,56 Years,257,132,125,186,91,95,25,16,9,1,0,1,3,2,1,42,23,19
BURLESON COUNTY,051,57 Years,273,140,133,204,107,97,23,12,11,0,0,0,4,1,3,42,20,22
BURLESON COUNTY,051,58 Years,264,129,135,197,94,103,23,14,9,1,1,0,5,1,4,38,19,19
BURLESON COUNTY,051,59 Years,278,139,139,211,97,114,31,18,13,1,1,0,1,1,0,34,22,12
BURLESON COUNTY,051,60 Years,274,131,143,205,98,107,36,16,20,1,0,1,1,1,0,31,16,15
BURLESON COUNTY,051,61 Years,276,126,150,216,107,109,25,5,20,1,0,1,1,0,1,33,14,19
BURLESON COUNTY,051,62 Years,269,126,143,216,101,115,25,9,16,0,0,0,1,0,1,27,16,11
BURLESON COUNTY,051,63 Years,267,121,146,202,90,112,29,14,15,1,0,1,4,2,2,31,15,16
BURLESON COUNTY,051,64 Years,261,140,121,194,104,90,37,22,15,2,1,1,2,1,1,26,12,14
BURLESON COUNTY,051,65 Years,222,105,117,170,82,88,28,14,14,1,1,0,1,0,1,22,8,14
BURLESON COUNTY,051,66 Years,241,123,118,172,89,83,34,16,18,0,0,0,4,3,1,31,15,16
BURLESON COUNTY,051,67 Years,246,122,124,179,89,90,38,18,20,1,0,1,4,2,2,24,13,11
BURLESON COUNTY,051,68 Years,232,117,115,171,85,86,33,15,18,1,0,1,4,1,3,23,16,7
BURLESON COUNTY,051,69 Years,219,106,113,168,83,85,32,13,19,0,0,0,2,0,2,17,10,7
BURLESON COUNTY,051,70 Years,229,110,119,179,86,93,25,11,14,0,0,0,5,1,4,20,12,8
BURLESON COUNTY,051,71 Years,201,102,99,155,80,75,17,8,9,1,0,1,1,0,1,27,14,13
BURLESON COUNTY,051,72 Years,177,96,81,137,75,62,21,12,9,0,0,0,2,1,1,17,8,9
BURLESON COUNTY,051,73 Years,181,94,87,144,73,71,16,9,7,0,0,0,4,2,2,17,10,7
BURLESON COUNTY,051,74 Years,161,79,82,125,60,65,18,10,8,0,0,0,3,1,2,15,8,7
BURLESON COUNTY,051,75 Years,133,71,62,103,56,47,12,4,8,0,0,0,2,2,0,16,9,7
BURLESON COUNTY,051,76 Years,135,60,75,108,46,62,13,3,10,0,0,0,4,4,0,10,7,3
BURLESON COUNTY,051,77 Years,136,66,70,103,46,57,18,9,9,0,0,0,1,1,0,14,10,4
BURLESON COUNTY,051,78 Years,135,63,72,101,46,55,18,9,9,0,0,0,1,0,1,15,8,7
BURLESON COUNTY,051,79 Years,112,51,61,89,41,48,11,4,7,1,1,0,0,0,0,11,5,6
BURLESON COUNTY,051,80 Years,113,52,61,93,47,46,11,3,8,0,0,0,0,0,0,9,2,7
BURLESON COUNTY,051,81 Years,116,56,60,93,45,48,14,7,7,0,0,0,1,1,0,8,3,5
BURLESON COUNTY,051,82 Years,93,41,52,68,29,39,17,7,10,0,0,0,0,0,0,8,5,3
BURLESON COUNTY,051,83 Years,98,40,58,77,30,47,12,6,6,0,0,0,1,0,1,8,4,4
BURLESON COUNTY,051,84 Years,89,39,50,64,26,38,14,6,8,1,1,0,1,0,1,9,6,3
BURLESON COUNTY,051,85 Years,78,30,48,60,24,36,12,3,9,0,0,0,0,0,0,6,3,3
BURLESON COUNTY,051,86 Years,71,31,40,57,27,30,9,2,7,0,0,0,0,0,0,5,2,3
BURLESON COUNTY,051,87 Years,76,30,46,58,22,36,10,3,7,0,0,0,1,0,1,7,5,2
BURLESON COUNTY,051,88 Years,57,25,32,43,17,26,8,4,4,0,0,0,0,0,0,6,4,2
BURLESON COUNTY,051,89 Years,48,22,26,34,14,20,6,3,3,0,0,0,2,0,2,6,5,1
BURLESON COUNTY,051,90 Years,41,16,25,30,12,18,6,2,4,0,0,0,1,0,1,4,2,2
BURLESON COUNTY,051,91 Years,37,16,21,27,12,15,7,3,4,0,0,0,0,0,0,3,1,2
BURLESON COUNTY,051,92 Years,31,15,16,23,10,13,6,3,3,0,0,0,0,0,0,2,2,0
BURLESON COUNTY,051,93 Years,27,11,16,17,5,12,5,2,3,0,0,0,1,1,0,4,3,1
BURLESON COUNTY,051,94 Years,22,7,15,15,4,11,5,2,3,0,0,0,0,0,0,2,1,1
BURLESON COUNTY,051,95 Years +,43,14,29,29,8,21,10,3,7,0,0,0,0,0,0,4,3,1
BURNET COUNTY,053,All Ages,46639,22866,23773,34158,16512,17646,740,389,351,220,87,133,781,366,415,10740,5512,5228
BURNET COUNTY,053,< 1 Year,548,291,257,321,172,149,5,2,3,2,1,1,14,8,6,206,108,98
BURNET COUNTY,053,1 Years,553,293,260,306,165,141,4,3,1,2,1,1,15,7,8,226,117,109
BURNET COUNTY,053,2 Years,567,290,277,311,158,153,4,3,1,3,2,1,17,8,9,232,119,113
BURNET COUNTY,053,3 Years,555,280,275,297,152,145,5,3,2,4,2,2,16,6,10,233,117,116
BURNET COUNTY,053,4 Years,535,275,260,298,150,148,5,3,2,3,1,2,15,6,9,214,115,99
BURNET COUNTY,053,5 Years,552,278,274,308,155,153,4,2,2,5,2,3,15,7,8,220,112,108
BURNET COUNTY,053,6 Years,550,269,281,310,145,165,3,2,1,4,1,3,15,8,7,218,113,105
BURNET COUNTY,053,7 Years,567,305,262,315,169,146,5,4,1,3,2,1,14,6,8,230,124,106
BURNET COUNTY,053,8 Years,545,287,258,302,153,149,7,5,2,2,2,0,9,5,4,225,122,103
BURNET COUNTY,053,9 Years,539,286,253,322,166,156,8,6,2,2,1,1,11,6,5,196,107,89
BURNET COUNTY,053,10 Years,540,279,261,315,166,149,9,4,5,2,2,0,12,7,5,202,100,102
BURNET COUNTY,053,11 Years,558,277,281,332,166,166,12,5,7,2,2,0,9,5,4,203,99,104
BURNET COUNTY,053,12 Years,576,295,281,355,179,176,7,4,3,1,0,1,14,8,6,199,104,95
BURNET COUNTY,053,13 Years,566,279,287,338,165,173,8,4,4,4,2,2,8,3,5,208,105,103
BURNET COUNTY,053,14 Years,572,283,289,355,179,176,8,5,3,1,1,0,12,5,7,196,93,103
BURNET COUNTY,053,15 Years,612,306,306,387,193,194,10,5,5,2,0,2,12,5,7,201,103,98
BURNET COUNTY,053,16 Years,564,287,277,345,174,171,10,5,5,5,3,2,17,9,8,187,96,91
BURNET COUNTY,053,17 Years,559,295,264,344,182,162,17,9,8,2,1,1,13,8,5,183,95,88
BURNET COUNTY,053,18 Years,578,294,284,345,177,168,19,11,8,1,0,1,15,8,7,198,98,100
BURNET COUNTY,053,19 Years,520,248,272,276,133,143,16,11,5,1,0,1,14,7,7,213,97,116
BURNET COUNTY,053,20 Years,498,248,250,277,141,136,15,8,7,2,1,1,14,6,8,190,92,98
BURNET COUNTY,053,21 Years,492,252,240,289,151,138,11,6,5,3,1,2,14,8,6,175,86,89
BURNET COUNTY,053,22 Years,488,241,247,301,145,156,15,8,7,4,1,3,11,6,5,157,81,76
BURNET COUNTY,053,23 Years,515,243,272,325,148,177,13,6,7,2,1,1,11,4,7,164,84,80
BURNET COUNTY,053,24 Years,606,289,317,404,189,215,20,8,12,2,1,1,13,8,5,167,83,84
BURNET COUNTY,053,25 Years,584,278,306,381,182,199,23,10,13,1,1,0,16,6,10,163,79,84
BURNET COUNTY,053,26 Years,549,267,282,343,152,191,22,13,9,1,1,0,14,8,6,169,93,76
BURNET COUNTY,053,27 Years,549,302,247,339,176,163,21,14,7,4,1,3,8,4,4,177,107,70
BURNET COUNTY,053,28 Years,496,256,240,325,164,161,12,10,2,2,1,1,5,1,4,152,80,72
BURNET COUNTY,053,29 Years,479,247,232,319,153,166,16,12,4,1,0,1,4,1,3,139,81,58
BURNET COUNTY,053,30 Years,467,232,235,309,143,166,9,6,3,2,0,2,9,2,7,138,81,57
BURNET COUNTY,053,31 Years,498,253,245,323,150,173,10,7,3,1,0,1,8,3,5,156,93,63
BURNET COUNTY,053,32 Years,485,258,227,301,155,146,14,6,8,2,1,1,5,2,3,163,94,69
BURNET COUNTY,053,33 Years,523,260,263,330,154,176,15,7,8,2,1,1,6,3,3,170,95,75
BURNET COUNTY,053,34 Years,517,242,275,330,149,181,15,10,5,2,0,2,6,3,3,164,80,84
BURNET COUNTY,053,35 Years,515,256,259,349,168,181,13,8,5,1,0,1,6,3,3,146,77,69
BURNET COUNTY,053,36 Years,537,271,266,382,186,196,10,6,4,4,1,3,7,5,2,134,73,61
BURNET COUNTY,053,37 Years,555,270,285,384,178,206,14,8,6,2,0,2,3,2,1,152,82,70
BURNET COUNTY,053,38 Years,524,254,270,360,167,193,15,9,6,4,2,2,4,2,2,141,74,67
BURNET COUNTY,053,39 Years,498,225,273,325,154,171,15,7,8,4,2,2,5,2,3,149,60,89
BURNET COUNTY,053,40 Years,445,199,246,298,134,164,13,7,6,2,2,0,3,1,2,129,55,74
BURNET COUNTY,053,41 Years,495,250,245,337,167,170,14,8,6,5,1,4,7,5,2,132,69,63
BURNET COUNTY,053,42 Years,456,231,225,324,149,175,12,8,4,4,2,2,3,3,0,113,69,44
BURNET COUNTY,053,43 Years,455,223,232,319,156,163,8,3,5,3,1,2,5,2,3,120,61,59
BURNET COUNTY,053,44 Years,489,233,256,354,172,182,8,3,5,2,0,2,5,2,3,120,56,64
BURNET COUNTY,053,45 Years,525,259,266,375,186,189,7,3,4,4,3,1,8,4,4,131,63,68
BURNET COUNTY,053,46 Years,536,248,288,396,182,214,11,5,6,4,1,3,5,3,2,120,57,63
BURNET COUNTY,053,47 Years,513,239,274,393,183,210,10,3,7,4,0,4,8,2,6,98,51,47
BURNET COUNTY,053,48 Years,506,248,258,381,181,200,9,3,6,3,2,1,6,3,3,107,59,48
BURNET COUNTY,053,49 Years,522,255,267,370,178,192,11,5,6,2,1,1,7,2,5,132,69,63
BURNET COUNTY,053,50 Years,489,241,248,342,165,177,9,3,6,3,1,2,8,4,4,127,68,59
BURNET COUNTY,053,51 Years,494,243,251,365,176,189,8,4,4,3,1,2,8,4,4,110,58,52
BURNET COUNTY,053,52 Years,574,283,291,447,225,222,6,3,3,5,3,2,8,3,5,108,49,59
BURNET COUNTY,053,53 Years,634,304,330,494,239,255,10,7,3,3,1,2,9,4,5,118,53,65
BURNET COUNTY,053,54 Years,639,297,342,505,234,271,10,5,5,3,1,2,8,1,7,113,56,57
BURNET COUNTY,053,55 Years,659,307,352,521,239,282,5,2,3,7,2,5,12,5,7,114,59,55
BURNET COUNTY,053,56 Years,716,340,376,580,277,303,9,4,5,4,1,3,11,6,5,112,52,60
BURNET COUNTY,053,57 Years,740,375,365,601,309,292,10,4,6,5,2,3,12,7,5,112,53,59
BURNET COUNTY,053,58 Years,679,329,350,561,268,293,8,4,4,6,4,2,10,5,5,94,48,46
BURNET COUNTY,053,59 Years,752,368,384,638,314,324,4,2,2,6,2,4,9,3,6,95,47,48
BURNET COUNTY,053,60 Years,705,342,363,594,288,306,5,3,2,3,1,2,10,2,8,93,48,45
BURNET COUNTY,053,61 Years,704,342,362,599,287,312,6,4,2,3,1,2,10,6,4,86,44,42
BURNET COUNTY,053,62 Years,696,336,360,593,282,311,4,3,1,4,1,3,10,5,5,85,45,40
BURNET COUNTY,053,63 Years,668,343,325,576,287,289,4,3,1,3,2,1,12,7,5,73,44,29
BURNET COUNTY,053,64 Years,701,335,366,624,299,325,2,1,1,3,1,2,10,3,7,62,31,31
BURNET COUNTY,053,65 Years,665,317,348,595,284,311,5,1,4,3,1,2,9,2,7,53,29,24
BURNET COUNTY,053,66 Years,670,307,363,592,267,325,6,3,3,0,0,0,11,5,6,61,32,29
BURNET COUNTY,053,67 Years,614,301,313,552,271,281,4,2,2,3,2,1,9,3,6,46,23,23
BURNET COUNTY,053,68 Years,646,332,314,591,306,285,2,2,0,1,0,1,7,2,5,45,22,23
BURNET COUNTY,053,69 Years,657,315,342,592,280,312,3,1,2,2,0,2,9,5,4,51,29,22
BURNET COUNTY,053,70 Years,674,329,345,599,293,306,3,0,3,3,1,2,15,8,7,54,27,27
BURNET COUNTY,053,71 Years,542,280,262,475,244,231,5,0,5,1,0,1,8,4,4,53,32,21
BURNET COUNTY,053,72 Years,505,268,237,460,244,216,5,1,4,0,0,0,5,2,3,35,21,14
BURNET COUNTY,053,73 Years,489,241,248,445,220,225,6,2,4,1,0,1,8,5,3,29,14,15
BURNET COUNTY,053,74 Years,492,245,247,450,221,229,4,2,2,4,3,1,6,5,1,28,14,14
BURNET COUNTY,053,75 Years,433,218,215,401,205,196,2,1,1,2,0,2,4,2,2,24,10,14
BURNET COUNTY,053,76 Years,378,179,199,354,171,183,2,1,1,0,0,0,5,2,3,17,5,12
BURNET COUNTY,053,77 Years,354,157,197,327,147,180,3,1,2,0,0,0,4,3,1,20,6,14
BURNET COUNTY,053,78 Years,351,148,203,326,143,183,4,0,4,0,0,0,3,0,3,18,5,13
BURNET COUNTY,053,79 Years,331,150,181,313,143,170,1,0,1,1,0,1,3,2,1,13,5,8
BURNET COUNTY,053,80 Years,297,143,154,275,134,141,2,1,1,2,1,1,3,2,1,15,5,10
BURNET COUNTY,053,81 Years,249,128,121,231,121,110,2,1,1,0,0,0,4,1,3,12,5,7
BURNET COUNTY,053,82 Years,259,114,145,240,108,132,2,0,2,1,0,1,3,1,2,13,5,8
BURNET COUNTY,053,83 Years,238,100,138,220,95,125,2,0,2,2,0,2,2,1,1,12,4,8
BURNET COUNTY,053,84 Years,226,102,124,210,95,115,2,0,2,1,0,1,3,2,1,10,5,5
BURNET COUNTY,053,85 Years,200,94,106,187,88,99,0,0,0,0,0,0,3,1,2,10,5,5
BURNET COUNTY,053,86 Years,170,74,96,157,67,90,0,0,0,0,0,0,3,1,2,10,6,4
BURNET COUNTY,053,87 Years,164,69,95,151,64,87,3,1,2,0,0,0,2,1,1,8,3,5
BURNET COUNTY,053,88 Years,137,52,85,125,47,78,0,0,0,0,0,0,3,1,2,9,4,5
BURNET COUNTY,053,89 Years,114,39,75,106,37,69,0,0,0,0,0,0,2,0,2,6,2,4
BURNET COUNTY,053,90 Years,105,37,68,95,34,61,1,0,1,0,0,0,2,1,1,7,2,5
BURNET COUNTY,053,91 Years,87,31,56,79,27,52,1,1,0,0,0,0,1,1,0,6,2,4
BURNET COUNTY,053,92 Years,73,22,51,67,21,46,0,0,0,0,0,0,1,0,1,5,1,4
BURNET COUNTY,053,93 Years,58,20,38,54,18,36,0,0,0,0,0,0,1,0,1,3,2,1
BURNET COUNTY,053,94 Years,43,13,30,39,11,28,1,1,0,1,0,1,1,0,1,1,1,0
BURNET COUNTY,053,95 Years +,95,30,65,85,25,60,2,2,0,1,0,1,1,0,1,6,3,3
CALDWELL COUNTY,055,All Ages,41845,21043,20802,16802,8417,8385,2412,1285,1127,342,178,164,598,305,293,21691,10858,10833
CALDWELL COUNTY,055,< 1 Year,596,305,291,150,80,70,15,10,5,1,0,1,13,9,4,417,206,211
CALDWELL COUNTY,055,1 Years,592,307,285,149,78,71,17,11,6,2,1,1,13,10,3,411,207,204
CALDWELL COUNTY,055,2 Years,586,301,285,149,79,70,16,9,7,2,1,1,18,11,7,401,201,200
CALDWELL COUNTY,055,3 Years,549,281,268,141,74,67,13,7,6,2,1,1,16,11,5,377,188,189
CALDWELL COUNTY,055,4 Years,525,273,252,130,71,59,13,7,6,1,0,1,15,8,7,366,187,179
CALDWELL COUNTY,055,5 Years,515,265,250,128,68,60,12,7,5,1,0,1,12,5,7,362,185,177
CALDWELL COUNTY,055,6 Years,533,273,260,136,70,66,17,11,6,0,0,0,10,3,7,370,189,181
CALDWELL COUNTY,055,7 Years,525,245,280,130,64,66,17,11,6,1,1,0,11,5,6,366,164,202
CALDWELL COUNTY,055,8 Years,520,252,268,140,71,69,21,11,10,1,1,0,12,5,7,346,164,182
CALDWELL COUNTY,055,9 Years,594,303,291,153,78,75,29,14,15,2,2,0,9,3,6,401,206,195
CALDWELL COUNTY,055,10 Years,552,284,268,139,75,64,24,12,12,2,2,0,10,5,5,377,190,187
CALDWELL COUNTY,055,11 Years,570,300,270,151,83,68,27,16,11,0,0,0,9,2,7,383,199,184
CALDWELL COUNTY,055,12 Years,629,344,285,162,89,73,31,16,15,1,1,0,8,3,5,427,235,192
CALDWELL COUNTY,055,13 Years,601,303,298,163,88,75,27,9,18,4,1,3,5,2,3,402,203,199
CALDWELL COUNTY,055,14 Years,587,309,278,161,92,69,19,12,7,1,0,1,13,3,10,393,202,191
CALDWELL COUNTY,055,15 Years,660,336,324,175,91,84,36,16,20,5,2,3,14,9,5,430,218,212
CALDWELL COUNTY,055,16 Years,696,368,328,199,110,89,58,37,21,10,8,2,16,5,11,413,208,205
CALDWELL COUNTY,055,17 Years,704,364,340,199,105,94,47,33,14,23,13,10,15,4,11,420,209,211
CALDWELL COUNTY,055,18 Years,631,347,284,172,101,71,37,25,12,27,18,9,14,6,8,381,197,184
CALDWELL COUNTY,055,19 Years,555,323,232,174,106,68,34,25,9,22,13,9,10,5,5,315,174,141
CALDWELL COUNTY,055,20 Years,593,353,240,182,109,73,53,38,15,36,24,12,11,8,3,311,174,137
CALDWELL COUNTY,055,21 Years,553,306,247,165,92,73,48,33,15,23,13,10,14,8,6,303,160,143
CALDWELL COUNTY,055,22 Years,511,258,253,150,80,70,28,18,10,17,7,10,12,5,7,304,148,156
CALDWELL COUNTY,055,23 Years,512,261,251,157,81,76,31,17,14,10,8,2,8,3,5,306,152,154
CALDWELL COUNTY,055,24 Years,584,288,296,179,79,100,39,20,19,12,7,5,10,6,4,344,176,168
CALDWELL COUNTY,055,25 Years,644,334,310,198,99,99,45,26,19,9,5,4,14,8,6,378,196,182
CALDWELL COUNTY,055,26 Years,682,349,333,223,114,109,55,23,32,3,1,2,14,8,6,387,203,184
CALDWELL COUNTY,055,27 Years,670,335,335,234,116,118,58,28,30,4,2,2,8,5,3,366,184,182
CALDWELL COUNTY,055,28 Years,628,319,309,243,122,121,46,23,23,4,2,2,8,5,3,327,167,160
CALDWELL COUNTY,055,29 Years,638,333,305,239,113,126,40,26,14,3,1,2,8,5,3,348,188,160
CALDWELL COUNTY,055,30 Years,641,343,298,230,118,112,48,27,21,2,1,1,14,8,6,347,189,158
CALDWELL COUNTY,055,31 Years,571,307,264,205,114,91,43,27,16,1,1,0,5,4,1,317,161,156
CALDWELL COUNTY,055,32 Years,573,288,285,227,123,104,37,26,11,1,0,1,6,2,4,302,137,165
CALDWELL COUNTY,055,33 Years,533,266,267,202,113,89,37,21,16,1,0,1,8,4,4,285,128,157
CALDWELL COUNTY,055,34 Years,534,266,268,192,98,94,34,23,11,5,3,2,4,3,1,299,139,160
CALDWELL COUNTY,055,35 Years,512,256,256,178,93,85,32,17,15,2,0,2,6,4,2,294,142,152
CALDWELL COUNTY,055,36 Years,521,268,253,194,102,92,29,16,13,0,0,0,7,6,1,291,144,147
CALDWELL COUNTY,055,37 Years,525,252,273,205,97,108,38,17,21,2,0,2,5,4,1,275,134,141
CALDWELL COUNTY,055,38 Years,522,252,270,198,98,100,36,16,20,2,0,2,4,2,2,282,136,146
CALDWELL COUNTY,055,39 Years,508,239,269,206,88,118,32,15,17,3,1,2,5,2,3,262,133,129
CALDWELL COUNTY,055,40 Years,462,223,239,190,96,94,27,13,14,2,0,2,5,1,4,238,113,125
CALDWELL COUNTY,055,41 Years,469,218,251,181,86,95,27,14,13,1,1,0,3,1,2,257,116,141
CALDWELL COUNTY,055,42 Years,481,238,243,197,99,98,27,14,13,0,0,0,6,3,3,251,122,129
CALDWELL COUNTY,055,43 Years,505,250,255,189,99,90,28,15,13,3,1,2,6,4,2,279,131,148
CALDWELL COUNTY,055,44 Years,511,251,260,205,103,102,29,10,19,1,1,0,3,2,1,273,135,138
CALDWELL COUNTY,055,45 Years,513,254,259,211,109,102,25,12,13,3,0,3,4,2,2,270,131,139
CALDWELL COUNTY,055,46 Years,546,258,288,236,115,121,30,16,14,2,0,2,5,3,2,273,124,149
CALDWELL COUNTY,055,47 Years,528,255,273,236,114,122,21,12,9,3,1,2,6,3,3,262,125,137
CALDWELL COUNTY,055,48 Years,479,238,241,205,100,105,26,14,12,2,1,1,6,5,1,240,118,122
CALDWELL COUNTY,055,49 Years,493,245,248,213,105,108,28,15,13,4,2,2,5,4,1,243,119,124
CALDWELL COUNTY,055,50 Years,473,233,240,214,107,107,24,17,7,5,2,3,3,2,1,227,105,122
CALDWELL COUNTY,055,51 Years,504,260,244,226,118,108,24,10,14,5,3,2,4,3,1,245,126,119
CALDWELL COUNTY,055,52 Years,551,273,278,247,115,132,28,13,15,4,2,2,2,2,0,270,141,129
CALDWELL COUNTY,055,53 Years,520,272,248,231,119,112,34,20,14,3,1,2,3,2,1,249,130,119
CALDWELL COUNTY,055,54 Years,538,279,259,257,129,128,38,19,19,3,2,1,4,3,1,236,126,110
CALDWELL COUNTY,055,55 Years,509,258,251,248,127,121,41,21,20,3,1,2,9,5,4,208,104,104
CALDWELL COUNTY,055,56 Years,506,245,261,261,129,132,31,15,16,5,1,4,6,1,5,203,99,104
CALDWELL COUNTY,055,57 Years,575,302,273,303,161,142,35,20,15,3,0,3,7,3,4,227,118,109
CALDWELL COUNTY,055,58 Years,524,265,259,281,142,139,34,19,15,3,0,3,4,1,3,202,103,99
CALDWELL COUNTY,055,59 Years,499,256,243,259,132,127,36,16,20,4,1,3,7,5,2,193,102,91
CALDWELL COUNTY,055,60 Years,486,243,243,274,133,141,29,14,15,3,1,2,6,4,2,174,91,83
CALDWELL COUNTY,055,61 Years,517,239,278,294,129,165,31,13,18,4,2,2,7,3,4,181,92,89
CALDWELL COUNTY,055,62 Years,502,229,273,273,123,150,27,13,14,1,1,0,5,2,3,196,90,106
CALDWELL COUNTY,055,63 Years,489,232,257,266,126,140,24,12,12,2,2,0,7,3,4,190,89,101
CALDWELL COUNTY,055,64 Years,428,204,224,230,104,126,20,10,10,2,1,1,4,1,3,172,88,84
CALDWELL COUNTY,055,65 Years,437,226,211,262,137,125,23,10,13,1,0,1,2,1,1,149,78,71
CALDWELL COUNTY,055,66 Years,446,231,215,264,140,124,26,10,16,1,0,1,4,3,1,151,78,73
CALDWELL COUNTY,055,67 Years,414,203,211,248,119,129,24,13,11,3,0,3,5,3,2,134,68,66
CALDWELL COUNTY,055,68 Years,391,192,199,231,113,118,21,12,9,0,0,0,4,1,3,135,66,69
CALDWELL COUNTY,055,69 Years,395,201,194,236,114,122,19,11,8,2,0,2,6,3,3,132,73,59
CALDWELL COUNTY,055,70 Years,378,191,187,241,125,116,18,9,9,1,0,1,2,1,1,116,56,60
CALDWELL COUNTY,055,71 Years,319,154,165,193,97,96,15,7,8,0,0,0,2,0,2,109,50,59
CALDWELL COUNTY,055,72 Years,281,129,152,170,79,91,17,8,9,0,0,0,1,0,1,93,42,51
CALDWELL COUNTY,055,73 Years,288,139,149,187,88,99,15,6,9,0,0,0,4,1,3,82,44,38
CALDWELL COUNTY,055,74 Years,283,122,161,179,79,100,18,4,14,0,0,0,4,2,2,82,37,45
CALDWELL COUNTY,055,75 Years,220,96,124,135,60,75,15,5,10,1,0,1,5,2,3,64,29,35
CALDWELL COUNTY,055,76 Years,208,99,109,133,64,69,12,7,5,1,0,1,3,2,1,59,26,33
CALDWELL COUNTY,055,77 Years,197,96,101,130,63,67,13,7,6,1,1,0,2,0,2,51,25,26
CALDWELL COUNTY,055,78 Years,190,90,100,121,59,62,12,8,4,3,2,1,0,0,0,54,21,33
CALDWELL COUNTY,055,79 Years,176,75,101,116,53,63,12,5,7,2,2,0,0,0,0,46,15,31
CALDWELL COUNTY,055,80 Years,144,62,82,86,39,47,11,3,8,1,1,0,2,0,2,44,19,25
CALDWELL COUNTY,055,81 Years,149,63,86,93,40,53,10,4,6,1,0,1,2,0,2,43,19,24
CALDWELL COUNTY,055,82 Years,158,79,79,101,47,54,9,4,5,1,1,0,0,0,0,47,27,20
CALDWELL COUNTY,055,83 Years,128,62,66,81,36,45,9,4,5,1,1,0,0,0,0,37,21,16
CALDWELL COUNTY,055,84 Years,116,50,66,75,31,44,8,4,4,2,1,1,3,1,2,28,13,15
CALDWELL COUNTY,055,85 Years,113,49,64,74,32,42,7,3,4,0,0,0,2,1,1,30,13,17
CALDWELL COUNTY,055,86 Years,103,45,58,68,28,40,7,3,4,1,1,0,0,0,0,27,13,14
CALDWELL COUNTY,055,87 Years,87,38,49,59,23,36,4,1,3,0,0,0,0,0,0,24,14,10
CALDWELL COUNTY,055,88 Years,81,33,48,53,21,32,4,0,4,0,0,0,1,1,0,23,11,12
CALDWELL COUNTY,055,89 Years,59,26,33,40,18,22,5,1,4,0,0,0,0,0,0,14,7,7
CALDWELL COUNTY,055,90 Years,62,23,39,42,15,27,7,3,4,0,0,0,0,0,0,13,5,8
CALDWELL COUNTY,055,91 Years,57,24,33,35,13,22,6,3,3,0,0,0,1,0,1,15,8,7
CALDWELL COUNTY,055,92 Years,48,20,28,30,13,17,5,2,3,0,0,0,1,1,0,12,4,8
CALDWELL COUNTY,055,93 Years,35,15,20,23,9,14,4,2,2,0,0,0,0,0,0,8,4,4
CALDWELL COUNTY,055,94 Years,26,11,15,17,7,10,4,1,3,0,0,0,0,0,0,5,3,2
CALDWELL COUNTY,055,95 Years +,73,23,50,44,13,31,9,2,7,0,0,0,1,0,1,19,8,11
CALHOUN COUNTY,057,All Ages,22033,11222,10811,9384,4734,4650,532,268,264,1078,603,475,235,132,103,10804,5485,5319
CALHOUN COUNTY,057,< 1 Year,303,156,147,94,45,49,2,1,1,11,9,2,6,3,3,190,98,92
CALHOUN COUNTY,057,1 Years,311,159,152,98,50,48,3,2,1,13,8,5,6,3,3,191,96,95
CALHOUN COUNTY,057,2 Years,328,171,157,104,54,50,3,2,1,18,10,8,7,4,3,196,101,95
CALHOUN COUNTY,057,3 Years,338,174,164,104,54,50,4,3,1,28,16,12,7,4,3,195,97,98
CALHOUN COUNTY,057,4 Years,318,160,158,93,44,49,4,1,3,29,20,9,6,4,2,186,91,95
CALHOUN COUNTY,057,5 Years,304,146,158,92,45,47,3,1,2,26,14,12,5,3,2,178,83,95
CALHOUN COUNTY,057,6 Years,295,142,153,95,46,49,3,1,2,17,11,6,5,2,3,175,82,93
CALHOUN COUNTY,057,7 Years,324,161,163,104,53,51,3,0,3,15,7,8,4,3,1,198,98,100
CALHOUN COUNTY,057,8 Years,275,137,138,74,34,40,8,4,4,12,5,7,3,2,1,178,92,86
CALHOUN COUNTY,057,9 Years,288,149,139,73,36,37,7,4,3,12,5,7,5,3,2,191,101,90
CALHOUN COUNTY,057,10 Years,287,142,145,81,40,41,7,3,4,8,4,4,3,2,1,188,93,95
CALHOUN COUNTY,057,11 Years,299,151,148,86,50,36,6,0,6,10,4,6,3,2,1,194,95,99
CALHOUN COUNTY,057,12 Years,285,142,143,81,39,42,4,1,3,17,9,8,4,2,2,179,91,88
CALHOUN COUNTY,057,13 Years,312,159,153,93,44,49,6,3,3,18,7,11,2,2,0,193,103,90
CALHOUN COUNTY,057,14 Years,324,175,149,101,59,42,9,6,3,19,7,12,6,2,4,189,101,88
CALHOUN COUNTY,057,15 Years,301,162,139,99,58,41,5,3,2,15,5,10,3,2,1,179,94,85
CALHOUN COUNTY,057,16 Years,284,150,134,91,48,43,5,3,2,12,6,6,2,0,2,174,93,81
CALHOUN COUNTY,057,17 Years,306,157,149,86,49,37,7,3,4,14,7,7,3,1,2,196,97,99
CALHOUN COUNTY,057,18 Years,305,173,132,95,55,40,7,4,3,13,7,6,5,3,2,185,104,81
CALHOUN COUNTY,057,19 Years,263,140,123,81,40,41,6,5,1,7,3,4,2,2,0,167,90,77
CALHOUN COUNTY,057,20 Years,283,149,134,98,52,46,6,3,3,16,8,8,1,1,0,162,85,77
CALHOUN COUNTY,057,21 Years,272,134,138,103,49,54,6,3,3,14,6,8,4,1,3,145,75,70
CALHOUN COUNTY,057,22 Years,268,146,122,90,47,43,4,3,1,16,9,7,5,3,2,153,84,69
CALHOUN COUNTY,057,23 Years,310,163,147,106,50,56,7,3,4,17,13,4,3,3,0,177,94,83
CALHOUN COUNTY,057,24 Years,330,177,153,109,54,55,8,3,5,21,14,7,4,2,2,188,104,84
CALHOUN COUNTY,057,25 Years,323,169,154,113,54,59,9,6,3,19,12,7,3,2,1,179,95,84
CALHOUN COUNTY,057,26 Years,313,150,163,101,46,55,9,3,6,13,6,7,3,3,0,187,92,95
CALHOUN COUNTY,057,27 Years,265,130,135,81,42,39,8,2,6,9,4,5,3,3,0,164,79,85
CALHOUN COUNTY,057,28 Years,282,153,129,106,55,51,2,1,1,8,6,2,2,2,0,164,89,75
CALHOUN COUNTY,057,29 Years,281,154,127,87,46,41,4,1,3,11,8,3,0,0,0,179,99,80
CALHOUN COUNTY,057,30 Years,265,149,116,87,49,38,6,2,4,9,6,3,1,0,1,162,92,70
CALHOUN COUNTY,057,31 Years,261,140,121,86,48,38,8,5,3,11,8,3,3,1,2,153,78,75
CALHOUN COUNTY,057,32 Years,271,146,125,87,51,36,6,3,3,13,8,5,3,1,2,162,83,79
CALHOUN COUNTY,057,33 Years,259,141,118,90,53,37,5,2,3,13,9,4,1,0,1,150,77,73
CALHOUN COUNTY,057,34 Years,236,112,124,90,33,57,3,2,1,12,6,6,3,2,1,128,69,59
CALHOUN COUNTY,057,35 Years,281,128,153,92,32,60,2,2,0,14,10,4,2,1,1,171,83,88
CALHOUN COUNTY,057,36 Years,277,140,137,100,50,50,7,4,3,10,7,3,1,1,0,159,78,81
CALHOUN COUNTY,057,37 Years,273,134,139,102,39,63,3,1,2,12,9,3,3,1,2,153,84,69
CALHOUN COUNTY,057,38 Years,234,111,123,84,43,41,4,0,4,11,6,5,2,0,2,133,62,71
CALHOUN COUNTY,057,39 Years,232,122,110,86,53,33,3,1,2,10,6,4,1,0,1,132,62,70
CALHOUN COUNTY,057,40 Years,228,117,111,96,57,39,3,2,1,11,4,7,1,1,0,117,53,64
CALHOUN COUNTY,057,41 Years,225,120,105,84,48,36,5,3,2,12,5,7,2,0,2,122,64,58
CALHOUN COUNTY,057,42 Years,222,116,106,77,39,38,6,3,3,11,4,7,0,0,0,128,70,58
CALHOUN COUNTY,057,43 Years,212,108,104,83,34,49,10,7,3,7,3,4,1,1,0,111,63,48
CALHOUN COUNTY,057,44 Years,229,114,115,87,43,44,8,3,5,7,4,3,0,0,0,127,64,63
CALHOUN COUNTY,057,45 Years,235,108,127,86,40,46,4,2,2,8,4,4,2,0,2,135,62,73
CALHOUN COUNTY,057,46 Years,243,119,124,97,47,50,8,5,3,11,7,4,1,1,0,126,59,67
CALHOUN COUNTY,057,47 Years,269,134,135,115,59,56,8,4,4,16,7,9,2,1,1,128,63,65
CALHOUN COUNTY,057,48 Years,257,125,132,119,55,64,5,1,4,11,4,7,2,1,1,120,64,56
CALHOUN COUNTY,057,49 Years,238,120,118,106,52,54,6,4,2,11,5,6,1,0,1,114,59,55
CALHOUN COUNTY,057,50 Years,257,125,132,107,48,59,7,5,2,14,4,10,3,1,2,126,67,59
CALHOUN COUNTY,057,51 Years,269,133,136,118,54,64,3,1,2,19,9,10,2,1,1,127,68,59
CALHOUN COUNTY,057,52 Years,308,162,146,144,77,67,10,4,6,13,7,6,2,1,1,139,73,66
CALHOUN COUNTY,057,53 Years,290,162,128,144,83,61,6,5,1,11,8,3,2,1,1,127,65,62
CALHOUN COUNTY,057,54 Years,317,171,146,148,77,71,10,6,4,16,10,6,4,2,2,139,76,63
CALHOUN COUNTY,057,55 Years,302,159,143,146,75,71,10,5,5,12,8,4,5,4,1,129,67,62
CALHOUN COUNTY,057,56 Years,282,149,133,147,77,70,7,3,4,16,8,8,3,1,2,109,60,49
CALHOUN COUNTY,057,57 Years,299,159,140,156,86,70,8,3,5,18,6,12,5,3,2,112,61,51
CALHOUN COUNTY,057,58 Years,297,155,142,147,74,73,9,5,4,14,8,6,4,3,1,123,65,58
CALHOUN COUNTY,057,59 Years,291,150,141,151,78,73,10,6,4,19,11,8,1,1,0,110,54,56
CALHOUN COUNTY,057,60 Years,282,144,138,161,86,75,11,7,4,18,10,8,3,1,2,89,40,49
CALHOUN COUNTY,057,61 Years,280,128,152,157,75,82,10,5,5,14,10,4,4,2,2,95,36,59
CALHOUN COUNTY,057,62 Years,292,146,146,163,83,80,12,6,6,9,7,2,2,1,1,106,49,57
CALHOUN COUNTY,057,63 Years,261,133,128,154,84,70,7,3,4,14,7,7,5,4,1,81,35,46
CALHOUN COUNTY,057,64 Years,260,136,124,146,78,68,9,6,3,21,10,11,4,3,1,80,39,41
CALHOUN COUNTY,057,65 Years,272,141,131,150,75,75,11,8,3,16,8,8,3,2,1,92,48,44
CALHOUN COUNTY,057,66 Years,222,111,111,128,63,65,5,4,1,16,11,5,2,1,1,71,32,39
CALHOUN COUNTY,057,67 Years,207,105,102,117,61,56,6,2,4,19,14,5,2,1,1,63,27,36
CALHOUN COUNTY,057,68 Years,228,114,114,135,66,69,9,3,6,13,8,5,4,2,2,67,35,32
CALHOUN COUNTY,057,69 Years,237,111,126,153,73,80,5,1,4,9,6,3,4,3,1,66,28,38
CALHOUN COUNTY,057,70 Years,213,107,106,145,75,70,2,1,1,7,4,3,3,3,0,56,24,32
CALHOUN COUNTY,057,71 Years,185,97,88,128,70,58,4,3,1,7,5,2,1,1,0,45,18,27
CALHOUN COUNTY,057,72 Years,184,97,87,125,67,58,5,2,3,4,4,0,4,3,1,46,21,25
CALHOUN COUNTY,057,73 Years,181,92,89,129,67,62,5,3,2,4,4,0,1,1,0,42,17,25
CALHOUN COUNTY,057,74 Years,192,101,91,135,70,65,4,2,2,6,4,2,2,1,1,45,24,21
CALHOUN COUNTY,057,75 Years,169,84,85,119,58,61,4,2,2,6,3,3,1,0,1,39,21,18
CALHOUN COUNTY,057,76 Years,150,73,77,103,43,60,5,2,3,6,4,2,1,1,0,35,23,12
CALHOUN COUNTY,057,77 Years,127,61,66,95,45,50,6,2,4,4,2,2,2,1,1,20,11,9
CALHOUN COUNTY,057,78 Years,125,64,61,85,45,40,5,3,2,3,2,1,3,0,3,29,14,15
CALHOUN COUNTY,057,79 Years,121,59,62,84,42,42,5,3,2,2,2,0,1,0,1,29,12,17
CALHOUN COUNTY,057,80 Years,129,64,65,87,43,44,8,5,3,6,4,2,1,0,1,27,12,15
CALHOUN COUNTY,057,81 Years,111,57,54,81,41,40,6,5,1,5,3,2,1,0,1,18,8,10
CALHOUN COUNTY,057,82 Years,98,49,49,67,33,34,3,2,1,5,3,2,1,1,0,22,10,12
CALHOUN COUNTY,057,83 Years,100,41,59,75,31,44,3,1,2,3,1,2,0,0,0,19,8,11
CALHOUN COUNTY,057,84 Years,81,31,50,58,22,36,3,1,2,3,1,2,0,0,0,17,7,10
CALHOUN COUNTY,057,85 Years,73,30,43,49,23,26,2,0,2,5,1,4,0,0,0,17,6,11
CALHOUN COUNTY,057,86 Years,71,31,40,47,21,26,2,1,1,5,1,4,0,0,0,17,8,9
CALHOUN COUNTY,057,87 Years,73,36,37,49,23,26,3,2,1,4,3,1,1,1,0,16,7,9
CALHOUN COUNTY,057,88 Years,59,25,34,41,18,23,3,1,2,3,2,1,0,0,0,12,4,8
CALHOUN COUNTY,057,89 Years,44,20,24,28,14,14,2,1,1,2,1,1,0,0,0,12,4,8
CALHOUN COUNTY,057,90 Years,34,15,19,23,12,11,1,0,1,2,0,2,0,0,0,8,3,5
CALHOUN COUNTY,057,91 Years,33,13,20,22,8,14,3,1,2,2,2,0,0,0,0,6,2,4
CALHOUN COUNTY,057,92 Years,28,14,14,17,8,9,3,1,2,2,2,0,0,0,0,6,3,3
CALHOUN COUNTY,057,93 Years,22,10,12,14,7,7,2,0,2,1,1,0,0,0,0,5,2,3
CALHOUN COUNTY,057,94 Years,17,7,10,10,4,6,0,0,0,1,1,0,1,0,1,5,2,3
CALHOUN COUNTY,057,95 Years +,36,15,21,23,8,15,3,2,1,1,1,0,0,0,0,9,4,5
CALLAHAN COUNTY,059,All Ages,14203,7055,7148,12267,6073,6194,156,76,80,72,22,50,328,165,163,1380,719,661
CALLAHAN COUNTY,059,< 1 Year,155,77,78,123,61,62,0,0,0,2,1,1,6,3,3,24,12,12
CALLAHAN COUNTY,059,1 Years,153,80,73,121,64,57,2,1,1,1,0,1,4,2,2,25,13,12
CALLAHAN COUNTY,059,2 Years,153,82,71,118,63,55,2,1,1,1,0,1,7,4,3,25,14,11
CALLAHAN COUNTY,059,3 Years,144,82,62,111,63,48,3,2,1,1,0,1,8,4,4,21,13,8
CALLAHAN COUNTY,059,4 Years,142,79,63,104,57,47,2,1,1,2,1,1,12,6,6,22,14,8
CALLAHAN COUNTY,059,5 Years,126,70,56,94,52,42,2,1,1,2,1,1,10,5,5,18,11,7
CALLAHAN COUNTY,059,6 Years,124,67,57,96,53,43,2,1,1,2,1,1,7,4,3,17,8,9
CALLAHAN COUNTY,059,7 Years,157,90,67,127,75,52,3,0,3,1,0,1,6,5,1,20,10,10
CALLAHAN COUNTY,059,8 Years,152,78,74,124,60,64,3,1,2,1,1,0,4,2,2,20,14,6
CALLAHAN COUNTY,059,9 Years,146,72,74,117,58,59,2,1,1,0,0,0,5,2,3,22,11,11
CALLAHAN COUNTY,059,10 Years,173,92,81,137,78,59,3,1,2,1,0,1,4,2,2,28,11,17
CALLAHAN COUNTY,059,11 Years,179,100,79,145,86,59,3,1,2,0,0,0,3,2,1,28,11,17
CALLAHAN COUNTY,059,12 Years,167,100,67,132,84,48,1,1,0,0,0,0,9,4,5,25,11,14
CALLAHAN COUNTY,059,13 Years,185,102,83,153,87,66,4,3,1,0,0,0,7,4,3,21,8,13
CALLAHAN COUNTY,059,14 Years,177,91,86,145,72,73,1,1,0,0,0,0,6,4,2,25,14,11
CALLAHAN COUNTY,059,15 Years,202,101,101,167,81,86,1,1,0,0,0,0,7,5,2,27,14,13
CALLAHAN COUNTY,059,16 Years,181,91,90,156,80,76,1,0,1,0,0,0,5,3,2,19,8,11
CALLAHAN COUNTY,059,17 Years,161,83,78,122,63,59,2,2,0,0,0,0,6,4,2,31,14,17
CALLAHAN COUNTY,059,18 Years,166,80,86,123,59,64,3,2,1,1,1,0,9,5,4,30,13,17
CALLAHAN COUNTY,059,19 Years,141,66,75,101,50,51,3,0,3,1,1,0,8,3,5,28,12,16
CALLAHAN COUNTY,059,20 Years,132,67,65,93,44,49,3,3,0,1,0,1,11,5,6,24,15,9
CALLAHAN COUNTY,059,21 Years,134,63,71,102,49,53,4,1,3,0,0,0,4,1,3,24,12,12
CALLAHAN COUNTY,059,22 Years,138,65,73,107,51,56,2,1,1,0,0,0,2,0,2,27,13,14
CALLAHAN COUNTY,059,23 Years,149,77,72,115,57,58,5,4,1,0,0,0,5,2,3,24,14,10
CALLAHAN COUNTY,059,24 Years,171,92,79,142,75,67,3,2,1,2,2,0,3,1,2,21,12,9
CALLAHAN COUNTY,059,25 Years,151,80,71,121,61,60,3,2,1,2,1,1,0,0,0,25,16,9
CALLAHAN COUNTY,059,26 Years,153,83,70,132,72,60,2,1,1,2,1,1,1,1,0,16,8,8
CALLAHAN COUNTY,059,27 Years,165,93,72,132,71,61,3,1,2,2,1,1,2,2,0,26,18,8
CALLAHAN COUNTY,059,28 Years,187,99,88,153,75,78,3,1,2,1,0,1,2,1,1,28,22,6
CALLAHAN COUNTY,059,29 Years,169,78,91,150,69,81,1,0,1,1,0,1,3,0,3,14,9,5
CALLAHAN COUNTY,059,30 Years,153,77,76,134,70,64,0,0,0,1,0,1,2,1,1,16,6,10
CALLAHAN COUNTY,059,31 Years,153,79,74,128,66,62,1,1,0,0,0,0,3,2,1,21,10,11
CALLAHAN COUNTY,059,32 Years,149,69,80,128,57,71,0,0,0,0,0,0,3,0,3,18,12,6
CALLAHAN COUNTY,059,33 Years,172,78,94,142,64,78,2,1,1,0,0,0,6,2,4,22,11,11
CALLAHAN COUNTY,059,34 Years,174,91,83,141,74,67,1,0,1,0,0,0,4,0,4,28,17,11
CALLAHAN COUNTY,059,35 Years,164,88,76,139,72,67,1,0,1,1,0,1,3,1,2,20,15,5
CALLAHAN COUNTY,059,36 Years,159,82,77,130,71,59,3,1,2,0,0,0,3,3,0,23,7,16
CALLAHAN COUNTY,059,37 Years,172,83,89,138,70,68,4,1,3,1,0,1,3,1,2,26,11,15
CALLAHAN COUNTY,059,38 Years,158,77,81,128,61,67,1,0,1,2,1,1,2,1,1,25,14,11
CALLAHAN COUNTY,059,39 Years,164,82,82,149,74,75,0,0,0,0,0,0,4,2,2,11,6,5
CALLAHAN COUNTY,059,40 Years,164,87,77,147,77,70,1,1,0,1,0,1,3,1,2,12,8,4
CALLAHAN COUNTY,059,41 Years,160,80,80,142,69,73,1,1,0,0,0,0,1,0,1,16,10,6
CALLAHAN COUNTY,059,42 Years,148,72,76,132,66,66,3,1,2,1,0,1,3,0,3,9,5,4
CALLAHAN COUNTY,059,43 Years,161,76,85,140,71,69,3,1,2,1,0,1,2,1,1,15,3,12
CALLAHAN COUNTY,059,44 Years,150,63,87,136,58,78,3,3,0,0,0,0,3,1,2,8,1,7
CALLAHAN COUNTY,059,45 Years,159,79,80,146,71,75,1,1,0,0,0,0,1,1,0,11,6,5
CALLAHAN COUNTY,059,46 Years,185,80,105,174,75,99,0,0,0,1,0,1,2,1,1,8,4,4
CALLAHAN COUNTY,059,47 Years,175,81,94,160,74,86,2,1,1,1,1,0,2,0,2,10,5,5
CALLAHAN COUNTY,059,48 Years,185,88,97,160,75,85,3,2,1,0,0,0,6,2,4,16,9,7
CALLAHAN COUNTY,059,49 Years,178,88,90,161,80,81,2,2,0,1,0,1,3,1,2,11,5,6
CALLAHAN COUNTY,059,50 Years,175,91,84,155,81,74,2,1,1,2,0,2,2,1,1,14,8,6
CALLAHAN COUNTY,059,51 Years,162,84,78,142,75,67,0,0,0,1,1,0,2,1,1,17,7,10
CALLAHAN COUNTY,059,52 Years,167,85,82,151,78,73,0,0,0,1,0,1,2,2,0,13,5,8
CALLAHAN COUNTY,059,53 Years,195,99,96,179,90,89,1,1,0,0,0,0,2,1,1,13,7,6
CALLAHAN COUNTY,059,54 Years,233,119,114,206,107,99,2,1,1,0,0,0,2,2,0,23,9,14
CALLAHAN COUNTY,059,55 Years,236,110,126,211,98,113,2,1,1,0,0,0,2,2,0,21,9,12
CALLAHAN COUNTY,059,56 Years,214,109,105,188,93,95,4,2,2,1,1,0,8,5,3,13,8,5
CALLAHAN COUNTY,059,57 Years,245,119,126,210,102,108,3,2,1,4,0,4,6,3,3,22,12,10
CALLAHAN COUNTY,059,58 Years,230,112,118,206,101,105,4,2,2,1,0,1,2,1,1,17,8,9
CALLAHAN COUNTY,059,59 Years,209,99,110,191,89,102,1,0,1,0,0,0,4,4,0,13,6,7
CALLAHAN COUNTY,059,60 Years,204,103,101,183,89,94,0,0,0,2,1,1,4,2,2,15,11,4
CALLAHAN COUNTY,059,61 Years,206,96,110,189,85,104,0,0,0,1,1,0,5,3,2,11,7,4
CALLAHAN COUNTY,059,62 Years,222,104,118,200,94,106,3,1,2,1,0,1,8,4,4,10,5,5
CALLAHAN COUNTY,059,63 Years,230,114,116,210,101,109,2,1,1,3,2,1,6,3,3,9,7,2
CALLAHAN COUNTY,059,64 Years,193,98,95,180,93,87,1,0,1,1,0,1,2,0,2,9,5,4
CALLAHAN COUNTY,059,65 Years,190,93,97,174,83,91,2,2,0,0,0,0,5,3,2,9,5,4
CALLAHAN COUNTY,059,66 Years,182,88,94,168,82,86,1,1,0,1,0,1,4,2,2,8,3,5
CALLAHAN COUNTY,059,67 Years,187,81,106,173,77,96,3,0,3,1,0,1,3,2,1,7,2,5
CALLAHAN COUNTY,059,68 Years,198,85,113,189,82,107,1,0,1,0,0,0,2,1,1,6,2,4
CALLAHAN COUNTY,059,69 Years,197,81,116,189,80,109,0,0,0,1,0,1,2,0,2,5,1,4
CALLAHAN COUNTY,059,70 Years,190,90,100,179,87,92,1,1,0,1,0,1,3,0,3,6,2,4
CALLAHAN COUNTY,059,71 Years,147,79,68,135,73,62,1,1,0,0,0,0,3,1,2,8,4,4
CALLAHAN COUNTY,059,72 Years,156,70,86,145,64,81,3,2,1,1,1,0,2,0,2,5,3,2
CALLAHAN COUNTY,059,73 Years,146,81,65,134,71,63,0,0,0,1,1,0,2,2,0,9,7,2
CALLAHAN COUNTY,059,74 Years,133,67,66,126,61,65,1,1,0,0,0,0,1,1,0,5,4,1
CALLAHAN COUNTY,059,75 Years,127,70,57,116,62,54,1,1,0,1,0,1,2,2,0,7,5,2
CALLAHAN COUNTY,059,76 Years,111,55,56,104,52,52,1,0,1,1,0,1,1,1,0,4,2,2
CALLAHAN COUNTY,059,77 Years,115,57,58,109,54,55,1,0,1,0,0,0,2,1,1,3,2,1
CALLAHAN COUNTY,059,78 Years,111,47,64,104,45,59,2,0,2,1,0,1,1,1,0,3,1,2
CALLAHAN COUNTY,059,79 Years,114,51,63,109,51,58,1,0,1,1,0,1,0,0,0,3,0,3
CALLAHAN COUNTY,059,80 Years,105,55,50,95,51,44,0,0,0,3,0,3,1,1,0,6,3,3
CALLAHAN COUNTY,059,81 Years,86,43,43,77,40,37,0,0,0,2,0,2,2,1,1,5,2,3
CALLAHAN COUNTY,059,82 Years,82,43,39,78,42,36,0,0,0,0,0,0,1,0,1,3,1,2
CALLAHAN COUNTY,059,83 Years,59,27,32,55,26,29,1,0,1,0,0,0,1,0,1,2,1,1
CALLAHAN COUNTY,059,84 Years,59,20,39,54,19,35,1,0,1,1,0,1,0,0,0,3,1,2
CALLAHAN COUNTY,059,85 Years,61,25,36,58,24,34,1,0,1,0,0,0,1,0,1,1,1,0
CALLAHAN COUNTY,059,86 Years,64,25,39,57,19,38,1,1,0,0,0,0,1,1,0,5,4,1
CALLAHAN COUNTY,059,87 Years,48,23,25,43,19,24,0,0,0,0,0,0,1,1,0,4,3,1
CALLAHAN COUNTY,059,88 Years,46,23,23,44,21,23,0,0,0,0,0,0,0,0,0,2,2,0
CALLAHAN COUNTY,059,89 Years,31,14,17,28,12,16,1,0,1,0,0,0,1,1,0,1,1,0
CALLAHAN COUNTY,059,90 Years,30,10,20,25,8,17,1,0,1,0,0,0,1,1,0,3,1,2
CALLAHAN COUNTY,059,91 Years,20,8,12,18,7,11,0,0,0,0,0,0,0,0,0,2,1,1
CALLAHAN COUNTY,059,92 Years,18,5,13,14,3,11,0,0,0,0,0,0,2,1,1,2,1,1
CALLAHAN COUNTY,059,93 Years,16,5,11,15,5,10,0,0,0,0,0,0,1,0,1,0,0,0
CALLAHAN COUNTY,059,94 Years,12,5,7,12,5,7,0,0,0,0,0,0,0,0,0,0,0,0
CALLAHAN COUNTY,059,95 Years +,25,7,18,21,7,14,2,0,2,0,0,0,0,0,0,2,0,2
CAMERON COUNTY,061,All Ages,425854,206213,219641,39025,19771,19254,1408,805,603,2669,1326,1343,1486,747,739,381266,183564,197702
CAMERON COUNTY,061,< 1 Year,6692,3414,3278,297,166,131,30,13,17,15,9,6,17,9,8,6333,3217,3116
CAMERON COUNTY,061,1 Years,6745,3444,3301,311,168,143,33,15,18,19,11,8,19,10,9,6363,3240,3123
CAMERON COUNTY,061,2 Years,7034,3596,3438,344,181,163,33,16,17,23,13,10,23,12,11,6611,3374,3237
CAMERON COUNTY,061,3 Years,7161,3671,3490,363,180,183,32,16,16,26,14,12,27,14,13,6713,3447,3266
CAMERON COUNTY,061,4 Years,7169,3681,3488,367,183,184,27,15,12,25,14,11,25,13,12,6725,3456,3269
CAMERON COUNTY,061,5 Years,7238,3714,3524,376,191,185,24,13,11,25,14,11,24,12,12,6789,3484,3305
CAMERON COUNTY,061,6 Years,7358,3771,3587,393,209,184,20,10,10,29,15,14,21,12,9,6895,3525,3370
CAMERON COUNTY,061,7 Years,6887,3491,3396,374,187,187,15,4,11,30,14,16,20,9,11,6448,3277,3171
CAMERON COUNTY,061,8 Years,6794,3434,3360,392,195,197,12,6,6,25,14,11,20,12,8,6345,3207,3138
CAMERON COUNTY,061,9 Years,6978,3513,3465,395,201,194,8,4,4,21,9,12,19,10,9,6535,3289,3246
CAMERON COUNTY,061,10 Years,7005,3594,3411,404,203,201,10,3,7,28,17,11,22,11,11,6541,3360,3181
CAMERON COUNTY,061,11 Years,7049,3578,3471,364,179,185,13,4,9,25,15,10,27,13,14,6620,3367,3253
CAMERON COUNTY,061,12 Years,7238,3599,3639,381,178,203,13,6,7,29,13,16,25,11,14,6790,3391,3399
CAMERON COUNTY,061,13 Years,7283,3674,3609,383,195,188,16,10,6,39,17,22,26,16,10,6819,3436,3383
CAMERON COUNTY,061,14 Years,7353,3712,3641,365,184,181,18,8,10,29,15,14,27,15,12,6914,3490,3424
CAMERON COUNTY,061,15 Years,7526,3743,3783,359,185,174,18,9,9,40,28,12,22,13,9,7087,3508,3579
CAMERON COUNTY,061,16 Years,7523,3821,3702,357,199,158,23,7,16,40,27,13,28,12,16,7075,3576,3499
CAMERON COUNTY,061,17 Years,7424,3804,3620,346,189,157,18,4,14,40,20,20,22,10,12,6998,3581,3417
CAMERON COUNTY,061,18 Years,6961,3611,3350,309,159,150,14,9,5,48,23,25,21,12,9,6569,3408,3161
CAMERON COUNTY,061,19 Years,6442,3271,3171,275,143,132,17,9,8,41,20,21,22,7,15,6087,3092,2995
CAMERON COUNTY,061,20 Years,6214,3179,3035,258,130,128,19,11,8,41,20,21,21,12,9,5875,3006,2869
CAMERON COUNTY,061,21 Years,6159,3188,2971,267,134,133,17,9,8,36,18,18,19,11,8,5820,3016,2804
CAMERON COUNTY,061,22 Years,6107,3114,2993,281,133,148,18,7,11,32,19,13,26,14,12,5750,2941,2809
CAMERON COUNTY,061,23 Years,6170,3151,3019,312,158,154,16,8,8,38,19,19,31,16,15,5773,2950,2823
CAMERON COUNTY,061,24 Years,6351,3262,3089,342,170,172,17,7,10,39,22,17,20,13,7,5933,3050,2883
CAMERON COUNTY,061,25 Years,6224,3197,3027,354,190,164,15,5,10,41,24,17,19,11,8,5795,2967,2828
CAMERON COUNTY,061,26 Years,6047,3062,2985,327,171,156,23,11,12,29,17,12,20,10,10,5648,2853,2795
CAMERON COUNTY,061,27 Years,5762,2904,2858,322,170,152,29,17,12,28,16,12,19,8,11,5364,2693,2671
CAMERON COUNTY,061,28 Years,5415,2724,2691,318,173,145,27,21,6,22,15,7,24,11,13,5024,2504,2520
CAMERON COUNTY,061,29 Years,5125,2573,2552,326,190,136,20,15,5,24,17,7,22,12,10,4733,2339,2394
CAMERON COUNTY,061,30 Years,4929,2435,2494,320,175,145,19,13,6,27,18,9,20,11,9,4543,2218,2325
CAMERON COUNTY,061,31 Years,4885,2427,2458,353,185,168,23,13,10,34,21,13,11,7,4,4464,2201,2263
CAMERON COUNTY,061,32 Years,5001,2475,2526,346,189,157,22,14,8,32,17,15,15,7,8,4586,2248,2338
CAMERON COUNTY,061,33 Years,4959,2453,2506,347,195,152,25,16,9,32,17,15,19,14,5,4536,2211,2325
CAMERON COUNTY,061,34 Years,4991,2479,2512,340,173,167,16,11,5,37,23,14,13,10,3,4585,2262,2323
CAMERON COUNTY,061,35 Years,5148,2478,2670,340,170,170,22,16,6,34,16,18,16,12,4,4736,2264,2472
CAMERON COUNTY,061,36 Years,5380,2552,2828,339,174,165,20,14,6,39,14,25,15,11,4,4967,2339,2628
CAMERON COUNTY,061,37 Years,5273,2532,2741,349,171,178,21,15,6,30,18,12,15,8,7,4858,2320,2538
CAMERON COUNTY,061,38 Years,4953,2326,2627,317,166,151,20,15,5,33,12,21,12,4,8,4571,2129,2442
CAMERON COUNTY,061,39 Years,4980,2379,2601,328,169,159,19,13,6,41,19,22,10,4,6,4582,2174,2408
CAMERON COUNTY,061,40 Years,5211,2470,2741,330,178,152,18,14,4,40,17,23,9,6,3,4814,2255,2559
CAMERON COUNTY,061,41 Years,5333,2515,2818,313,167,146,19,14,5,45,22,23,11,6,5,4945,2306,2639
CAMERON COUNTY,061,42 Years,5428,2613,2815,325,159,166,20,14,6,38,17,21,6,2,4,5039,2421,2618
CAMERON COUNTY,061,43 Years,5320,2547,2773,325,182,143,18,9,9,40,23,17,13,4,9,4924,2329,2595
CAMERON COUNTY,061,44 Years,5195,2411,2784,328,172,156,18,13,5,41,22,19,16,6,10,4792,2198,2594
CAMERON COUNTY,061,45 Years,5149,2383,2766,358,188,170,16,13,3,52,23,29,14,6,8,4709,2153,2556
CAMERON COUNTY,061,46 Years,5269,2375,2894,384,196,188,16,12,4,49,18,31,14,5,9,4806,2144,2662
CAMERON COUNTY,061,47 Years,5262,2412,2850,426,221,205,14,9,5,51,18,33,15,6,9,4756,2158,2598
CAMERON COUNTY,061,48 Years,4917,2290,2627,422,231,191,15,9,6,48,21,27,18,6,12,4414,2023,2391
CAMERON COUNTY,061,49 Years,4696,2151,2545,376,188,188,15,9,6,47,20,27,14,5,9,4244,1929,2315
CAMERON COUNTY,061,50 Years,4699,2154,2545,378,183,195,17,10,7,53,24,29,13,6,7,4238,1931,2307
CAMERON COUNTY,061,51 Years,4479,2076,2403,394,193,201,12,8,4,47,25,22,15,6,9,4011,1844,2167
CAMERON COUNTY,061,52 Years,4597,2141,2456,436,212,224,26,19,7,48,22,26,25,13,12,4062,1875,2187
CAMERON COUNTY,061,53 Years,4552,2066,2486,487,247,240,20,10,10,49,23,26,18,10,8,3978,1776,2202
CAMERON COUNTY,061,54 Years,4520,2069,2451,493,246,247,11,4,7,39,18,21,15,9,6,3962,1792,2170
CAMERON COUNTY,061,55 Years,4431,2056,2375,494,248,246,17,10,7,33,17,16,16,6,10,3871,1775,2096
CAMERON COUNTY,061,56 Years,4509,2051,2458,558,275,283,18,13,5,40,14,26,15,7,8,3878,1742,2136
CAMERON COUNTY,061,57 Years,4487,2108,2379,566,294,272,18,11,7,47,24,23,19,8,11,3837,1771,2066
CAMERON COUNTY,061,58 Years,4351,2059,2292,596,302,294,17,10,7,45,21,24,21,8,13,3672,1718,1954
CAMERON COUNTY,061,59 Years,4273,2007,2266,557,291,266,15,10,5,34,19,15,24,13,11,3643,1674,1969
CAMERON COUNTY,061,60 Years,4232,1937,2295,594,305,289,18,10,8,32,18,14,14,6,8,3574,1598,1976
CAMERON COUNTY,061,61 Years,4206,1898,2308,629,303,326,17,8,9,40,27,13,19,9,10,3501,1551,1950
CAMERON COUNTY,061,62 Years,4115,1814,2301,646,301,345,19,14,5,38,18,20,22,12,10,3390,1469,1921
CAMERON COUNTY,061,63 Years,4055,1828,2227,660,317,343,16,12,4,30,14,16,18,9,9,3331,1476,1855
CAMERON COUNTY,061,64 Years,4032,1875,2157,700,327,373,16,8,8,37,16,21,11,7,4,3268,1517,1751
CAMERON COUNTY,061,65 Years,3777,1720,2057,706,332,374,20,11,9,34,13,21,10,6,4,3007,1358,1649
CAMERON COUNTY,061,66 Years,3729,1677,2052,706,357,349,18,11,7,26,10,16,19,10,9,2960,1289,1671
CAMERON COUNTY,061,67 Years,3683,1702,1981,719,379,340,8,4,4,27,7,20,16,7,9,2913,1305,1608
CAMERON COUNTY,061,68 Years,3513,1650,1863,719,396,323,9,4,5,21,7,14,21,10,11,2743,1233,1510
CAMERON COUNTY,061,69 Years,3492,1607,1885,754,382,372,14,8,6,21,14,7,20,11,9,2683,1192,1491
CAMERON COUNTY,061,70 Years,3366,1591,1775,800,405,395,9,6,3,17,7,10,16,9,7,2524,1164,1360
CAMERON COUNTY,061,71 Years,2982,1405,1577,687,361,326,6,5,1,16,8,8,10,6,4,2263,1025,1238
CAMERON COUNTY,061,72 Years,2860,1323,1537,692,354,338,8,5,3,18,8,10,13,5,8,2129,951,1178
CAMERON COUNTY,061,73 Years,2699,1208,1491,725,370,355,10,6,4,12,6,6,11,2,9,1941,824,1117
CAMERON COUNTY,061,74 Years,2416,1091,1325,679,356,323,7,3,4,15,5,10,11,4,7,1704,723,981
CAMERON COUNTY,061,75 Years,2278,1009,1269,629,315,314,5,3,2,12,6,6,12,6,6,1620,679,941
CAMERON COUNTY,061,76 Years,2184,950,1234,610,297,313,7,5,2,11,6,5,13,6,7,1543,636,907
CAMERON COUNTY,061,77 Years,2083,930,1153,571,286,285,5,3,2,9,4,5,11,4,7,1487,633,854
CAMERON COUNTY,061,78 Years,1908,828,1080,527,260,267,4,3,1,11,4,7,9,3,6,1357,558,799
CAMERON COUNTY,061,79 Years,1833,788,1045,508,250,258,5,2,3,6,4,2,12,5,7,1302,527,775
CAMERON COUNTY,061,80 Years,1681,730,951,465,239,226,5,3,2,6,4,2,8,5,3,1197,479,718
CAMERON COUNTY,061,81 Years,1582,660,922,453,232,221,2,1,1,6,3,3,7,5,2,1114,419,695
CAMERON COUNTY,061,82 Years,1450,585,865,399,193,206,7,3,4,9,3,6,10,5,5,1025,381,644
CAMERON COUNTY,061,83 Years,1275,528,747,325,162,163,4,2,2,8,3,5,5,3,2,933,358,575
CAMERON COUNTY,061,84 Years,1146,455,691,281,130,151,5,3,2,5,2,3,5,4,1,850,316,534
CAMERON COUNTY,061,85 Years,1066,408,658,273,123,150,3,2,1,6,2,4,4,1,3,780,280,500
CAMERON COUNTY,061,86 Years,1002,389,613,270,127,143,2,1,1,7,2,5,3,2,1,720,257,463
CAMERON COUNTY,061,87 Years,894,341,553,227,106,121,2,1,1,3,1,2,7,3,4,655,230,425
CAMERON COUNTY,061,88 Years,731,269,462,196,90,106,1,0,1,4,0,4,3,1,2,527,178,349
CAMERON COUNTY,061,89 Years,630,223,407,152,65,87,1,0,1,6,2,4,2,1,1,469,155,314
CAMERON COUNTY,061,90 Years,522,191,331,129,54,75,2,0,2,4,2,2,1,0,1,386,135,251
CAMERON COUNTY,061,91 Years,445,158,287,110,45,65,2,0,2,3,2,1,3,1,2,327,110,217
CAMERON COUNTY,061,92 Years,377,132,245,89,37,52,1,1,0,2,1,1,2,1,1,283,92,191
CAMERON COUNTY,061,93 Years,277,99,178,63,27,36,1,1,0,3,1,2,1,0,1,209,70,139
CAMERON COUNTY,061,94 Years,213,75,138,44,18,26,2,1,1,3,1,2,0,0,0,164,55,109
CAMERON COUNTY,061,95 Years +,509,159,350,101,36,65,5,2,3,9,3,6,2,1,1,392,117,275
CAMP COUNTY,063,All Ages,12861,6276,6585,7240,3484,3756,2115,962,1153,66,34,32,376,192,184,3064,1604,1460
CAMP COUNTY,063,< 1 Year,171,84,87,68,34,34,26,13,13,0,0,0,19,15,4,58,22,36
CAMP COUNTY,063,1 Years,166,84,82,70,37,33,21,11,10,0,0,0,18,12,6,57,24,33
CAMP COUNTY,063,2 Years,182,88,94,72,37,35,24,12,12,2,1,1,17,10,7,67,28,39
CAMP COUNTY,063,3 Years,191,96,95,79,44,35,22,13,9,2,1,1,17,4,13,71,34,37
CAMP COUNTY,063,4 Years,193,95,98,80,41,39,24,12,12,2,1,1,15,5,10,72,36,36
CAMP COUNTY,063,5 Years,170,80,90,71,34,37,22,9,13,2,1,1,14,5,9,61,31,30
CAMP COUNTY,063,6 Years,171,77,94,73,32,41,25,9,16,2,1,1,9,6,3,62,29,33
CAMP COUNTY,063,7 Years,163,89,74,66,40,26,21,12,9,3,1,2,12,4,8,61,32,29
CAMP COUNTY,063,8 Years,168,95,73,67,36,31,20,12,8,0,0,0,12,7,5,69,40,29
CAMP COUNTY,063,9 Years,180,89,91,79,37,42,22,9,13,1,0,1,12,6,6,66,37,29
CAMP COUNTY,063,10 Years,186,88,98,84,42,42,23,14,9,0,0,0,11,4,7,68,28,40
CAMP COUNTY,063,11 Years,179,87,92,86,45,41,20,13,7,0,0,0,10,4,6,63,25,38
CAMP COUNTY,063,12 Years,191,95,96,84,49,35,26,12,14,1,1,0,7,2,5,73,31,42
CAMP COUNTY,063,13 Years,196,90,106,81,38,43,34,17,17,0,0,0,6,3,3,75,32,43
CAMP COUNTY,063,14 Years,181,87,94,78,35,43,31,16,15,2,2,0,7,4,3,63,30,33
CAMP COUNTY,063,15 Years,180,82,98,77,32,45,29,12,17,1,1,0,6,3,3,67,34,33
CAMP COUNTY,063,16 Years,171,80,91,70,32,38,25,10,15,3,1,2,5,3,2,68,34,34
CAMP COUNTY,063,17 Years,173,78,95,77,33,44,27,11,16,2,0,2,7,4,3,60,30,30
CAMP COUNTY,063,18 Years,176,88,88,78,37,41,33,17,16,3,2,1,5,2,3,57,30,27
CAMP COUNTY,063,19 Years,164,93,71,70,39,31,31,16,15,1,1,0,6,3,3,56,34,22
CAMP COUNTY,063,20 Years,161,88,73,61,39,22,27,14,13,1,0,1,6,3,3,66,32,34
CAMP COUNTY,063,21 Years,151,84,67,62,34,28,29,15,14,0,0,0,6,4,2,54,31,23
CAMP COUNTY,063,22 Years,164,90,74,68,39,29,28,14,14,1,1,0,5,1,4,62,35,27
CAMP COUNTY,063,23 Years,162,89,73,72,39,33,30,19,11,3,1,2,4,2,2,53,28,25
CAMP COUNTY,063,24 Years,172,86,86,70,35,35,35,15,20,1,0,1,8,4,4,58,32,26
CAMP COUNTY,063,25 Years,172,78,94,78,35,43,38,14,24,1,1,0,5,2,3,50,26,24
CAMP COUNTY,063,26 Years,172,83,89,94,47,47,25,11,14,0,0,0,3,1,2,50,24,26
CAMP COUNTY,063,27 Years,176,90,86,94,44,50,34,20,14,0,0,0,4,2,2,44,24,20
CAMP COUNTY,063,28 Years,171,82,89,86,37,49,34,14,20,0,0,0,5,2,3,46,29,17
CAMP COUNTY,063,29 Years,149,75,74,80,44,36,22,10,12,0,0,0,4,2,2,43,19,24
CAMP COUNTY,063,30 Years,165,83,82,90,42,48,25,13,12,1,0,1,3,2,1,46,26,20
CAMP COUNTY,063,31 Years,142,65,77,77,34,43,23,8,15,0,0,0,3,2,1,39,21,18
CAMP COUNTY,063,32 Years,150,66,84,78,37,41,30,10,20,0,0,0,3,1,2,39,18,21
CAMP COUNTY,063,33 Years,137,71,66,78,37,41,24,13,11,0,0,0,3,1,2,32,20,12
CAMP COUNTY,063,34 Years,141,78,63,78,43,35,22,13,9,1,1,0,4,1,3,36,20,16
CAMP COUNTY,063,35 Years,142,75,67,72,37,35,27,14,13,2,1,1,3,1,2,38,22,16
CAMP COUNTY,063,36 Years,158,85,73,78,40,38,21,8,13,3,2,1,3,1,2,53,34,19
CAMP COUNTY,063,37 Years,150,70,80,77,35,42,28,9,19,1,1,0,4,2,2,40,23,17
CAMP COUNTY,063,38 Years,148,76,72,79,37,42,30,16,14,0,0,0,2,0,2,37,23,14
CAMP COUNTY,063,39 Years,158,66,92,90,35,55,25,8,17,0,0,0,4,2,2,39,21,18
CAMP COUNTY,063,40 Years,157,75,82,80,33,47,33,17,16,0,0,0,3,1,2,41,24,17
CAMP COUNTY,063,41 Years,138,78,60,77,39,38,20,13,7,1,0,1,2,2,0,38,24,14
CAMP COUNTY,063,42 Years,126,63,63,65,30,35,17,8,9,0,0,0,3,2,1,41,23,18
CAMP COUNTY,063,43 Years,119,59,60,65,26,39,15,7,8,1,0,1,1,1,0,37,25,12
CAMP COUNTY,063,44 Years,128,64,64,77,34,43,15,7,8,3,2,1,1,0,1,32,21,11
CAMP COUNTY,063,45 Years,151,66,85,91,40,51,21,8,13,2,1,1,0,0,0,37,17,20
CAMP COUNTY,063,46 Years,161,75,86,97,46,51,23,8,15,1,1,0,1,1,0,39,19,20
CAMP COUNTY,063,47 Years,155,74,81,88,44,44,26,10,16,0,0,0,3,2,1,38,18,20
CAMP COUNTY,063,48 Years,143,67,76,82,38,44,26,10,16,0,0,0,3,2,1,32,17,15
CAMP COUNTY,063,49 Years,136,60,76,84,39,45,19,7,12,0,0,0,2,1,1,31,13,18
CAMP COUNTY,063,50 Years,128,61,67,80,39,41,21,8,13,0,0,0,1,0,1,26,14,12
CAMP COUNTY,063,51 Years,136,61,75,68,31,37,35,16,19,1,0,1,1,0,1,31,14,17
CAMP COUNTY,063,52 Years,172,74,98,93,33,60,37,20,17,1,0,1,4,3,1,37,18,19
CAMP COUNTY,063,53 Years,151,76,75,89,42,47,30,12,18,3,2,1,1,0,1,28,20,8
CAMP COUNTY,063,54 Years,143,78,65,76,44,32,31,15,16,0,0,0,2,1,1,34,18,16
CAMP COUNTY,063,55 Years,167,89,78,107,60,47,25,10,15,1,1,0,2,1,1,32,17,15
CAMP COUNTY,063,56 Years,172,81,91,117,56,61,24,9,15,0,0,0,4,1,3,27,15,12
CAMP COUNTY,063,57 Years,159,73,86,101,47,54,32,10,22,0,0,0,3,2,1,23,14,9
CAMP COUNTY,063,58 Years,155,82,73,102,53,49,30,12,18,0,0,0,2,2,0,21,15,6
CAMP COUNTY,063,59 Years,163,85,78,110,58,52,31,13,18,1,0,1,2,1,1,19,13,6
CAMP COUNTY,063,60 Years,185,87,98,135,61,74,34,17,17,0,0,0,1,1,0,15,8,7
CAMP COUNTY,063,61 Years,165,76,89,121,54,67,31,14,17,1,1,0,3,2,1,9,5,4
CAMP COUNTY,063,62 Years,189,94,95,131,62,69,38,18,20,1,1,0,3,2,1,16,11,5
CAMP COUNTY,063,63 Years,183,90,93,126,59,67,36,18,18,0,0,0,3,1,2,18,12,6
CAMP COUNTY,063,64 Years,171,89,82,125,61,64,25,15,10,0,0,0,2,1,1,19,12,7
CAMP COUNTY,063,65 Years,158,83,75,115,62,53,27,12,15,2,2,0,2,1,1,12,6,6
CAMP COUNTY,063,66 Years,151,68,83,105,48,57,35,13,22,1,1,0,2,1,1,8,5,3
CAMP COUNTY,063,67 Years,156,73,83,116,54,62,31,14,17,0,0,0,2,2,0,7,3,4
CAMP COUNTY,063,68 Years,156,76,80,123,59,64,22,12,10,1,0,1,2,2,0,8,3,5
CAMP COUNTY,063,69 Years,141,70,71,108,54,54,26,13,13,0,0,0,1,0,1,6,3,3
CAMP COUNTY,063,70 Years,143,72,71,109,56,53,21,7,14,0,0,0,3,2,1,10,7,3
CAMP COUNTY,063,71 Years,120,58,62,93,45,48,16,6,10,1,0,1,1,1,0,9,6,3
CAMP COUNTY,063,72 Years,100,43,57,79,33,46,13,6,7,1,0,1,0,0,0,7,4,3
CAMP COUNTY,063,73 Years,100,47,53,74,34,40,16,8,8,0,0,0,2,2,0,8,3,5
CAMP COUNTY,063,74 Years,101,42,59,79,34,45,15,6,9,0,0,0,0,0,0,7,2,5
CAMP COUNTY,063,75 Years,94,45,49,70,37,33,17,5,12,0,0,0,0,0,0,7,3,4
CAMP COUNTY,063,76 Years,93,43,50,72,35,37,13,4,9,0,0,0,0,0,0,8,4,4
CAMP COUNTY,063,77 Years,93,46,47,76,39,37,13,4,9,0,0,0,2,2,0,2,1,1
CAMP COUNTY,063,78 Years,72,38,34,59,31,28,9,3,6,0,0,0,3,3,0,1,1,0
CAMP COUNTY,063,79 Years,69,32,37,58,26,32,6,2,4,0,0,0,2,1,1,3,3,0
CAMP COUNTY,063,80 Years,64,28,36,57,24,33,5,2,3,0,0,0,0,0,0,2,2,0
CAMP COUNTY,063,81 Years,62,31,31,50,23,27,7,4,3,0,0,0,0,0,0,5,4,1
CAMP COUNTY,063,82 Years,52,26,26,45,22,23,5,2,3,0,0,0,0,0,0,2,2,0
CAMP COUNTY,063,83 Years,48,20,28,42,17,25,5,2,3,0,0,0,0,0,0,1,1,0
CAMP COUNTY,063,84 Years,43,15,28,35,13,22,7,2,5,0,0,0,0,0,0,1,0,1
CAMP COUNTY,063,85 Years,45,17,28,39,16,23,4,0,4,0,0,0,1,1,0,1,0,1
CAMP COUNTY,063,86 Years,41,20,21,33,16,17,7,3,4,0,0,0,1,1,0,0,0,0
CAMP COUNTY,063,87 Years,36,15,21,26,10,16,9,4,5,0,0,0,0,0,0,1,1,0
CAMP COUNTY,063,88 Years,34,14,20,24,9,15,9,4,5,0,0,0,0,0,0,1,1,0
CAMP COUNTY,063,89 Years,24,9,15,16,5,11,7,3,4,0,0,0,0,0,0,1,1,0
CAMP COUNTY,063,90 Years,18,4,14,13,3,10,4,1,3,1,0,1,0,0,0,0,0,0
CAMP COUNTY,063,91 Years,24,11,13,17,8,9,5,2,3,0,0,0,1,1,0,1,0,1
CAMP COUNTY,063,92 Years,19,8,11,13,6,7,5,2,3,0,0,0,0,0,0,1,0,1
CAMP COUNTY,063,93 Years,16,6,10,12,5,7,4,1,3,0,0,0,0,0,0,0,0,0
CAMP COUNTY,063,94 Years,11,3,8,7,3,4,3,0,3,0,0,0,0,0,0,1,0,1
CAMP COUNTY,063,95 Years +,31,11,20,16,4,12,11,5,6,0,0,0,1,0,1,3,2,1
CARSON COUNTY,065,All Ages,6016,3011,3005,5206,2605,2601,38,16,22,23,9,14,137,81,56,612,300,312
CARSON COUNTY,065,< 1 Year,61,28,33,50,23,27,0,0,0,0,0,0,0,0,0,11,5,6
CARSON COUNTY,065,1 Years,59,27,32,51,25,26,0,0,0,0,0,0,0,0,0,8,2,6
CARSON COUNTY,065,2 Years,68,30,38,57,25,32,0,0,0,0,0,0,1,0,1,10,5,5
CARSON COUNTY,065,3 Years,64,29,35,52,25,27,1,0,1,0,0,0,2,1,1,9,3,6
CARSON COUNTY,065,4 Years,68,36,32,55,29,26,1,0,1,0,0,0,2,1,1,10,6,4
CARSON COUNTY,065,5 Years,66,37,29,54,30,24,1,0,1,0,0,0,3,2,1,8,5,3
CARSON COUNTY,065,6 Years,71,41,30,57,33,24,0,0,0,0,0,0,0,0,0,14,8,6
CARSON COUNTY,065,7 Years,59,32,27,47,25,22,0,0,0,0,0,0,0,0,0,12,7,5
CARSON COUNTY,065,8 Years,76,41,35,61,34,27,1,1,0,0,0,0,2,1,1,12,5,7
CARSON COUNTY,065,9 Years,77,42,35,63,35,28,2,1,1,0,0,0,1,1,0,11,5,6
CARSON COUNTY,065,10 Years,91,49,42,77,43,34,3,2,1,0,0,0,1,0,1,10,4,6
CARSON COUNTY,065,11 Years,86,45,41,71,35,36,1,1,0,0,0,0,2,0,2,12,9,3
CARSON COUNTY,065,12 Years,94,49,45,79,38,41,0,0,0,0,0,0,1,1,0,14,10,4
CARSON COUNTY,065,13 Years,96,53,43,76,42,34,0,0,0,1,0,1,4,3,1,15,8,7
CARSON COUNTY,065,14 Years,89,48,41,76,43,33,0,0,0,2,1,1,1,0,1,10,4,6
CARSON COUNTY,065,15 Years,79,42,37,66,35,31,0,0,0,1,0,1,4,3,1,8,4,4
CARSON COUNTY,065,16 Years,88,43,45,73,34,39,0,0,0,0,0,0,5,3,2,10,6,4
CARSON COUNTY,065,17 Years,82,41,41,66,32,34,1,1,0,0,0,0,4,3,1,11,5,6
CARSON COUNTY,065,18 Years,70,34,36,56,29,27,1,0,1,1,1,0,3,2,1,9,2,7
CARSON COUNTY,065,19 Years,66,26,40,52,21,31,1,0,1,1,1,0,3,1,2,9,3,6
CARSON COUNTY,065,20 Years,71,35,36,52,28,24,1,0,1,1,1,0,2,1,1,15,5,10
CARSON COUNTY,065,21 Years,72,37,35,57,31,26,2,1,1,0,0,0,2,1,1,11,4,7
CARSON COUNTY,065,22 Years,64,32,32,53,27,26,2,0,2,0,0,0,3,3,0,6,2,4
CARSON COUNTY,065,23 Years,74,38,36,60,30,30,2,1,1,0,0,0,4,3,1,8,4,4
CARSON COUNTY,065,24 Years,94,50,44,77,40,37,1,0,1,0,0,0,5,3,2,11,7,4
CARSON COUNTY,065,25 Years,80,41,39,66,31,35,0,0,0,0,0,0,4,3,1,10,7,3
CARSON COUNTY,065,26 Years,63,31,32,54,25,29,0,0,0,0,0,0,0,0,0,9,6,3
CARSON COUNTY,065,27 Years,73,32,41,62,28,34,1,1,0,1,1,0,1,0,1,8,2,6
CARSON COUNTY,065,28 Years,74,31,43,64,25,39,1,0,1,1,1,0,0,0,0,8,5,3
CARSON COUNTY,065,29 Years,67,32,35,59,29,30,1,0,1,0,0,0,0,0,0,7,3,4
CARSON COUNTY,065,30 Years,65,32,33,57,29,28,1,0,1,0,0,0,2,2,0,5,1,4
CARSON COUNTY,065,31 Years,70,35,35,65,33,32,1,0,1,0,0,0,0,0,0,4,2,2
CARSON COUNTY,065,32 Years,79,43,36,69,35,34,0,0,0,0,0,0,1,1,0,9,7,2
CARSON COUNTY,065,33 Years,58,32,26,52,28,24,0,0,0,0,0,0,3,2,1,3,2,1
CARSON COUNTY,065,34 Years,73,40,33,67,37,30,0,0,0,0,0,0,0,0,0,6,3,3
CARSON COUNTY,065,35 Years,79,45,34,71,40,31,0,0,0,0,0,0,0,0,0,8,5,3
CARSON COUNTY,065,36 Years,78,38,40,67,37,30,0,0,0,2,0,2,0,0,0,9,1,8
CARSON COUNTY,065,37 Years,82,43,39,67,38,29,1,1,0,0,0,0,3,1,2,11,3,8
CARSON COUNTY,065,38 Years,65,32,33,59,29,30,0,0,0,0,0,0,2,1,1,4,2,2
CARSON COUNTY,065,39 Years,73,34,39,69,32,37,0,0,0,0,0,0,1,1,0,3,1,2
CARSON COUNTY,065,40 Years,73,39,34,65,37,28,0,0,0,0,0,0,2,1,1,6,1,5
CARSON COUNTY,065,41 Years,55,31,24,48,27,21,0,0,0,0,0,0,2,1,1,5,3,2
CARSON COUNTY,065,42 Years,75,35,40,69,31,38,0,0,0,0,0,0,1,0,1,5,4,1
CARSON COUNTY,065,43 Years,71,39,32,63,33,30,0,0,0,0,0,0,2,1,1,6,5,1
CARSON COUNTY,065,44 Years,69,35,34,62,31,31,0,0,0,0,0,0,1,0,1,6,4,2
CARSON COUNTY,065,45 Years,68,35,33,59,28,31,0,0,0,0,0,0,1,0,1,8,7,1
CARSON COUNTY,065,46 Years,73,34,39,64,28,36,0,0,0,2,1,1,1,1,0,6,4,2
CARSON COUNTY,065,47 Years,63,26,37,57,22,35,0,0,0,0,0,0,1,1,0,5,3,2
CARSON COUNTY,065,48 Years,70,29,41,56,24,32,0,0,0,1,1,0,2,1,1,11,3,8
CARSON COUNTY,065,49 Years,83,40,43,75,36,39,0,0,0,0,0,0,1,1,0,7,3,4
CARSON COUNTY,065,50 Years,77,38,39,69,35,34,0,0,0,1,0,1,2,0,2,5,3,2
CARSON COUNTY,065,51 Years,75,35,40,63,30,33,0,0,0,0,0,0,3,1,2,9,4,5
CARSON COUNTY,065,52 Years,81,35,46,71,32,39,0,0,0,1,0,1,2,1,1,7,2,5
CARSON COUNTY,065,53 Years,85,40,45,77,37,40,0,0,0,0,0,0,0,0,0,8,3,5
CARSON COUNTY,065,54 Years,91,42,49,79,40,39,1,1,0,1,0,1,0,0,0,10,1,9
CARSON COUNTY,065,55 Years,90,50,40,75,41,34,1,1,0,1,0,1,0,0,0,13,8,5
CARSON COUNTY,065,56 Years,78,45,33,65,37,28,2,1,1,0,0,0,1,1,0,10,6,4
CARSON COUNTY,065,57 Years,90,39,51,79,34,45,2,1,1,0,0,0,1,1,0,8,3,5
CARSON COUNTY,065,58 Years,86,40,46,75,36,39,0,0,0,0,0,0,4,2,2,7,2,5
CARSON COUNTY,065,59 Years,94,54,40,79,42,37,0,0,0,0,0,0,4,4,0,11,8,3
CARSON COUNTY,065,60 Years,87,44,43,77,38,39,0,0,0,0,0,0,3,1,2,7,5,2
CARSON COUNTY,065,61 Years,86,41,45,77,36,41,1,1,0,0,0,0,1,1,0,7,3,4
CARSON COUNTY,065,62 Years,87,48,39,81,44,37,0,0,0,0,0,0,0,0,0,6,4,2
CARSON COUNTY,065,63 Years,89,47,42,82,43,39,0,0,0,1,0,1,2,2,0,4,2,2
CARSON COUNTY,065,64 Years,83,49,34,76,43,33,0,0,0,0,0,0,2,2,0,5,4,1
CARSON COUNTY,065,65 Years,79,45,34,74,41,33,0,0,0,0,0,0,2,2,0,3,2,1
CARSON COUNTY,065,66 Years,59,29,30,54,27,27,0,0,0,0,0,0,1,1,0,4,1,3
CARSON COUNTY,065,67 Years,61,31,30,57,29,28,0,0,0,0,0,0,1,1,0,3,1,2
CARSON COUNTY,065,68 Years,73,35,38,63,29,34,1,1,0,2,1,1,3,2,1,4,2,2
CARSON COUNTY,065,69 Years,64,32,32,59,28,31,0,0,0,0,0,0,2,1,1,3,3,0
CARSON COUNTY,065,70 Years,68,31,37,63,27,36,0,0,0,0,0,0,2,2,0,3,2,1
CARSON COUNTY,065,71 Years,44,19,25,39,17,22,0,0,0,1,0,1,1,1,0,3,1,2
CARSON COUNTY,065,72 Years,40,20,20,38,19,19,0,0,0,1,0,1,1,1,0,0,0,0
CARSON COUNTY,065,73 Years,59,29,30,55,28,27,0,0,0,0,0,0,1,0,1,3,1,2
CARSON COUNTY,065,74 Years,46,20,26,40,19,21,0,0,0,0,0,0,1,0,1,5,1,4
CARSON COUNTY,065,75 Years,42,24,18,39,23,16,0,0,0,0,0,0,0,0,0,3,1,2
CARSON COUNTY,065,76 Years,35,16,19,33,16,17,1,0,1,0,0,0,0,0,0,1,0,1
CARSON COUNTY,065,77 Years,42,16,26,40,15,25,0,0,0,0,0,0,1,0,1,1,1,0
CARSON COUNTY,065,78 Years,42,20,22,38,18,20,0,0,0,0,0,0,1,0,1,3,2,1
CARSON COUNTY,065,79 Years,37,17,20,34,16,18,0,0,0,0,0,0,1,0,1,2,1,1
CARSON COUNTY,065,80 Years,34,14,20,32,14,18,0,0,0,0,0,0,0,0,0,2,0,2
CARSON COUNTY,065,81 Years,30,15,15,27,14,13,0,0,0,0,0,0,2,1,1,1,0,1
CARSON COUNTY,065,82 Years,27,14,13,24,13,11,0,0,0,0,0,0,1,1,0,2,0,2
CARSON COUNTY,065,83 Years,23,12,11,21,11,10,0,0,0,0,0,0,1,0,1,1,1,0
CARSON COUNTY,065,84 Years,22,10,12,21,9,12,0,0,0,0,0,0,0,0,0,1,1,0
CARSON COUNTY,065,85 Years,19,9,10,17,8,9,0,0,0,0,0,0,0,0,0,2,1,1
CARSON COUNTY,065,86 Years,22,11,11,20,9,11,0,0,0,0,0,0,0,0,0,2,2,0
CARSON COUNTY,065,87 Years,20,11,9,18,10,8,0,0,0,0,0,0,0,0,0,2,1,1
CARSON COUNTY,065,88 Years,19,9,10,15,7,8,0,0,0,0,0,0,1,1,0,3,1,2
CARSON COUNTY,065,89 Years,13,4,9,10,3,7,0,0,0,0,0,0,0,0,0,3,1,2
CARSON COUNTY,065,90 Years,14,5,9,12,5,7,0,0,0,0,0,0,1,0,1,1,0,1
CARSON COUNTY,065,91 Years,9,4,5,8,4,4,1,0,1,0,0,0,0,0,0,0,0,0
CARSON COUNTY,065,92 Years,9,4,5,8,4,4,1,0,1,0,0,0,0,0,0,0,0,0
CARSON COUNTY,065,93 Years,6,3,3,6,3,3,0,0,0,0,0,0,0,0,0,0,0,0
CARSON COUNTY,065,94 Years,4,2,2,4,2,2,0,0,0,0,0,0,0,0,0,0,0,0
CARSON COUNTY,065,95 Years +,11,4,7,8,4,4,0,0,0,0,0,0,2,0,2,1,0,1
CASS COUNTY,067,All Ages,30684,14824,15860,23448,11377,12071,5180,2446,2734,104,38,66,669,298,371,1283,665,618
CASS COUNTY,067,< 1 Year,348,172,176,222,112,110,74,37,37,2,1,1,26,10,16,24,12,12
CASS COUNTY,067,1 Years,367,182,185,239,120,119,73,36,37,2,1,1,26,11,15,27,14,13
CASS COUNTY,067,2 Years,388,191,197,258,127,131,77,41,36,2,1,1,24,8,16,27,14,13
CASS COUNTY,067,3 Years,403,202,201,262,132,130,77,41,36,5,2,3,29,11,18,30,16,14
CASS COUNTY,067,4 Years,389,193,196,253,124,129,80,43,37,2,1,1,24,10,14,30,15,15
CASS COUNTY,067,5 Years,379,183,196,249,120,129,70,35,35,3,2,1,22,9,13,35,17,18
CASS COUNTY,067,6 Years,387,185,202,262,120,142,74,38,36,1,1,0,14,8,6,36,18,18
CASS COUNTY,067,7 Years,397,189,208,273,132,141,67,25,42,0,0,0,15,9,6,42,23,19
CASS COUNTY,067,8 Years,348,179,169,224,114,110,70,38,32,0,0,0,16,5,11,38,22,16
CASS COUNTY,067,9 Years,364,189,175,242,125,117,77,44,33,1,0,1,15,7,8,29,13,16
CASS COUNTY,067,10 Years,367,187,180,256,133,123,74,36,38,2,2,0,13,3,10,22,13,9
CASS COUNTY,067,11 Years,382,199,183,264,138,126,78,41,37,4,1,3,10,5,5,26,14,12
CASS COUNTY,067,12 Years,389,192,197,266,132,134,83,40,43,4,2,2,13,6,7,23,12,11
CASS COUNTY,067,13 Years,386,198,188,268,129,139,83,48,35,1,0,1,13,7,6,21,14,7
CASS COUNTY,067,14 Years,374,204,170,269,141,128,67,44,23,1,0,1,11,5,6,26,14,12
CASS COUNTY,067,15 Years,364,192,172,262,142,120,66,36,30,1,0,1,11,6,5,24,8,16
CASS COUNTY,067,16 Years,357,184,173,264,144,120,61,25,36,2,0,2,13,9,4,17,6,11
CASS COUNTY,067,17 Years,374,182,192,274,137,137,64,24,40,2,1,1,12,6,6,22,14,8
CASS COUNTY,067,18 Years,364,191,173,251,137,114,69,32,37,0,0,0,16,7,9,28,15,13
CASS COUNTY,067,19 Years,317,165,152,219,114,105,62,31,31,2,0,2,9,5,4,25,15,10
CASS COUNTY,067,20 Years,299,152,147,203,106,97,63,28,35,0,0,0,10,4,6,23,14,9
CASS COUNTY,067,21 Years,302,172,130,203,126,77,62,30,32,0,0,0,9,3,6,28,13,15
CASS COUNTY,067,22 Years,331,183,148,228,129,99,69,37,32,0,0,0,10,5,5,24,12,12
CASS COUNTY,067,23 Years,346,181,165,240,120,120,72,40,32,1,0,1,9,6,3,24,15,9
CASS COUNTY,067,24 Years,340,176,164,236,116,120,74,42,32,0,0,0,9,6,3,21,12,9
CASS COUNTY,067,25 Years,343,176,167,244,129,115,76,35,41,0,0,0,7,5,2,16,7,9
CASS COUNTY,067,26 Years,317,165,152,235,126,109,59,29,30,1,0,1,4,2,2,18,8,10
CASS COUNTY,067,27 Years,338,167,171,248,120,128,63,34,29,1,0,1,5,2,3,21,11,10
CASS COUNTY,067,28 Years,338,169,169,253,124,129,65,37,28,1,0,1,5,2,3,14,6,8
CASS COUNTY,067,29 Years,297,141,156,220,100,120,59,33,26,0,0,0,6,4,2,12,4,8
CASS COUNTY,067,30 Years,282,129,153,212,93,119,56,29,27,0,0,0,3,2,1,11,5,6
CASS COUNTY,067,31 Years,326,140,186,248,105,143,58,25,33,3,2,1,3,2,1,14,6,8
CASS COUNTY,067,32 Years,317,156,161,239,124,115,56,23,33,1,0,1,5,0,5,16,9,7
CASS COUNTY,067,33 Years,303,144,159,242,118,124,47,21,26,2,0,2,2,0,2,10,5,5
CASS COUNTY,067,34 Years,299,139,160,231,106,125,48,24,24,4,2,2,1,0,1,15,7,8
CASS COUNTY,067,35 Years,318,153,165,251,120,131,49,25,24,1,0,1,3,1,2,14,7,7
CASS COUNTY,067,36 Years,346,156,190,274,124,150,45,21,24,3,0,3,3,1,2,21,10,11
CASS COUNTY,067,37 Years,347,168,179,259,130,129,60,27,33,2,0,2,3,1,2,23,10,13
CASS COUNTY,067,38 Years,342,159,183,258,124,134,57,24,33,3,2,1,6,1,5,18,8,10
CASS COUNTY,067,39 Years,337,156,181,268,126,142,52,23,29,0,0,0,5,1,4,12,6,6
CASS COUNTY,067,40 Years,320,151,169,257,121,136,43,19,24,1,1,0,1,0,1,18,10,8
CASS COUNTY,067,41 Years,289,126,163,211,90,121,52,19,33,1,1,0,3,3,0,22,13,9
CASS COUNTY,067,42 Years,321,152,169,239,122,117,58,20,38,0,0,0,6,2,4,18,8,10
CASS COUNTY,067,43 Years,311,152,159,229,118,111,54,22,32,1,0,1,7,2,5,20,10,10
CASS COUNTY,067,44 Years,337,159,178,267,129,138,45,19,26,3,0,3,8,3,5,14,8,6
CASS COUNTY,067,45 Years,364,177,187,287,139,148,56,27,29,4,2,2,6,3,3,11,6,5
CASS COUNTY,067,46 Years,377,190,187,300,152,148,50,24,26,5,4,1,8,3,5,14,7,7
CASS COUNTY,067,47 Years,378,171,207,299,137,162,55,23,32,3,1,2,6,2,4,15,8,7
CASS COUNTY,067,48 Years,377,181,196,295,141,154,59,28,31,1,1,0,6,3,3,16,8,8
CASS COUNTY,067,49 Years,356,187,169,267,143,124,70,34,36,2,1,1,4,2,2,13,7,6
CASS COUNTY,067,50 Years,358,180,178,274,138,136,66,33,33,0,0,0,5,3,2,13,6,7
CASS COUNTY,067,51 Years,382,189,193,296,148,148,65,27,38,2,1,1,6,5,1,13,8,5
CASS COUNTY,067,52 Years,421,215,206,343,177,166,61,29,32,1,1,0,6,3,3,10,5,5
CASS COUNTY,067,53 Years,428,205,223,338,164,174,70,34,36,1,0,1,10,4,6,9,3,6
CASS COUNTY,067,54 Years,421,190,231,340,154,186,64,28,36,0,0,0,7,3,4,10,5,5
CASS COUNTY,067,55 Years,412,194,218,316,151,165,73,27,46,1,0,1,10,7,3,12,9,3
CASS COUNTY,067,56 Years,412,203,209,321,169,152,75,25,50,1,0,1,6,3,3,9,6,3
CASS COUNTY,067,57 Years,430,202,228,339,165,174,75,32,43,1,0,1,5,2,3,10,3,7
CASS COUNTY,067,58 Years,457,216,241,360,167,193,79,43,36,0,0,0,7,1,6,11,5,6
CASS COUNTY,067,59 Years,460,232,228,368,181,187,70,36,34,0,0,0,5,1,4,17,14,3
CASS COUNTY,067,60 Years,459,217,242,373,177,196,71,32,39,0,0,0,6,1,5,9,7,2
CASS COUNTY,067,61 Years,445,210,235,361,170,191,69,34,35,1,0,1,9,4,5,5,2,3
CASS COUNTY,067,62 Years,463,220,243,382,185,197,68,32,36,1,0,1,7,2,5,5,1,4
CASS COUNTY,067,63 Years,434,197,237,359,165,194,62,26,36,1,1,0,3,1,2,9,4,5
CASS COUNTY,067,64 Years,388,184,204,323,158,165,54,22,32,1,0,1,4,1,3,6,3,3
CASS COUNTY,067,65 Years,378,192,186,321,166,155,48,22,26,1,0,1,3,2,1,5,2,3
CASS COUNTY,067,66 Years,393,199,194,323,168,155,62,28,34,1,0,1,3,2,1,4,1,3
CASS COUNTY,067,67 Years,409,197,212,336,159,177,66,35,31,1,0,1,3,1,2,3,2,1
CASS COUNTY,067,68 Years,407,198,209,332,158,174,65,35,30,0,0,0,7,4,3,3,1,2
CASS COUNTY,067,69 Years,426,223,203,346,179,167,68,35,33,0,0,0,5,3,2,7,6,1
CASS COUNTY,067,70 Years,436,210,226,362,172,190,67,34,33,0,0,0,4,1,3,3,3,0
CASS COUNTY,067,71 Years,373,175,198,299,141,158,61,26,35,1,1,0,7,4,3,5,3,2
CASS COUNTY,067,72 Years,376,167,209,315,143,172,52,20,32,0,0,0,5,2,3,4,2,2
CASS COUNTY,067,73 Years,382,176,206,328,153,175,45,18,27,0,0,0,6,4,2,3,1,2
CASS COUNTY,067,74 Years,365,176,189,303,141,162,53,29,24,1,1,0,4,3,1,4,2,2
CASS COUNTY,067,75 Years,348,169,179,299,146,153,41,20,21,2,0,2,4,2,2,2,1,1
CASS COUNTY,067,76 Years,291,139,152,254,125,129,33,12,21,1,0,1,1,1,0,2,1,1
CASS COUNTY,067,77 Years,278,129,149,238,112,126,36,16,20,0,0,0,2,0,2,2,1,1
CASS COUNTY,067,78 Years,259,112,147,224,95,129,29,15,14,1,1,0,3,1,2,2,0,2
CASS COUNTY,067,79 Years,212,86,126,184,77,107,22,8,14,0,0,0,3,1,2,3,0,3
CASS COUNTY,067,80 Years,193,90,103,162,75,87,25,11,14,0,0,0,1,1,0,5,3,2
CASS COUNTY,067,81 Years,186,84,102,152,75,77,31,7,24,0,0,0,2,1,1,1,1,0
CASS COUNTY,067,82 Years,180,73,107,154,62,92,23,9,14,0,0,0,2,2,0,1,0,1
CASS COUNTY,067,83 Years,148,62,86,129,53,76,15,7,8,0,0,0,3,1,2,1,1,0
CASS COUNTY,067,84 Years,142,60,82,124,53,71,15,5,10,0,0,0,2,1,1,1,1,0
CASS COUNTY,067,85 Years,126,50,76,110,45,65,14,4,10,1,0,1,0,0,0,1,1,0
CASS COUNTY,067,86 Years,105,37,68,92,32,60,11,4,7,0,0,0,1,0,1,1,1,0
CASS COUNTY,067,87 Years,96,36,60,82,31,51,12,5,7,1,0,1,1,0,1,0,0,0
CASS COUNTY,067,88 Years,89,28,61,72,23,49,15,4,11,1,0,1,1,1,0,0,0,0
CASS COUNTY,067,89 Years,76,24,52,65,20,45,9,3,6,0,0,0,2,1,1,0,0,0
CASS COUNTY,067,90 Years,60,24,36,52,21,31,7,3,4,0,0,0,1,0,1,0,0,0
CASS COUNTY,067,91 Years,55,19,36,46,16,30,8,3,5,0,0,0,1,0,1,0,0,0
CASS COUNTY,067,92 Years,46,12,34,35,10,25,11,2,9,0,0,0,0,0,0,0,0,0
CASS COUNTY,067,93 Years,38,10,28,27,8,19,10,2,8,0,0,0,0,0,0,1,0,1
CASS COUNTY,067,94 Years,29,9,20,19,7,12,8,2,6,0,0,0,1,0,1,1,0,1
CASS COUNTY,067,95 Years +,70,17,53,50,11,39,18,5,13,0,0,0,0,0,0,2,1,1
CASTRO COUNTY,069,All Ages,7595,3842,3753,2481,1243,1238,166,88,78,40,17,23,76,33,43,4832,2461,2371
CASTRO COUNTY,069,< 1 Year,111,60,51,25,15,10,2,1,1,0,0,0,2,1,1,82,43,39
CASTRO COUNTY,069,1 Years,116,62,54,24,15,9,1,1,0,0,0,0,4,3,1,87,43,44
CASTRO COUNTY,069,2 Years,120,65,55,24,14,10,1,1,0,2,1,1,4,2,2,89,47,42
CASTRO COUNTY,069,3 Years,121,67,54,25,15,10,1,1,0,2,1,1,2,1,1,91,49,42
CASTRO COUNTY,069,4 Years,122,64,58,21,11,10,1,1,0,2,1,1,2,1,1,96,50,46
CASTRO COUNTY,069,5 Years,125,63,62,21,12,9,2,1,1,2,1,1,2,1,1,98,48,50
CASTRO COUNTY,069,6 Years,128,61,67,21,12,9,4,1,3,2,1,1,2,1,1,99,46,53
CASTRO COUNTY,069,7 Years,131,71,60,25,13,12,4,2,2,2,0,2,3,2,1,97,54,43
CASTRO COUNTY,069,8 Years,126,68,58,24,13,11,4,3,1,1,0,1,1,0,1,96,52,44
CASTRO COUNTY,069,9 Years,111,55,56,27,16,11,2,1,1,0,0,0,1,0,1,81,38,43
CASTRO COUNTY,069,10 Years,115,54,61,24,13,11,2,0,2,1,0,1,3,0,3,85,41,44
CASTRO COUNTY,069,11 Years,105,57,48,25,15,10,2,1,1,0,0,0,3,1,2,75,40,35
CASTRO COUNTY,069,12 Years,107,52,55,25,16,9,2,1,1,0,0,0,2,0,2,78,35,43
CASTRO COUNTY,069,13 Years,119,60,59,26,13,13,1,1,0,0,0,0,2,2,0,90,44,46
CASTRO COUNTY,069,14 Years,111,63,48,29,19,10,3,1,2,0,0,0,1,1,0,78,42,36
CASTRO COUNTY,069,15 Years,104,55,49,24,15,9,4,3,1,0,0,0,2,1,1,74,36,38
CASTRO COUNTY,069,16 Years,122,57,65,30,13,17,4,1,3,0,0,0,1,1,0,87,42,45
CASTRO COUNTY,069,17 Years,112,53,59,24,10,14,2,0,2,0,0,0,1,1,0,85,42,43
CASTRO COUNTY,069,18 Years,103,48,55,20,9,11,3,2,1,0,0,0,0,0,0,80,37,43
CASTRO COUNTY,069,19 Years,109,56,53,21,11,10,5,2,3,1,0,1,0,0,0,82,43,39
CASTRO COUNTY,069,20 Years,103,55,48,19,13,6,5,3,2,0,0,0,0,0,0,79,39,40
CASTRO COUNTY,069,21 Years,96,45,51,19,8,11,3,2,1,0,0,0,2,1,1,72,34,38
CASTRO COUNTY,069,22 Years,97,50,47,20,7,13,6,5,1,0,0,0,1,0,1,70,38,32
CASTRO COUNTY,069,23 Years,108,56,52,30,16,14,3,3,0,1,1,0,0,0,0,74,36,38
CASTRO COUNTY,069,24 Years,109,50,59,35,20,15,2,2,0,0,0,0,2,2,0,70,26,44
CASTRO COUNTY,069,25 Years,105,57,48,38,26,12,0,0,0,1,0,1,0,0,0,66,31,35
CASTRO COUNTY,069,26 Years,78,43,35,19,11,8,0,0,0,0,0,0,0,0,0,59,32,27
CASTRO COUNTY,069,27 Years,74,33,41,17,7,10,2,0,2,0,0,0,0,0,0,55,26,29
CASTRO COUNTY,069,28 Years,81,40,41,16,7,9,3,0,3,1,1,0,2,0,2,59,32,27
CASTRO COUNTY,069,29 Years,73,36,37,16,6,10,3,2,1,0,0,0,1,0,1,53,28,25
CASTRO COUNTY,069,30 Years,82,39,43,22,5,17,5,4,1,0,0,0,0,0,0,55,30,25
CASTRO COUNTY,069,31 Years,83,41,42,20,5,15,3,2,1,0,0,0,0,0,0,60,34,26
CASTRO COUNTY,069,32 Years,94,57,37,21,11,10,1,1,0,2,2,0,0,0,0,70,43,27
CASTRO COUNTY,069,33 Years,87,45,42,23,14,9,1,1,0,2,0,2,1,0,1,60,30,30
CASTRO COUNTY,069,34 Years,90,38,52,22,8,14,1,0,1,1,0,1,1,0,1,65,30,35
CASTRO COUNTY,069,35 Years,82,37,45,24,10,14,1,0,1,0,0,0,2,1,1,55,26,29
CASTRO COUNTY,069,36 Years,91,51,40,26,16,10,1,0,1,2,1,1,1,1,0,61,33,28
CASTRO COUNTY,069,37 Years,97,47,50,25,11,14,2,1,1,2,1,1,0,0,0,68,34,34
CASTRO COUNTY,069,38 Years,91,41,50,27,13,14,1,0,1,1,1,0,0,0,0,62,27,35
CASTRO COUNTY,069,39 Years,94,53,41,28,14,14,0,0,0,2,1,1,1,1,0,63,37,26
CASTRO COUNTY,069,40 Years,80,42,38,25,11,14,0,0,0,3,2,1,0,0,0,52,29,23
CASTRO COUNTY,069,41 Years,95,49,46,27,13,14,1,1,0,1,0,1,1,0,1,65,35,30
CASTRO COUNTY,069,42 Years,81,44,37,23,12,11,3,3,0,0,0,0,2,0,2,53,29,24
CASTRO COUNTY,069,43 Years,89,42,47,28,14,14,4,2,2,0,0,0,2,0,2,55,26,29
CASTRO COUNTY,069,44 Years,82,40,42,23,10,13,1,0,1,1,0,1,0,0,0,57,30,27
CASTRO COUNTY,069,45 Years,72,45,27,18,8,10,1,1,0,0,0,0,0,0,0,53,36,17
CASTRO COUNTY,069,46 Years,86,51,35,28,12,16,0,0,0,1,1,0,0,0,0,57,38,19
CASTRO COUNTY,069,47 Years,92,49,43,34,15,19,1,0,1,0,0,0,0,0,0,57,34,23
CASTRO COUNTY,069,48 Years,79,40,39,27,13,14,1,0,1,0,0,0,0,0,0,51,27,24
CASTRO COUNTY,069,49 Years,78,39,39,32,13,19,1,0,1,1,1,0,0,0,0,44,25,19
CASTRO COUNTY,069,50 Years,72,35,37,28,12,16,0,0,0,0,0,0,1,0,1,43,23,20
CASTRO COUNTY,069,51 Years,85,47,38,24,13,11,2,1,1,0,0,0,2,2,0,57,31,26
CASTRO COUNTY,069,52 Years,84,47,37,36,20,16,2,1,1,0,0,0,1,1,0,45,25,20
CASTRO COUNTY,069,53 Years,100,48,52,50,25,25,2,1,1,0,0,0,1,0,1,47,22,25
CASTRO COUNTY,069,54 Years,92,43,49,44,21,23,2,1,1,0,0,0,0,0,0,46,21,25
CASTRO COUNTY,069,55 Years,92,47,45,35,18,17,2,0,2,0,0,0,0,0,0,55,29,26
CASTRO COUNTY,069,56 Years,105,57,48,40,22,18,3,2,1,0,0,0,1,0,1,61,33,28
CASTRO COUNTY,069,57 Years,89,43,46,35,18,17,2,1,1,0,0,0,0,0,0,52,24,28
CASTRO COUNTY,069,58 Years,95,52,43,41,21,20,2,1,1,0,0,0,1,1,0,51,29,22
CASTRO COUNTY,069,59 Years,101,53,48,42,23,19,5,2,3,0,0,0,1,0,1,53,28,25
CASTRO COUNTY,069,60 Years,105,59,46,44,28,16,4,3,1,1,0,1,2,2,0,54,26,28
CASTRO COUNTY,069,61 Years,88,47,41,36,20,16,6,4,2,0,0,0,1,1,0,45,22,23
CASTRO COUNTY,069,62 Years,108,54,54,45,23,22,2,1,1,0,0,0,1,0,1,60,30,30
CASTRO COUNTY,069,63 Years,101,49,52,47,23,24,1,0,1,0,0,0,1,0,1,52,26,26
CASTRO COUNTY,069,64 Years,94,53,41,39,22,17,3,1,2,0,0,0,0,0,0,52,30,22
CASTRO COUNTY,069,65 Years,90,45,45,40,18,22,5,2,3,0,0,0,0,0,0,45,25,20
CASTRO COUNTY,069,66 Years,78,39,39,34,19,15,4,2,2,1,0,1,0,0,0,39,18,21
CASTRO COUNTY,069,67 Years,63,28,35,25,14,11,2,1,1,1,0,1,0,0,0,35,13,22
CASTRO COUNTY,069,68 Years,54,23,31,24,13,11,0,0,0,0,0,0,1,0,1,29,10,19
CASTRO COUNTY,069,69 Years,64,30,34,31,16,15,0,0,0,0,0,0,1,0,1,32,14,18
CASTRO COUNTY,069,70 Years,61,32,29,34,17,17,0,0,0,0,0,0,0,0,0,27,15,12
CASTRO COUNTY,069,71 Years,57,28,29,32,18,14,0,0,0,0,0,0,0,0,0,25,10,15
CASTRO COUNTY,069,72 Years,53,26,27,27,14,13,1,1,0,0,0,0,0,0,0,25,11,14
CASTRO COUNTY,069,73 Years,46,20,26,25,11,14,1,1,0,0,0,0,0,0,0,20,8,12
CASTRO COUNTY,069,74 Years,66,27,39,40,15,25,0,0,0,0,0,0,0,0,0,26,12,14
CASTRO COUNTY,069,75 Years,56,30,26,28,15,13,0,0,0,0,0,0,0,0,0,28,15,13
CASTRO COUNTY,069,76 Years,51,26,25,26,13,13,0,0,0,0,0,0,1,1,0,24,12,12
CASTRO COUNTY,069,77 Years,45,20,25,26,12,14,0,0,0,0,0,0,0,0,0,19,8,11
CASTRO COUNTY,069,78 Years,42,19,23,25,11,14,0,0,0,0,0,0,0,0,0,17,8,9
CASTRO COUNTY,069,79 Years,42,19,23,23,7,16,0,0,0,0,0,0,0,0,0,19,12,7
CASTRO COUNTY,069,80 Years,45,26,19,27,15,12,0,0,0,0,0,0,0,0,0,18,11,7
CASTRO COUNTY,069,81 Years,36,17,19,21,10,11,1,1,0,0,0,0,0,0,0,14,6,8
CASTRO COUNTY,069,82 Years,40,19,21,26,12,14,1,1,0,0,0,0,0,0,0,13,6,7
CASTRO COUNTY,069,83 Years,40,17,23,32,14,18,0,0,0,0,0,0,1,0,1,7,3,4
CASTRO COUNTY,069,84 Years,29,11,18,22,8,14,0,0,0,0,0,0,1,0,1,6,3,3
CASTRO COUNTY,069,85 Years,26,9,17,18,5,13,0,0,0,0,0,0,1,0,1,7,4,3
CASTRO COUNTY,069,86 Years,21,10,11,15,8,7,0,0,0,0,0,0,0,0,0,6,2,4
CASTRO COUNTY,069,87 Years,18,8,10,13,7,6,1,0,1,0,0,0,0,0,0,4,1,3
CASTRO COUNTY,069,88 Years,23,10,13,16,6,10,3,2,1,0,0,0,0,0,0,4,2,2
CASTRO COUNTY,069,89 Years,16,8,8,11,6,5,1,0,1,0,0,0,0,0,0,4,2,2
CASTRO COUNTY,069,90 Years,8,3,5,5,2,3,0,0,0,0,0,0,0,0,0,3,1,2
CASTRO COUNTY,069,91 Years,12,3,9,9,2,7,0,0,0,0,0,0,0,0,0,3,1,2
CASTRO COUNTY,069,92 Years,9,3,6,6,2,4,0,0,0,0,0,0,0,0,0,3,1,2
CASTRO COUNTY,069,93 Years,9,3,6,6,2,4,0,0,0,0,0,0,0,0,0,3,1,2
CASTRO COUNTY,069,94 Years,4,1,3,3,1,2,0,0,0,0,0,0,0,0,0,1,0,1
CASTRO COUNTY,069,95 Years +,13,2,11,8,2,6,2,0,2,0,0,0,0,0,0,3,0,3
CHAMBERS COUNTY,071,All Ages,41470,20911,20559,27563,13831,13732,3407,1686,1721,381,168,213,665,330,335,9454,4896,4558
CHAMBERS COUNTY,071,< 1 Year,575,293,282,352,183,169,34,17,17,7,4,3,18,11,7,164,78,86
CHAMBERS COUNTY,071,1 Years,579,292,287,348,177,171,42,21,21,6,3,3,17,9,8,166,82,84
CHAMBERS COUNTY,071,2 Years,569,303,266,354,190,164,40,19,21,5,3,2,17,8,9,153,83,70
CHAMBERS COUNTY,071,3 Years,549,291,258,343,179,164,40,19,21,4,2,2,12,7,5,150,84,66
CHAMBERS COUNTY,071,4 Years,542,286,256,341,180,161,37,17,20,4,2,2,8,5,3,152,82,70
CHAMBERS COUNTY,071,5 Years,548,284,264,334,172,162,37,18,19,3,1,2,9,6,3,165,87,78
CHAMBERS COUNTY,071,6 Years,577,288,289,339,172,167,50,23,27,3,1,2,10,5,5,175,87,88
CHAMBERS COUNTY,071,7 Years,595,269,326,340,151,189,57,24,33,4,1,3,11,4,7,183,89,94
CHAMBERS COUNTY,071,8 Years,632,326,306,349,184,165,52,26,26,3,0,3,14,5,9,214,111,103
CHAMBERS COUNTY,071,9 Years,627,323,304,367,192,175,53,22,31,2,0,2,17,8,9,188,101,87
CHAMBERS COUNTY,071,10 Years,611,304,307,362,185,177,63,25,38,5,3,2,15,6,9,166,85,81
CHAMBERS COUNTY,071,11 Years,623,332,291,361,197,164,55,25,30,5,3,2,14,8,6,188,99,89
CHAMBERS COUNTY,071,12 Years,619,315,304,341,178,163,54,23,31,5,2,3,12,6,6,207,106,101
CHAMBERS COUNTY,071,13 Years,625,323,302,371,190,181,47,23,24,4,3,1,14,5,9,189,102,87
CHAMBERS COUNTY,071,14 Years,641,338,303,379,215,164,40,20,20,7,4,3,15,7,8,200,92,108
CHAMBERS COUNTY,071,15 Years,626,343,283,370,209,161,45,19,26,7,4,3,12,6,6,192,105,87
CHAMBERS COUNTY,071,16 Years,652,352,300,396,223,173,46,28,18,8,2,6,13,5,8,189,94,95
CHAMBERS COUNTY,071,17 Years,641,338,303,372,202,170,53,30,23,7,3,4,18,7,11,191,96,95
CHAMBERS COUNTY,071,18 Years,584,304,280,332,177,155,43,21,22,5,4,1,12,7,5,192,95,97
CHAMBERS COUNTY,071,19 Years,551,281,270,296,155,141,35,19,16,7,4,3,13,8,5,200,95,105
CHAMBERS COUNTY,071,20 Years,498,253,245,271,142,129,29,16,13,7,4,3,14,5,9,177,86,91
CHAMBERS COUNTY,071,21 Years,520,264,256,293,145,148,35,21,14,11,6,5,13,6,7,168,86,82
CHAMBERS COUNTY,071,22 Years,538,270,268,315,158,157,40,20,20,4,2,2,13,6,7,166,84,82
CHAMBERS COUNTY,071,23 Years,588,297,291,354,175,179,57,33,24,3,3,0,14,7,7,160,79,81
CHAMBERS COUNTY,071,24 Years,641,334,307,392,204,188,63,37,26,2,1,1,11,6,5,173,86,87
CHAMBERS COUNTY,071,25 Years,656,329,327,406,203,203,72,38,34,5,1,4,11,6,5,162,81,81
CHAMBERS COUNTY,071,26 Years,653,336,317,420,212,208,64,35,29,3,1,2,7,5,2,159,83,76
CHAMBERS COUNTY,071,27 Years,577,279,298,383,183,200,53,24,29,0,0,0,5,3,2,136,69,67
CHAMBERS COUNTY,071,28 Years,552,265,287,360,164,196,55,29,26,2,2,0,4,2,2,131,68,63
CHAMBERS COUNTY,071,29 Years,570,281,289,363,173,190,57,34,23,4,2,2,7,0,7,139,72,67
CHAMBERS COUNTY,071,30 Years,504,270,234,346,185,161,32,21,11,5,2,3,8,4,4,113,58,55
CHAMBERS COUNTY,071,31 Years,538,287,251,356,191,165,35,19,16,11,8,3,4,4,0,132,65,67
CHAMBERS COUNTY,071,32 Years,548,289,259,362,179,183,40,23,17,7,5,2,6,3,3,133,79,54
CHAMBERS COUNTY,071,33 Years,487,239,248,331,153,178,29,19,10,4,2,2,6,3,3,117,62,55
CHAMBERS COUNTY,071,34 Years,513,248,265,329,149,180,35,23,12,5,2,3,3,1,2,141,73,68
CHAMBERS COUNTY,071,35 Years,560,270,290,354,154,200,47,31,16,5,2,3,5,3,2,149,80,69
CHAMBERS COUNTY,071,36 Years,567,285,282,367,181,186,30,16,14,5,2,3,7,4,3,158,82,76
CHAMBERS COUNTY,071,37 Years,597,313,284,391,213,178,44,18,26,5,1,4,9,5,4,148,76,72
CHAMBERS COUNTY,071,38 Years,497,262,235,336,171,165,29,15,14,5,1,4,3,2,1,124,73,51
CHAMBERS COUNTY,071,39 Years,528,261,267,352,166,186,33,20,13,4,0,4,7,4,3,132,71,61
CHAMBERS COUNTY,071,40 Years,562,269,293,373,179,194,44,20,24,5,3,2,3,1,2,137,66,71
CHAMBERS COUNTY,071,41 Years,561,273,288,359,176,183,44,16,28,5,2,3,3,1,2,150,78,72
CHAMBERS COUNTY,071,42 Years,520,251,269,333,164,169,49,20,29,6,2,4,3,2,1,129,63,66
CHAMBERS COUNTY,071,43 Years,545,258,287,347,162,185,43,17,26,7,3,4,3,1,2,145,75,70
CHAMBERS COUNTY,071,44 Years,556,276,280,347,173,174,55,27,28,5,1,4,8,4,4,141,71,70
CHAMBERS COUNTY,071,45 Years,573,259,314,373,172,201,48,22,26,5,1,4,8,2,6,139,62,77
CHAMBERS COUNTY,071,46 Years,617,296,321,406,195,211,66,35,31,17,3,14,9,4,5,119,59,60
CHAMBERS COUNTY,071,47 Years,602,294,308,403,194,209,60,32,28,10,3,7,11,7,4,118,58,60
CHAMBERS COUNTY,071,48 Years,583,289,294,401,192,209,56,30,26,5,2,3,5,2,3,116,63,53
CHAMBERS COUNTY,071,49 Years,531,264,267,368,180,188,48,23,25,4,3,1,4,3,1,107,55,52
CHAMBERS COUNTY,071,50 Years,559,275,284,378,185,193,41,17,24,14,3,11,6,2,4,120,68,52
CHAMBERS COUNTY,071,51 Years,541,268,273,388,191,197,37,21,16,7,2,5,7,3,4,102,51,51
CHAMBERS COUNTY,071,52 Years,530,271,259,391,198,193,38,21,17,5,3,2,7,4,3,89,45,44
CHAMBERS COUNTY,071,53 Years,508,264,244,373,191,182,40,22,18,6,2,4,5,2,3,84,47,37
CHAMBERS COUNTY,071,54 Years,520,282,238,385,206,179,40,22,18,6,5,1,7,4,3,82,45,37
CHAMBERS COUNTY,071,55 Years,525,272,253,393,197,196,45,23,22,2,2,0,8,3,5,77,47,30
CHAMBERS COUNTY,071,56 Years,524,275,249,381,196,185,41,21,20,9,4,5,14,8,6,79,46,33
CHAMBERS COUNTY,071,57 Years,543,284,259,388,209,179,48,21,27,4,1,3,14,8,6,89,45,44
CHAMBERS COUNTY,071,58 Years,508,253,255,370,186,184,43,19,24,5,3,2,7,5,2,83,40,43
CHAMBERS COUNTY,071,59 Years,490,243,247,365,176,189,40,23,17,4,2,2,5,3,2,76,39,37
CHAMBERS COUNTY,071,60 Years,524,279,245,399,221,178,40,20,20,3,1,2,8,4,4,74,33,41
CHAMBERS COUNTY,071,61 Years,503,276,227,378,209,169,38,19,19,4,4,0,5,3,2,78,41,37
CHAMBERS COUNTY,071,62 Years,486,255,231,373,194,179,33,16,17,4,3,1,5,4,1,71,38,33
CHAMBERS COUNTY,071,63 Years,482,237,245,373,180,193,32,17,15,3,0,3,10,6,4,64,34,30
CHAMBERS COUNTY,071,64 Years,487,241,246,376,181,195,42,16,26,1,1,0,5,2,3,63,41,22
CHAMBERS COUNTY,071,65 Years,391,209,182,307,164,143,36,15,21,1,1,0,4,2,2,43,27,16
CHAMBERS COUNTY,071,66 Years,342,183,159,265,140,125,31,15,16,2,2,0,5,3,2,39,23,16
CHAMBERS COUNTY,071,67 Years,332,173,159,257,135,122,35,16,19,6,2,4,5,3,2,29,17,12
CHAMBERS COUNTY,071,68 Years,340,163,177,272,127,145,32,16,16,4,1,3,3,2,1,29,17,12
CHAMBERS COUNTY,071,69 Years,370,184,186,298,148,150,31,15,16,4,1,3,8,3,5,29,17,12
CHAMBERS COUNTY,071,70 Years,371,185,186,294,147,147,37,19,18,4,2,2,7,1,6,29,16,13
CHAMBERS COUNTY,071,71 Years,302,150,152,243,117,126,31,15,16,3,2,1,1,0,1,24,16,8
CHAMBERS COUNTY,071,72 Years,258,127,131,207,101,106,28,16,12,3,1,2,1,0,1,19,9,10
CHAMBERS COUNTY,071,73 Years,238,115,123,192,95,97,25,10,15,1,0,1,4,3,1,16,7,9
CHAMBERS COUNTY,071,74 Years,229,118,111,191,99,92,18,7,11,0,0,0,3,1,2,17,11,6
CHAMBERS COUNTY,071,75 Years,200,91,109,169,80,89,14,3,11,1,0,1,6,4,2,10,4,6
CHAMBERS COUNTY,071,76 Years,189,89,100,150,71,79,22,12,10,1,0,1,4,2,2,12,4,8
CHAMBERS COUNTY,071,77 Years,165,79,86,129,59,70,18,9,9,1,0,1,2,1,1,15,10,5
CHAMBERS COUNTY,071,78 Years,143,67,76,110,51,59,14,5,9,1,0,1,1,0,1,17,11,6
CHAMBERS COUNTY,071,79 Years,116,57,59,94,47,47,12,4,8,1,0,1,2,1,1,7,5,2
CHAMBERS COUNTY,071,80 Years,115,51,64,95,43,52,11,4,7,1,0,1,2,1,1,6,3,3
CHAMBERS COUNTY,071,81 Years,104,53,51,90,47,43,10,3,7,0,0,0,0,0,0,4,3,1
CHAMBERS COUNTY,071,82 Years,94,46,48,78,40,38,11,3,8,1,1,0,1,0,1,3,2,1
CHAMBERS COUNTY,071,83 Years,92,39,53,80,33,47,8,4,4,0,0,0,1,0,1,3,2,1
CHAMBERS COUNTY,071,84 Years,81,40,41,67,33,34,10,4,6,0,0,0,1,1,0,3,2,1
CHAMBERS COUNTY,071,85 Years,63,26,37,55,22,33,7,3,4,0,0,0,0,0,0,1,1,0
CHAMBERS COUNTY,071,86 Years,79,26,53,70,22,48,6,3,3,1,0,1,0,0,0,2,1,1
CHAMBERS COUNTY,071,87 Years,80,24,56,69,19,50,9,4,5,0,0,0,1,1,0,1,0,1
CHAMBERS COUNTY,071,88 Years,63,20,43,53,17,36,8,2,6,0,0,0,1,1,0,1,0,1
CHAMBERS COUNTY,071,89 Years,42,14,28,34,12,22,5,2,3,0,0,0,1,0,1,2,0,2
CHAMBERS COUNTY,071,90 Years,38,11,27,31,9,22,2,1,1,1,0,1,1,0,1,3,1,2
CHAMBERS COUNTY,071,91 Years,37,12,25,31,11,20,4,0,4,0,0,0,0,0,0,2,1,1
CHAMBERS COUNTY,071,92 Years,31,10,21,23,7,16,3,0,3,0,0,0,1,0,1,4,3,1
CHAMBERS COUNTY,071,93 Years,22,7,15,17,5,12,4,1,3,0,0,0,0,0,0,1,1,0
CHAMBERS COUNTY,071,94 Years,17,7,10,12,4,8,3,1,2,0,0,0,0,0,0,2,2,0
CHAMBERS COUNTY,071,95 Years +,48,14,34,31,7,24,9,3,6,0,0,0,1,0,1,7,4,3
CHEROKEE COUNTY,073,All Ages,53595,27226,26369,32613,16072,16541,7428,4008,3420,240,95,145,1104,509,595,12210,6542,5668
CHEROKEE COUNTY,073,< 1 Year,709,355,354,341,172,169,91,51,40,2,0,2,30,10,20,245,122,123
CHEROKEE COUNTY,073,1 Years,741,370,371,348,176,172,92,51,41,2,1,1,37,15,22,262,127,135
CHEROKEE COUNTY,073,2 Years,740,371,369,361,180,181,91,51,40,1,0,1,33,15,18,254,125,129
CHEROKEE COUNTY,073,3 Years,753,375,378,347,172,175,100,52,48,1,0,1,40,19,21,265,132,133
CHEROKEE COUNTY,073,4 Years,722,366,356,342,167,175,95,51,44,1,0,1,38,19,19,246,129,117
CHEROKEE COUNTY,073,5 Years,714,351,363,340,167,173,93,45,48,2,1,1,36,16,20,243,122,121
CHEROKEE COUNTY,073,6 Years,717,359,358,353,176,177,88,44,44,3,1,2,33,18,15,240,120,120
CHEROKEE COUNTY,073,7 Years,699,351,348,340,165,175,85,48,37,3,0,3,29,14,15,242,124,118
CHEROKEE COUNTY,073,8 Years,781,393,388,361,178,183,106,55,51,1,0,1,33,11,22,280,149,131
CHEROKEE COUNTY,073,9 Years,758,384,374,360,180,180,88,45,43,2,2,0,30,13,17,278,144,134
CHEROKEE COUNTY,073,10 Years,747,379,368,361,184,177,91,47,44,1,1,0,25,12,13,269,135,134
CHEROKEE COUNTY,073,11 Years,796,416,380,389,204,185,94,45,49,3,2,1,24,11,13,286,154,132
CHEROKEE COUNTY,073,12 Years,803,420,383,388,207,181,113,52,61,5,1,4,23,15,8,274,145,129
CHEROKEE COUNTY,073,13 Years,801,410,391,398,213,185,105,50,55,4,2,2,24,12,12,270,133,137
CHEROKEE COUNTY,073,14 Years,820,421,399,384,189,195,129,72,57,3,2,1,34,16,18,270,142,128
CHEROKEE COUNTY,073,15 Years,810,421,389,381,181,200,110,70,40,5,3,2,29,15,14,285,152,133
CHEROKEE COUNTY,073,16 Years,814,442,372,395,201,194,138,94,44,3,2,1,18,8,10,260,137,123
CHEROKEE COUNTY,073,17 Years,780,433,347,364,191,173,132,84,48,5,0,5,29,13,16,250,145,105
CHEROKEE COUNTY,073,18 Years,742,398,344,349,188,161,113,70,43,5,1,4,23,10,13,252,129,123
CHEROKEE COUNTY,073,19 Years,629,337,292,298,160,138,90,54,36,2,0,2,16,6,10,223,117,106
CHEROKEE COUNTY,073,20 Years,625,351,274,289,160,129,110,63,47,5,2,3,16,7,9,205,119,86
CHEROKEE COUNTY,073,21 Years,590,319,271,286,155,131,100,56,44,3,1,2,13,6,7,188,101,87
CHEROKEE COUNTY,073,22 Years,561,301,260,290,156,134,76,42,34,7,4,3,12,6,6,176,93,83
CHEROKEE COUNTY,073,23 Years,621,323,298,330,173,157,90,40,50,3,2,1,16,10,6,182,98,84
CHEROKEE COUNTY,073,24 Years,636,333,303,331,173,158,105,51,54,3,1,2,15,6,9,182,102,80
CHEROKEE COUNTY,073,25 Years,714,364,350,366,178,188,135,77,58,7,3,4,13,6,7,193,100,93
CHEROKEE COUNTY,073,26 Years,861,463,398,434,221,213,193,125,68,4,2,2,15,7,8,215,108,107
CHEROKEE COUNTY,073,27 Years,790,411,379,425,212,213,152,95,57,1,1,0,19,9,10,193,94,99
CHEROKEE COUNTY,073,28 Years,713,365,348,409,203,206,122,76,46,4,1,3,9,4,5,169,81,88
CHEROKEE COUNTY,073,29 Years,684,346,338,398,192,206,111,60,51,3,2,1,8,4,4,164,88,76
CHEROKEE COUNTY,073,30 Years,621,323,298,345,166,179,100,58,42,2,1,1,9,4,5,165,94,71
CHEROKEE COUNTY,073,31 Years,575,310,265,330,160,170,87,54,33,2,2,0,5,2,3,151,92,59
CHEROKEE COUNTY,073,32 Years,579,306,273,333,159,174,89,56,33,2,2,0,6,2,4,149,87,62
CHEROKEE COUNTY,073,33 Years,639,328,311,367,182,185,93,52,41,3,1,2,9,4,5,167,89,78
CHEROKEE COUNTY,073,34 Years,604,298,306,369,185,184,73,37,36,3,1,2,9,5,4,150,70,80
CHEROKEE COUNTY,073,35 Years,588,299,289,350,171,179,79,41,38,5,2,3,6,2,4,148,83,65
CHEROKEE COUNTY,073,36 Years,644,326,318,389,198,191,85,37,48,6,3,3,10,4,6,154,84,70
CHEROKEE COUNTY,073,37 Years,681,336,345,395,189,206,99,46,53,5,2,3,12,7,5,170,92,78
CHEROKEE COUNTY,073,38 Years,627,318,309,367,181,186,81,41,40,5,1,4,6,2,4,168,93,75
CHEROKEE COUNTY,073,39 Years,618,327,291,352,180,172,91,50,41,4,1,3,5,3,2,166,93,73
CHEROKEE COUNTY,073,40 Years,680,368,312,377,188,189,98,55,43,3,1,2,6,3,3,196,121,75
CHEROKEE COUNTY,073,41 Years,640,350,290,366,199,167,95,54,41,1,0,1,10,6,4,168,91,77
CHEROKEE COUNTY,073,42 Years,629,328,301,363,182,181,90,55,35,2,0,2,6,3,3,168,88,80
CHEROKEE COUNTY,073,43 Years,668,347,321,396,192,204,96,56,40,3,1,2,3,1,2,170,97,73
CHEROKEE COUNTY,073,44 Years,676,371,305,394,200,194,102,65,37,1,1,0,5,3,2,174,102,72
CHEROKEE COUNTY,073,45 Years,682,359,323,396,202,194,101,63,38,3,2,1,2,1,1,180,91,89
CHEROKEE COUNTY,073,46 Years,697,372,325,438,231,207,92,51,41,2,2,0,4,1,3,161,87,74
CHEROKEE COUNTY,073,47 Years,671,367,304,408,211,197,99,60,39,2,1,1,7,3,4,155,92,63
CHEROKEE COUNTY,073,48 Years,659,359,300,397,205,192,107,60,47,1,1,0,10,6,4,144,87,57
CHEROKEE COUNTY,073,49 Years,631,323,308,399,193,206,89,52,37,3,1,2,7,4,3,133,73,60
CHEROKEE COUNTY,073,50 Years,609,328,281,370,188,182,98,55,43,3,1,2,7,3,4,131,81,50
CHEROKEE COUNTY,073,51 Years,647,346,301,389,200,189,104,57,47,5,2,3,8,3,5,141,84,57
CHEROKEE COUNTY,073,52 Years,677,372,305,433,240,193,105,63,42,4,1,3,11,5,6,124,63,61
CHEROKEE COUNTY,073,53 Years,660,347,313,447,226,221,88,51,37,3,2,1,9,3,6,113,65,48
CHEROKEE COUNTY,073,54 Years,686,367,319,457,236,221,103,59,44,3,2,1,13,6,7,110,64,46
CHEROKEE COUNTY,073,55 Years,656,332,324,446,212,234,91,48,43,5,1,4,10,6,4,104,65,39
CHEROKEE COUNTY,073,56 Years,633,310,323,422,198,224,92,45,47,6,1,5,12,5,7,101,61,40
CHEROKEE COUNTY,073,57 Years,688,337,351,491,241,250,93,42,51,6,3,3,8,4,4,90,47,43
CHEROKEE COUNTY,073,58 Years,703,349,354,517,253,264,90,44,46,6,2,4,6,2,4,84,48,36
CHEROKEE COUNTY,073,59 Years,659,349,310,474,249,225,86,50,36,4,1,3,8,3,5,87,46,41
CHEROKEE COUNTY,073,60 Years,656,330,326,486,242,244,83,44,39,4,2,2,13,5,8,70,37,33
CHEROKEE COUNTY,073,61 Years,629,310,319,462,225,237,89,44,45,4,1,3,9,3,6,65,37,28
CHEROKEE COUNTY,073,62 Years,656,328,328,487,237,250,97,52,45,2,1,1,8,6,2,62,32,30
CHEROKEE COUNTY,073,63 Years,676,321,355,508,230,278,106,59,47,3,0,3,8,5,3,51,27,24
CHEROKEE COUNTY,073,64 Years,647,303,344,507,237,270,87,41,46,4,0,4,9,4,5,40,21,19
CHEROKEE COUNTY,073,65 Years,611,287,324,484,231,253,77,32,45,4,1,3,5,2,3,41,21,20
CHEROKEE COUNTY,073,66 Years,600,280,320,460,214,246,83,36,47,2,1,1,5,2,3,50,27,23
CHEROKEE COUNTY,073,67 Years,585,291,294,468,229,239,73,35,38,1,0,1,8,5,3,35,22,13
CHEROKEE COUNTY,073,68 Years,553,273,280,448,219,229,62,31,31,0,0,0,7,4,3,36,19,17
CHEROKEE COUNTY,073,69 Years,572,265,307,466,211,255,61,31,30,0,0,0,7,4,3,38,19,19
CHEROKEE COUNTY,073,70 Years,577,259,318,479,210,269,50,26,24,1,0,1,8,2,6,39,21,18
CHEROKEE COUNTY,073,71 Years,475,227,248,398,188,210,44,21,23,2,1,1,3,1,2,28,16,12
CHEROKEE COUNTY,073,72 Years,471,235,236,390,194,196,44,21,23,1,0,1,5,1,4,31,19,12
CHEROKEE COUNTY,073,73 Years,427,206,221,358,175,183,38,11,27,1,1,0,6,4,2,24,15,9
CHEROKEE COUNTY,073,74 Years,421,207,214,354,170,184,39,16,23,1,1,0,3,2,1,24,18,6
CHEROKEE COUNTY,073,75 Years,396,182,214,334,154,180,35,16,19,3,1,2,4,0,4,20,11,9
CHEROKEE COUNTY,073,76 Years,363,173,190,313,150,163,29,13,16,2,2,0,3,2,1,16,6,10
CHEROKEE COUNTY,073,77 Years,336,166,170,281,138,143,31,13,18,2,2,0,4,2,2,18,11,7
CHEROKEE COUNTY,073,78 Years,287,143,144,243,120,123,27,13,14,0,0,0,2,1,1,15,9,6
CHEROKEE COUNTY,073,79 Years,255,123,132,214,107,107,24,7,17,1,0,1,5,3,2,11,6,5
CHEROKEE COUNTY,073,80 Years,261,120,141,222,103,119,24,10,14,0,0,0,4,1,3,11,6,5
CHEROKEE COUNTY,073,81 Years,240,106,134,208,93,115,20,6,14,1,0,1,2,1,1,9,6,3
CHEROKEE COUNTY,073,82 Years,245,112,133,205,96,109,25,8,17,2,0,2,3,2,1,10,6,4
CHEROKEE COUNTY,073,83 Years,217,92,125,178,73,105,24,8,16,0,0,0,2,1,1,13,10,3
CHEROKEE COUNTY,073,84 Years,168,73,95,140,59,81,15,6,9,0,0,0,3,2,1,10,6,4
CHEROKEE COUNTY,073,85 Years,149,61,88,125,54,71,14,4,10,0,0,0,3,1,2,7,2,5
CHEROKEE COUNTY,073,86 Years,124,48,76,104,42,62,12,3,9,2,1,1,2,0,2,4,2,2
CHEROKEE COUNTY,073,87 Years,128,46,82,100,36,64,11,5,6,0,0,0,5,1,4,12,4,8
CHEROKEE COUNTY,073,88 Years,110,39,71,89,31,58,12,5,7,0,0,0,3,1,2,6,2,4
CHEROKEE COUNTY,073,89 Years,90,32,58,77,28,49,8,3,5,0,0,0,1,0,1,4,1,3
CHEROKEE COUNTY,073,90 Years,76,27,49,64,21,43,7,4,3,0,0,0,1,1,0,4,1,3
CHEROKEE COUNTY,073,91 Years,69,20,49,56,17,39,9,3,6,0,0,0,0,0,0,4,0,4
CHEROKEE COUNTY,073,92 Years,56,16,40,45,13,32,9,3,6,0,0,0,0,0,0,2,0,2
CHEROKEE COUNTY,073,93 Years,41,12,29,31,9,22,5,1,4,0,0,0,1,1,0,4,1,3
CHEROKEE COUNTY,073,94 Years,35,9,26,26,8,18,4,0,4,0,0,0,1,0,1,4,1,3
CHEROKEE COUNTY,073,95 Years +,95,24,71,68,17,51,16,4,12,0,0,0,2,0,2,9,3,6
CHILDRESS COUNTY,075,All Ages,6961,4093,2868,4040,2060,1980,698,559,139,55,31,24,128,66,62,2040,1377,663
CHILDRESS COUNTY,075,< 1 Year,86,47,39,53,24,29,4,2,2,0,0,0,5,5,0,24,16,8
CHILDRESS COUNTY,075,1 Years,74,43,31,42,22,20,4,2,2,0,0,0,4,3,1,24,16,8
CHILDRESS COUNTY,075,2 Years,79,41,38,44,21,23,4,1,3,2,1,1,4,2,2,25,16,9
CHILDRESS COUNTY,075,3 Years,70,36,34,37,19,18,3,1,2,2,1,1,4,2,2,24,13,11
CHILDRESS COUNTY,075,4 Years,73,37,36,38,21,17,2,0,2,2,1,1,6,3,3,25,12,13
CHILDRESS COUNTY,075,5 Years,74,39,35,36,20,16,1,0,1,2,1,1,4,2,2,31,16,15
CHILDRESS COUNTY,075,6 Years,77,43,34,41,23,18,2,1,1,0,0,0,3,1,2,31,18,13
CHILDRESS COUNTY,075,7 Years,75,40,35,40,24,16,2,1,1,0,0,0,4,2,2,29,13,16
CHILDRESS COUNTY,075,8 Years,82,46,36,49,28,21,1,0,1,0,0,0,2,1,1,30,17,13
CHILDRESS COUNTY,075,9 Years,88,47,41,51,27,24,4,3,1,1,1,0,3,2,1,29,14,15
CHILDRESS COUNTY,075,10 Years,90,41,49,54,24,30,5,2,3,0,0,0,2,0,2,29,15,14
CHILDRESS COUNTY,075,11 Years,88,46,42,46,20,26,5,4,1,0,0,0,2,1,1,35,21,14
CHILDRESS COUNTY,075,12 Years,85,40,45,51,22,29,2,2,0,2,0,2,2,1,1,28,15,13
CHILDRESS COUNTY,075,13 Years,68,34,34,41,23,18,3,1,2,2,1,1,3,0,3,19,9,10
CHILDRESS COUNTY,075,14 Years,71,36,35,46,25,21,2,1,1,2,1,1,1,0,1,20,9,11
CHILDRESS COUNTY,075,15 Years,86,44,42,45,21,24,4,1,3,1,1,0,2,1,1,34,20,14
CHILDRESS COUNTY,075,16 Years,68,36,32,35,18,17,2,1,1,1,1,0,1,0,1,29,16,13
CHILDRESS COUNTY,075,17 Years,81,50,31,38,20,18,4,2,2,1,1,0,3,2,1,35,25,10
CHILDRESS COUNTY,075,18 Years,89,58,31,39,22,17,8,6,2,0,0,0,3,2,1,39,28,11
CHILDRESS COUNTY,075,19 Years,80,48,32,30,15,15,12,8,4,0,0,0,2,1,1,36,24,12
CHILDRESS COUNTY,075,20 Years,113,80,33,43,25,18,21,18,3,0,0,0,3,2,1,46,35,11
CHILDRESS COUNTY,075,21 Years,115,86,29,35,19,16,24,22,2,1,1,0,1,1,0,54,43,11
CHILDRESS COUNTY,075,22 Years,143,110,33,47,25,22,34,31,3,0,0,0,2,1,1,60,53,7
CHILDRESS COUNTY,075,23 Years,131,107,24,48,32,16,26,24,2,1,1,0,1,1,0,55,49,6
CHILDRESS COUNTY,075,24 Years,152,121,31,57,41,16,32,29,3,1,1,0,4,1,3,58,49,9
CHILDRESS COUNTY,075,25 Years,165,125,40,64,38,26,40,37,3,1,1,0,2,1,1,58,48,10
CHILDRESS COUNTY,075,26 Years,167,135,32,58,37,21,34,33,1,0,0,0,4,1,3,71,64,7
CHILDRESS COUNTY,075,27 Years,139,116,23,48,32,16,34,34,0,0,0,0,3,1,2,54,49,5
CHILDRESS COUNTY,075,28 Years,136,111,25,54,35,19,26,26,0,1,1,0,0,0,0,55,49,6
CHILDRESS COUNTY,075,29 Years,119,96,23,45,29,16,28,27,1,0,0,0,0,0,0,46,40,6
CHILDRESS COUNTY,075,30 Years,122,102,20,48,33,15,24,24,0,1,1,0,0,0,0,49,44,5
CHILDRESS COUNTY,075,31 Years,111,89,22,52,37,15,18,16,2,1,1,0,1,1,0,39,34,5
CHILDRESS COUNTY,075,32 Years,110,76,34,57,35,22,17,17,0,0,0,0,0,0,0,36,24,12
CHILDRESS COUNTY,075,33 Years,122,84,38,57,34,23,25,21,4,0,0,0,1,0,1,39,29,10
CHILDRESS COUNTY,075,34 Years,105,75,30,50,28,22,19,17,2,0,0,0,2,1,1,34,29,5
CHILDRESS COUNTY,075,35 Years,104,73,31,53,30,23,9,9,0,1,1,0,1,0,1,40,33,7
CHILDRESS COUNTY,075,36 Years,92,60,32,43,21,22,17,17,0,2,0,2,0,0,0,30,22,8
CHILDRESS COUNTY,075,37 Years,99,64,35,50,28,22,11,10,1,3,1,2,0,0,0,35,25,10
CHILDRESS COUNTY,075,38 Years,95,58,37,55,31,24,9,6,3,1,1,0,0,0,0,30,20,10
CHILDRESS COUNTY,075,39 Years,92,49,43,51,27,24,6,4,2,2,0,2,3,1,2,30,17,13
CHILDRESS COUNTY,075,40 Years,84,51,33,45,25,20,12,10,2,2,2,0,1,0,1,24,14,10
CHILDRESS COUNTY,075,41 Years,76,40,36,40,19,21,8,6,2,1,0,1,1,0,1,26,15,11
CHILDRESS COUNTY,075,42 Years,77,48,29,50,29,21,5,4,1,1,0,1,1,1,0,20,14,6
CHILDRESS COUNTY,075,43 Years,66,41,25,42,27,15,4,4,0,0,0,0,1,0,1,19,10,9
CHILDRESS COUNTY,075,44 Years,69,37,32,42,22,20,3,2,1,0,0,0,1,1,0,23,12,11
CHILDRESS COUNTY,075,45 Years,72,39,33,48,24,24,5,4,1,0,0,0,0,0,0,19,11,8
CHILDRESS COUNTY,075,46 Years,73,39,34,50,24,26,3,2,1,0,0,0,0,0,0,20,13,7
CHILDRESS COUNTY,075,47 Years,71,42,29,46,26,20,6,5,1,0,0,0,0,0,0,19,11,8
CHILDRESS COUNTY,075,48 Years,75,43,32,43,24,19,10,6,4,2,0,2,2,2,0,18,11,7
CHILDRESS COUNTY,075,49 Years,59,36,23,35,22,13,8,5,3,0,0,0,1,1,0,15,8,7
CHILDRESS COUNTY,075,50 Years,68,32,36,48,22,26,6,4,2,0,0,0,0,0,0,14,6,8
CHILDRESS COUNTY,075,51 Years,64,30,34,46,22,24,6,3,3,0,0,0,0,0,0,12,5,7
CHILDRESS COUNTY,075,52 Years,80,38,42,62,29,33,5,3,2,0,0,0,1,1,0,12,5,7
CHILDRESS COUNTY,075,53 Years,88,40,48,63,29,34,7,2,5,0,0,0,2,1,1,16,8,8
CHILDRESS COUNTY,075,54 Years,78,47,31,56,35,21,4,2,2,0,0,0,2,0,2,16,10,6
CHILDRESS COUNTY,075,55 Years,69,35,34,54,27,27,3,1,2,1,0,1,1,1,0,10,6,4
CHILDRESS COUNTY,075,56 Years,68,27,41,56,22,34,2,1,1,0,0,0,1,0,1,9,4,5
CHILDRESS COUNTY,075,57 Years,70,30,40,49,21,28,4,1,3,1,0,1,1,1,0,15,7,8
CHILDRESS COUNTY,075,58 Years,73,34,39,54,25,29,2,2,0,1,0,1,1,0,1,15,7,8
CHILDRESS COUNTY,075,59 Years,71,29,42,54,20,34,3,3,0,1,1,0,0,0,0,13,5,8
CHILDRESS COUNTY,075,60 Years,74,31,43,57,24,33,4,2,2,1,1,0,0,0,0,12,4,8
CHILDRESS COUNTY,075,61 Years,75,39,36,56,29,27,6,2,4,1,0,1,1,1,0,11,7,4
CHILDRESS COUNTY,075,62 Years,72,37,35,53,27,26,4,2,2,1,1,0,1,0,1,13,7,6
CHILDRESS COUNTY,075,63 Years,69,29,40,54,23,31,2,1,1,1,1,0,1,0,1,11,4,7
CHILDRESS COUNTY,075,64 Years,78,34,44,61,25,36,1,1,0,1,1,0,1,1,0,14,6,8
CHILDRESS COUNTY,075,65 Years,74,34,40,58,27,31,2,1,1,1,1,0,1,1,0,12,4,8
CHILDRESS COUNTY,075,66 Years,64,31,33,46,22,24,4,2,2,2,1,1,1,1,0,11,5,6
CHILDRESS COUNTY,075,67 Years,58,30,28,43,20,23,4,2,2,1,1,0,1,1,0,9,6,3
CHILDRESS COUNTY,075,68 Years,53,26,27,43,20,23,2,0,2,0,0,0,1,1,0,7,5,2
CHILDRESS COUNTY,075,69 Years,54,24,30,45,18,27,2,1,1,0,0,0,0,0,0,7,5,2
CHILDRESS COUNTY,075,70 Years,64,28,36,49,22,27,2,2,0,0,0,0,1,0,1,12,4,8
CHILDRESS COUNTY,075,71 Years,51,22,29,37,18,19,1,0,1,0,0,0,2,0,2,11,4,7
CHILDRESS COUNTY,075,72 Years,49,22,27,38,17,21,0,0,0,1,0,1,0,0,0,10,5,5
CHILDRESS COUNTY,075,73 Years,53,24,29,45,20,25,2,2,0,0,0,0,1,0,1,5,2,3
CHILDRESS COUNTY,075,74 Years,51,28,23,46,25,21,1,0,1,0,0,0,1,1,0,3,2,1
CHILDRESS COUNTY,075,75 Years,48,23,25,39,18,21,2,0,2,0,0,0,3,2,1,4,3,1
CHILDRESS COUNTY,075,76 Years,46,20,26,37,15,22,3,1,2,0,0,0,1,1,0,5,3,2
CHILDRESS COUNTY,075,77 Years,36,18,18,27,14,13,3,0,3,0,0,0,0,0,0,6,4,2
CHILDRESS COUNTY,075,78 Years,37,14,23,31,11,20,1,0,1,1,1,0,0,0,0,4,2,2
CHILDRESS COUNTY,075,79 Years,38,17,21,32,15,17,1,1,0,0,0,0,2,1,1,3,0,3
CHILDRESS COUNTY,075,80 Years,37,11,26,34,9,25,1,1,0,0,0,0,0,0,0,2,1,1
CHILDRESS COUNTY,075,81 Years,38,16,22,29,8,21,2,2,0,0,0,0,1,1,0,6,5,1
CHILDRESS COUNTY,075,82 Years,35,14,21,30,11,19,3,1,2,0,0,0,0,0,0,2,2,0
CHILDRESS COUNTY,075,83 Years,35,14,21,29,10,19,1,0,1,0,0,0,1,1,0,4,3,1
CHILDRESS COUNTY,075,84 Years,33,14,19,29,12,17,1,1,0,0,0,0,0,0,0,3,1,2
CHILDRESS COUNTY,075,85 Years,24,13,11,19,11,8,1,0,1,0,0,0,0,0,0,4,2,2
CHILDRESS COUNTY,075,86 Years,25,12,13,20,9,11,0,0,0,0,0,0,0,0,0,5,3,2
CHILDRESS COUNTY,075,87 Years,22,8,14,18,6,12,0,0,0,0,0,0,0,0,0,4,2,2
CHILDRESS COUNTY,075,88 Years,19,4,15,14,3,11,1,0,1,0,0,0,0,0,0,4,1,3
CHILDRESS COUNTY,075,89 Years,16,7,9,13,5,8,1,1,0,0,0,0,0,0,0,2,1,1
CHILDRESS COUNTY,075,90 Years,14,5,9,12,3,9,1,1,0,0,0,0,1,1,0,0,0,0
CHILDRESS COUNTY,075,91 Years,10,2,8,9,2,7,0,0,0,0,0,0,1,0,1,0,0,0
CHILDRESS COUNTY,075,92 Years,11,6,5,8,4,4,1,0,1,0,0,0,0,0,0,2,2,0
CHILDRESS COUNTY,075,93 Years,9,3,6,8,3,5,1,0,1,0,0,0,0,0,0,0,0,0
CHILDRESS COUNTY,075,94 Years,5,1,4,4,1,3,0,0,0,0,0,0,0,0,0,1,0,1
CHILDRESS COUNTY,075,95 Years +,17,5,12,13,3,10,3,1,2,0,0,0,0,0,0,1,1,0
CLAY COUNTY,077,All Ages,10377,5197,5180,9466,4768,4698,52,31,21,29,11,18,294,137,157,536,250,286
CLAY COUNTY,077,< 1 Year,100,51,49,91,47,44,0,0,0,0,0,0,2,0,2,7,4,3
CLAY COUNTY,077,1 Years,97,48,49,87,45,42,0,0,0,0,0,0,5,1,4,5,2,3
CLAY COUNTY,077,2 Years,96,49,47,87,45,42,0,0,0,0,0,0,3,1,2,6,3,3
CLAY COUNTY,077,3 Years,99,49,50,87,44,43,0,0,0,0,0,0,3,1,2,9,4,5
CLAY COUNTY,077,4 Years,103,51,52,92,45,47,0,0,0,0,0,0,3,1,2,8,5,3
CLAY COUNTY,077,5 Years,102,48,54,90,42,48,0,0,0,0,0,0,4,1,3,8,5,3
CLAY COUNTY,077,6 Years,100,49,51,93,45,48,0,0,0,0,0,0,2,1,1,5,3,2
CLAY COUNTY,077,7 Years,134,66,68,121,60,61,0,0,0,1,0,1,3,1,2,9,5,4
CLAY COUNTY,077,8 Years,134,66,68,114,59,55,1,1,0,0,0,0,5,1,4,14,5,9
CLAY COUNTY,077,9 Years,135,68,67,116,57,59,1,1,0,0,0,0,7,3,4,11,7,4
CLAY COUNTY,077,10 Years,118,62,56,103,53,50,2,1,1,0,0,0,4,2,2,9,6,3
CLAY COUNTY,077,11 Years,117,69,48,98,57,41,1,1,0,1,1,0,4,3,1,13,7,6
CLAY COUNTY,077,12 Years,125,58,67,109,53,56,0,0,0,0,0,0,5,2,3,11,3,8
CLAY COUNTY,077,13 Years,127,63,64,115,57,58,0,0,0,0,0,0,4,2,2,8,4,4
CLAY COUNTY,077,14 Years,124,65,59,112,58,54,1,0,1,0,0,0,3,2,1,8,5,3
CLAY COUNTY,077,15 Years,117,65,52,101,56,45,2,2,0,0,0,0,4,2,2,10,5,5
CLAY COUNTY,077,16 Years,121,62,59,106,56,50,1,0,1,0,0,0,4,2,2,10,4,6
CLAY COUNTY,077,17 Years,117,61,56,101,56,45,1,0,1,0,0,0,3,1,2,12,4,8
CLAY COUNTY,077,18 Years,100,48,52,85,45,40,0,0,0,0,0,0,3,1,2,12,2,10
CLAY COUNTY,077,19 Years,89,48,41,77,44,33,1,1,0,0,0,0,3,2,1,8,1,7
CLAY COUNTY,077,20 Years,95,52,43,77,43,34,0,0,0,0,0,0,6,4,2,12,5,7
CLAY COUNTY,077,21 Years,99,48,51,79,41,38,2,1,1,0,0,0,6,2,4,12,4,8
CLAY COUNTY,077,22 Years,100,54,46,80,43,37,1,1,0,0,0,0,4,2,2,15,8,7
CLAY COUNTY,077,23 Years,120,69,51,99,60,39,1,0,1,0,0,0,7,5,2,13,4,9
CLAY COUNTY,077,24 Years,118,62,56,99,51,48,1,0,1,0,0,0,7,6,1,11,5,6
CLAY COUNTY,077,25 Years,131,71,60,119,66,53,2,1,1,1,1,0,2,1,1,7,2,5
CLAY COUNTY,077,26 Years,121,61,60,110,56,54,2,2,0,0,0,0,1,0,1,8,3,5
CLAY COUNTY,077,27 Years,119,56,63,107,52,55,3,1,2,1,1,0,2,0,2,6,2,4
CLAY COUNTY,077,28 Years,102,51,51,93,46,47,0,0,0,1,1,0,2,1,1,6,3,3
CLAY COUNTY,077,29 Years,100,57,43,95,53,42,2,2,0,1,1,0,0,0,0,2,1,1
CLAY COUNTY,077,30 Years,93,48,45,84,44,40,2,1,1,1,0,1,1,1,0,5,2,3
CLAY COUNTY,077,31 Years,89,46,43,84,44,40,1,0,1,0,0,0,1,1,0,3,1,2
CLAY COUNTY,077,32 Years,105,57,48,99,54,45,0,0,0,0,0,0,3,1,2,3,2,1
CLAY COUNTY,077,33 Years,94,40,54,88,37,51,0,0,0,0,0,0,3,2,1,3,1,2
CLAY COUNTY,077,34 Years,104,42,62,95,39,56,0,0,0,0,0,0,4,1,3,5,2,3
CLAY COUNTY,077,35 Years,104,48,56,95,44,51,0,0,0,0,0,0,2,0,2,7,4,3
CLAY COUNTY,077,36 Years,102,54,48,95,53,42,0,0,0,0,0,0,3,0,3,4,1,3
CLAY COUNTY,077,37 Years,112,63,49,103,59,44,0,0,0,0,0,0,3,1,2,6,3,3
CLAY COUNTY,077,38 Years,108,62,46,93,54,39,0,0,0,2,0,2,4,2,2,9,6,3
CLAY COUNTY,077,39 Years,123,61,62,111,55,56,1,1,0,1,0,1,3,2,1,7,3,4
CLAY COUNTY,077,40 Years,122,66,56,109,57,52,0,0,0,2,1,1,3,2,1,8,6,2
CLAY COUNTY,077,41 Years,122,64,58,107,57,50,0,0,0,2,1,1,4,0,4,9,6,3
CLAY COUNTY,077,42 Years,103,46,57,94,43,51,0,0,0,1,1,0,2,1,1,6,1,5
CLAY COUNTY,077,43 Years,106,56,50,92,49,43,3,1,2,0,0,0,3,1,2,8,5,3
CLAY COUNTY,077,44 Years,102,53,49,89,46,43,1,0,1,0,0,0,3,1,2,9,6,3
CLAY COUNTY,077,45 Years,113,46,67,101,43,58,2,1,1,3,0,3,1,0,1,6,2,4
CLAY COUNTY,077,46 Years,125,60,65,114,56,58,1,1,0,0,0,0,6,1,5,4,2,2
CLAY COUNTY,077,47 Years,136,63,73,122,56,66,0,0,0,2,1,1,3,1,2,9,5,4
CLAY COUNTY,077,48 Years,126,65,61,118,61,57,0,0,0,0,0,0,3,2,1,5,2,3
CLAY COUNTY,077,49 Years,132,65,67,119,56,63,0,0,0,0,0,0,7,5,2,6,4,2
CLAY COUNTY,077,50 Years,127,67,60,116,63,53,0,0,0,1,0,1,5,2,3,5,2,3
CLAY COUNTY,077,51 Years,126,62,64,116,58,58,0,0,0,0,0,0,2,1,1,8,3,5
CLAY COUNTY,077,52 Years,145,72,73,133,67,66,1,0,1,0,0,0,5,2,3,6,3,3
CLAY COUNTY,077,53 Years,170,83,87,159,79,80,2,2,0,0,0,0,5,2,3,4,0,4
CLAY COUNTY,077,54 Years,174,88,86,158,81,77,0,0,0,0,0,0,10,3,7,6,4,2
CLAY COUNTY,077,55 Years,167,87,80,150,79,71,1,1,0,1,0,1,4,2,2,11,5,6
CLAY COUNTY,077,56 Years,170,86,84,158,81,77,1,0,1,0,0,0,2,1,1,9,4,5
CLAY COUNTY,077,57 Years,179,97,82,165,89,76,1,0,1,1,1,0,4,3,1,8,4,4
CLAY COUNTY,077,58 Years,176,89,87,162,83,79,1,0,1,1,1,0,4,3,1,8,2,6
CLAY COUNTY,077,59 Years,185,97,88,173,88,85,1,1,0,0,0,0,5,3,2,6,5,1
CLAY COUNTY,077,60 Years,167,90,77,155,83,72,2,1,1,0,0,0,6,5,1,4,1,3
CLAY COUNTY,077,61 Years,175,79,96,170,76,94,0,0,0,0,0,0,2,2,0,3,1,2
CLAY COUNTY,077,62 Years,188,99,89,182,95,87,0,0,0,0,0,0,3,2,1,3,2,1
CLAY COUNTY,077,63 Years,185,100,85,178,96,82,1,1,0,0,0,0,5,2,3,1,1,0
CLAY COUNTY,077,64 Years,181,88,93,170,83,87,0,0,0,0,0,0,4,1,3,7,4,3
CLAY COUNTY,077,65 Years,170,83,87,161,79,82,1,1,0,0,0,0,4,2,2,4,1,3
CLAY COUNTY,077,66 Years,146,78,68,139,75,64,1,1,0,0,0,0,4,1,3,2,1,1
CLAY COUNTY,077,67 Years,137,71,66,130,67,63,0,0,0,0,0,0,3,2,1,4,2,2
CLAY COUNTY,077,68 Years,139,68,71,135,66,69,0,0,0,0,0,0,1,1,0,3,1,2
CLAY COUNTY,077,69 Years,143,74,69,135,68,67,1,1,0,0,0,0,4,3,1,3,2,1
CLAY COUNTY,077,70 Years,139,69,70,130,67,63,0,0,0,0,0,0,5,1,4,4,1,3
CLAY COUNTY,077,71 Years,106,50,56,98,46,52,0,0,0,0,0,0,4,2,2,4,2,2
CLAY COUNTY,077,72 Years,113,53,60,107,50,57,0,0,0,1,0,1,3,1,2,2,2,0
CLAY COUNTY,077,73 Years,118,54,64,117,54,63,0,0,0,0,0,0,1,0,1,0,0,0
CLAY COUNTY,077,74 Years,116,53,63,110,51,59,0,0,0,0,0,0,3,1,2,3,1,2
CLAY COUNTY,077,75 Years,92,48,44,88,44,44,0,0,0,0,0,0,2,2,0,2,2,0
CLAY COUNTY,077,76 Years,77,37,40,73,36,37,0,0,0,0,0,0,2,1,1,2,0,2
CLAY COUNTY,077,77 Years,71,33,38,66,31,35,1,1,0,0,0,0,2,1,1,2,0,2
CLAY COUNTY,077,78 Years,90,39,51,84,37,47,1,1,0,1,0,1,2,1,1,2,0,2
CLAY COUNTY,077,79 Years,82,42,40,76,39,37,0,0,0,0,0,0,5,2,3,1,1,0
CLAY COUNTY,077,80 Years,63,31,32,59,29,30,0,0,0,0,0,0,2,1,1,2,1,1
CLAY COUNTY,077,81 Years,60,32,28,58,32,26,0,0,0,1,0,1,0,0,0,1,0,1
CLAY COUNTY,077,82 Years,53,29,24,50,26,24,0,0,0,0,0,0,1,1,0,2,2,0
CLAY COUNTY,077,83 Years,56,22,34,54,22,32,0,0,0,2,0,2,0,0,0,0,0,0
CLAY COUNTY,077,84 Years,49,19,30,45,17,28,0,0,0,0,0,0,2,1,1,2,1,1
CLAY COUNTY,077,85 Years,44,18,26,42,17,25,0,0,0,0,0,0,2,1,1,0,0,0
CLAY COUNTY,077,86 Years,36,14,22,35,13,22,0,0,0,0,0,0,1,1,0,0,0,0
CLAY COUNTY,077,87 Years,33,11,22,32,11,21,0,0,0,0,0,0,0,0,0,1,0,1
CLAY COUNTY,077,88 Years,28,10,18,27,9,18,0,0,0,0,0,0,0,0,0,1,1,0
CLAY COUNTY,077,89 Years,28,10,18,28,10,18,0,0,0,0,0,0,0,0,0,0,0,0
CLAY COUNTY,077,90 Years,24,10,14,23,9,14,0,0,0,0,0,0,0,0,0,1,1,0
CLAY COUNTY,077,91 Years,16,7,9,15,6,9,0,0,0,0,0,0,0,0,0,1,1,0
CLAY COUNTY,077,92 Years,14,5,9,12,4,8,0,0,0,0,0,0,2,1,1,0,0,0
CLAY COUNTY,077,93 Years,11,4,7,11,4,7,0,0,0,0,0,0,0,0,0,0,0,0
CLAY COUNTY,077,94 Years,8,3,5,8,3,5,0,0,0,0,0,0,0,0,0,0,0,0
CLAY COUNTY,077,95 Years +,19,4,15,18,3,15,0,0,0,0,0,0,0,0,0,1,1,0
COCHRAN COUNTY,079,All Ages,2922,1464,1458,1072,543,529,104,50,54,4,0,4,33,18,15,1709,853,856
COCHRAN COUNTY,079,< 1 Year,42,24,18,12,9,3,0,0,0,0,0,0,2,1,1,28,14,14
COCHRAN COUNTY,079,1 Years,44,22,22,12,7,5,2,0,2,0,0,0,2,1,1,28,14,14
COCHRAN COUNTY,079,2 Years,45,26,19,17,12,5,0,0,0,0,0,0,1,1,0,27,13,14
COCHRAN COUNTY,079,3 Years,46,25,21,18,10,8,0,0,0,0,0,0,0,0,0,28,15,13
COCHRAN COUNTY,079,4 Years,48,28,20,17,11,6,0,0,0,0,0,0,0,0,0,31,17,14
COCHRAN COUNTY,079,5 Years,52,30,22,17,9,8,0,0,0,0,0,0,1,1,0,34,20,14
COCHRAN COUNTY,079,6 Years,56,30,26,17,8,9,1,1,0,0,0,0,2,1,1,36,20,16
COCHRAN COUNTY,079,7 Years,51,32,19,15,6,9,0,0,0,0,0,0,0,0,0,36,26,10
COCHRAN COUNTY,079,8 Years,48,23,25,10,4,6,0,0,0,0,0,0,0,0,0,38,19,19
COCHRAN COUNTY,079,9 Years,42,25,17,12,7,5,0,0,0,0,0,0,0,0,0,30,18,12
COCHRAN COUNTY,079,10 Years,46,18,28,10,3,7,1,0,1,0,0,0,0,0,0,35,15,20
COCHRAN COUNTY,079,11 Years,42,23,19,11,5,6,1,1,0,0,0,0,0,0,0,30,17,13
COCHRAN COUNTY,079,12 Years,43,20,23,11,7,4,2,1,1,0,0,0,1,0,1,29,12,17
COCHRAN COUNTY,079,13 Years,46,19,27,8,5,3,1,1,0,0,0,0,0,0,0,37,13,24
COCHRAN COUNTY,079,14 Years,50,29,21,9,6,3,0,0,0,0,0,0,0,0,0,41,23,18
COCHRAN COUNTY,079,15 Years,46,19,27,11,6,5,0,0,0,0,0,0,0,0,0,35,13,22
COCHRAN COUNTY,079,16 Years,43,14,29,13,4,9,1,0,1,0,0,0,0,0,0,29,10,19
COCHRAN COUNTY,079,17 Years,42,17,25,13,4,9,1,0,1,0,0,0,0,0,0,28,13,15
COCHRAN COUNTY,079,18 Years,46,27,19,11,6,5,2,2,0,0,0,0,0,0,0,33,19,14
COCHRAN COUNTY,079,19 Years,38,20,18,9,5,4,2,2,0,0,0,0,1,1,0,26,12,14
COCHRAN COUNTY,079,20 Years,38,21,17,8,5,3,3,1,2,0,0,0,2,1,1,25,14,11
COCHRAN COUNTY,079,21 Years,37,18,19,8,5,3,2,1,1,0,0,0,0,0,0,27,12,15
COCHRAN COUNTY,079,22 Years,37,20,17,8,6,2,1,1,0,1,0,1,0,0,0,27,13,14
COCHRAN COUNTY,079,23 Years,43,20,23,11,7,4,2,1,1,1,0,1,0,0,0,29,12,17
COCHRAN COUNTY,079,24 Years,44,23,21,11,8,3,2,0,2,0,0,0,0,0,0,31,15,16
COCHRAN COUNTY,079,25 Years,38,20,18,14,10,4,2,1,1,0,0,0,1,1,0,21,8,13
COCHRAN COUNTY,079,26 Years,45,24,21,17,10,7,2,1,1,0,0,0,1,0,1,25,13,12
COCHRAN COUNTY,079,27 Years,39,21,18,15,8,7,1,1,0,0,0,0,0,0,0,23,12,11
COCHRAN COUNTY,079,28 Years,39,20,19,17,10,7,1,1,0,0,0,0,0,0,0,21,9,12
COCHRAN COUNTY,079,29 Years,33,14,19,10,5,5,1,1,0,0,0,0,0,0,0,22,8,14
COCHRAN COUNTY,079,30 Years,38,17,21,12,4,8,1,0,1,0,0,0,0,0,0,25,13,12
COCHRAN COUNTY,079,31 Years,33,19,14,11,5,6,3,3,0,0,0,0,0,0,0,19,11,8
COCHRAN COUNTY,079,32 Years,34,18,16,13,6,7,0,0,0,0,0,0,0,0,0,21,12,9
COCHRAN COUNTY,079,33 Years,35,15,20,14,6,8,1,0,1,0,0,0,0,0,0,20,9,11
COCHRAN COUNTY,079,34 Years,24,10,14,10,4,6,1,1,0,0,0,0,0,0,0,13,5,8
COCHRAN COUNTY,079,35 Years,33,13,20,14,5,9,3,1,2,0,0,0,0,0,0,16,7,9
COCHRAN COUNTY,079,36 Years,38,20,18,8,4,4,1,0,1,0,0,0,0,0,0,29,16,13
COCHRAN COUNTY,079,37 Years,36,20,16,10,4,6,0,0,0,0,0,0,0,0,0,26,16,10
COCHRAN COUNTY,079,38 Years,26,17,9,9,5,4,1,1,0,0,0,0,0,0,0,16,11,5
COCHRAN COUNTY,079,39 Years,27,14,13,6,5,1,1,1,0,0,0,0,0,0,0,20,8,12
COCHRAN COUNTY,079,40 Years,27,14,13,10,5,5,0,0,0,0,0,0,0,0,0,17,9,8
COCHRAN COUNTY,079,41 Years,18,9,9,7,4,3,0,0,0,0,0,0,0,0,0,11,5,6
COCHRAN COUNTY,079,42 Years,22,10,12,9,4,5,0,0,0,0,0,0,0,0,0,13,6,7
COCHRAN COUNTY,079,43 Years,22,8,14,9,1,8,0,0,0,0,0,0,0,0,0,13,7,6
COCHRAN COUNTY,079,44 Years,23,8,15,12,4,8,0,0,0,0,0,0,0,0,0,11,4,7
COCHRAN COUNTY,079,45 Years,27,14,13,9,4,5,1,1,0,0,0,0,0,0,0,17,9,8
COCHRAN COUNTY,079,46 Years,32,15,17,8,3,5,1,1,0,0,0,0,0,0,0,23,11,12
COCHRAN COUNTY,079,47 Years,33,11,22,9,4,5,1,0,1,1,0,1,1,0,1,21,7,14
COCHRAN COUNTY,079,48 Years,30,12,18,10,3,7,1,0,1,1,0,1,0,0,0,18,9,9
COCHRAN COUNTY,079,49 Years,42,23,19,18,10,8,4,1,3,0,0,0,0,0,0,20,12,8
COCHRAN COUNTY,079,50 Years,31,18,13,13,8,5,3,1,2,0,0,0,0,0,0,15,9,6
COCHRAN COUNTY,079,51 Years,28,14,14,14,6,8,1,0,1,0,0,0,0,0,0,13,8,5
COCHRAN COUNTY,079,52 Years,38,17,21,16,6,10,1,1,0,0,0,0,0,0,0,21,10,11
COCHRAN COUNTY,079,53 Years,39,19,20,14,6,8,2,1,1,0,0,0,1,1,0,22,11,11
COCHRAN COUNTY,079,54 Years,45,24,21,19,10,9,2,0,2,0,0,0,0,0,0,24,14,10
COCHRAN COUNTY,079,55 Years,43,23,20,21,11,10,2,1,1,0,0,0,1,0,1,19,11,8
COCHRAN COUNTY,079,56 Years,38,19,19,20,10,10,2,0,2,0,0,0,1,0,1,15,9,6
COCHRAN COUNTY,079,57 Years,37,21,16,17,10,7,1,0,1,0,0,0,2,1,1,17,10,7
COCHRAN COUNTY,079,58 Years,36,17,19,17,7,10,2,1,1,0,0,0,1,0,1,16,9,7
COCHRAN COUNTY,079,59 Years,27,11,16,15,6,9,2,1,1,0,0,0,0,0,0,10,4,6
COCHRAN COUNTY,079,60 Years,30,9,21,16,6,10,3,1,2,0,0,0,0,0,0,11,2,9
COCHRAN COUNTY,079,61 Years,39,20,19,21,11,10,1,1,0,0,0,0,0,0,0,17,8,9
COCHRAN COUNTY,079,62 Years,38,17,21,22,11,11,1,0,1,0,0,0,1,0,1,14,6,8
COCHRAN COUNTY,079,63 Years,33,16,17,16,8,8,1,1,0,0,0,0,0,0,0,16,7,9
COCHRAN COUNTY,079,64 Years,28,14,14,15,7,8,1,0,1,0,0,0,0,0,0,12,7,5
COCHRAN COUNTY,079,65 Years,30,13,17,16,7,9,1,0,1,0,0,0,1,1,0,12,5,7
COCHRAN COUNTY,079,66 Years,27,15,12,14,7,7,1,1,0,0,0,0,0,0,0,12,7,5
COCHRAN COUNTY,079,67 Years,27,14,13,13,6,7,1,0,1,0,0,0,1,0,1,12,8,4
COCHRAN COUNTY,079,68 Years,30,15,15,9,5,4,2,1,1,0,0,0,1,0,1,18,9,9
COCHRAN COUNTY,079,69 Years,25,13,12,11,6,5,0,0,0,0,0,0,1,1,0,13,6,7
COCHRAN COUNTY,079,70 Years,24,12,12,12,6,6,2,1,1,0,0,0,0,0,0,10,5,5
COCHRAN COUNTY,079,71 Years,22,12,10,9,5,4,0,0,0,0,0,0,1,1,0,12,6,6
COCHRAN COUNTY,079,72 Years,21,11,10,11,5,6,1,1,0,0,0,0,0,0,0,9,5,4
COCHRAN COUNTY,079,73 Years,22,12,10,11,5,6,0,0,0,0,0,0,1,1,0,10,6,4
COCHRAN COUNTY,079,74 Years,19,10,9,9,4,5,0,0,0,0,0,0,1,1,0,9,5,4
COCHRAN COUNTY,079,75 Years,18,7,11,9,3,6,2,0,2,0,0,0,0,0,0,7,4,3
COCHRAN COUNTY,079,76 Years,22,9,13,12,5,7,2,2,0,0,0,0,0,0,0,8,2,6
COCHRAN COUNTY,079,77 Years,18,9,9,10,6,4,1,1,0,0,0,0,0,0,0,7,2,5
COCHRAN COUNTY,079,78 Years,19,9,10,10,5,5,1,0,1,0,0,0,1,1,0,7,3,4
COCHRAN COUNTY,079,79 Years,20,10,10,10,5,5,0,0,0,0,0,0,1,1,0,9,4,5
COCHRAN COUNTY,079,80 Years,17,9,8,10,6,4,0,0,0,0,0,0,0,0,0,7,3,4
COCHRAN COUNTY,079,81 Years,21,11,10,9,5,4,2,2,0,0,0,0,0,0,0,10,4,6
COCHRAN COUNTY,079,82 Years,16,10,6,7,4,3,2,1,1,0,0,0,0,0,0,7,5,2
COCHRAN COUNTY,079,83 Years,13,7,6,5,4,1,3,1,2,0,0,0,1,0,1,4,2,2
COCHRAN COUNTY,079,84 Years,12,7,5,5,3,2,2,1,1,0,0,0,1,1,0,4,2,2
COCHRAN COUNTY,079,85 Years,9,4,5,4,3,1,1,0,1,0,0,0,0,0,0,4,1,3
COCHRAN COUNTY,079,86 Years,9,6,3,5,3,2,1,1,0,0,0,0,0,0,0,3,2,1
COCHRAN COUNTY,079,87 Years,5,3,2,5,3,2,0,0,0,0,0,0,0,0,0,0,0,0
COCHRAN COUNTY,079,88 Years,5,2,3,4,2,2,0,0,0,0,0,0,0,0,0,1,0,1
COCHRAN COUNTY,079,89 Years,6,3,3,3,2,1,0,0,0,0,0,0,0,0,0,3,1,2
COCHRAN COUNTY,079,90 Years,6,4,2,4,2,2,1,1,0,0,0,0,0,0,0,1,1,0
COCHRAN COUNTY,079,91 Years,4,1,3,1,0,1,0,0,0,0,0,0,0,0,0,3,1,2
COCHRAN COUNTY,079,92 Years,2,1,1,1,1,0,0,0,0,0,0,0,0,0,0,1,0,1
COCHRAN COUNTY,079,93 Years,1,1,0,1,1,0,0,0,0,0,0,0,0,0,0,0,0,0
COCHRAN COUNTY,079,94 Years,5,2,3,2,1,1,1,0,1,0,0,0,0,0,0,2,1,1
COCHRAN COUNTY,079,95 Years +,8,4,4,4,2,2,1,0,1,0,0,0,0,0,0,3,2,1
COKE COUNTY,081,All Ages,3398,1663,1735,2663,1283,1380,7,5,2,3,1,2,61,29,32,664,345,319
COKE COUNTY,081,< 1 Year,40,18,22,34,15,19,0,0,0,0,0,0,0,0,0,6,3,3
COKE COUNTY,081,1 Years,37,20,17,31,17,14,0,0,0,0,0,0,1,0,1,5,3,2
COKE COUNTY,081,2 Years,38,20,18,31,18,13,0,0,0,0,0,0,1,0,1,6,2,4
COKE COUNTY,081,3 Years,34,20,14,30,18,12,0,0,0,0,0,0,0,0,0,4,2,2
COKE COUNTY,081,4 Years,30,15,15,26,14,12,0,0,0,0,0,0,0,0,0,4,1,3
COKE COUNTY,081,5 Years,30,16,14,25,14,11,0,0,0,0,0,0,0,0,0,5,2,3
COKE COUNTY,081,6 Years,29,14,15,24,12,12,0,0,0,0,0,0,0,0,0,5,2,3
COKE COUNTY,081,7 Years,34,16,18,25,9,16,1,0,1,0,0,0,1,1,0,7,6,1
COKE COUNTY,081,8 Years,29,15,14,19,7,12,0,0,0,0,0,0,1,1,0,9,7,2
COKE COUNTY,081,9 Years,37,20,17,25,14,11,0,0,0,0,0,0,0,0,0,12,6,6
COKE COUNTY,081,10 Years,35,21,14,23,15,8,0,0,0,0,0,0,1,0,1,11,6,5
COKE COUNTY,081,11 Years,38,20,18,25,15,10,0,0,0,0,0,0,1,0,1,12,5,7
COKE COUNTY,081,12 Years,29,18,11,17,11,6,0,0,0,0,0,0,0,0,0,12,7,5
COKE COUNTY,081,13 Years,29,10,19,17,6,11,0,0,0,0,0,0,0,0,0,12,4,8
COKE COUNTY,081,14 Years,39,13,26,26,9,17,0,0,0,0,0,0,0,0,0,13,4,9
COKE COUNTY,081,15 Years,48,21,27,33,15,18,0,0,0,0,0,0,2,1,1,13,5,8
COKE COUNTY,081,16 Years,56,27,29,40,19,21,0,0,0,0,0,0,1,1,0,15,7,8
COKE COUNTY,081,17 Years,54,26,28,40,17,23,0,0,0,0,0,0,1,1,0,13,8,5
COKE COUNTY,081,18 Years,42,23,19,34,18,16,0,0,0,0,0,0,0,0,0,8,5,3
COKE COUNTY,081,19 Years,37,17,20,27,11,16,0,0,0,0,0,0,1,1,0,9,5,4
COKE COUNTY,081,20 Years,40,20,20,26,14,12,0,0,0,0,0,0,3,0,3,11,6,5
COKE COUNTY,081,21 Years,39,22,17,27,15,12,0,0,0,0,0,0,3,2,1,9,5,4
COKE COUNTY,081,22 Years,41,22,19,27,13,14,0,0,0,0,0,0,2,1,1,12,8,4
COKE COUNTY,081,23 Years,36,21,15,25,14,11,0,0,0,0,0,0,0,0,0,11,7,4
COKE COUNTY,081,24 Years,49,31,18,30,20,10,0,0,0,0,0,0,4,3,1,15,8,7
COKE COUNTY,081,25 Years,40,25,15,23,15,8,1,1,0,0,0,0,1,1,0,15,8,7
COKE COUNTY,081,26 Years,29,16,13,17,9,8,0,0,0,0,0,0,1,1,0,11,6,5
COKE COUNTY,081,27 Years,28,15,13,17,8,9,1,1,0,0,0,0,0,0,0,10,6,4
COKE COUNTY,081,28 Years,30,14,16,21,9,12,1,1,0,0,0,0,0,0,0,8,4,4
COKE COUNTY,081,29 Years,22,15,7,16,11,5,0,0,0,0,0,0,1,1,0,5,3,2
COKE COUNTY,081,30 Years,23,14,9,12,7,5,0,0,0,1,0,1,1,1,0,9,6,3
COKE COUNTY,081,31 Years,27,14,13,18,9,9,0,0,0,1,1,0,0,0,0,8,4,4
COKE COUNTY,081,32 Years,29,17,12,21,10,11,0,0,0,0,0,0,1,1,0,7,6,1
COKE COUNTY,081,33 Years,40,24,16,33,19,14,0,0,0,0,0,0,0,0,0,7,5,2
COKE COUNTY,081,34 Years,28,14,14,24,12,12,0,0,0,0,0,0,0,0,0,4,2,2
COKE COUNTY,081,35 Years,30,11,19,26,11,15,0,0,0,0,0,0,2,0,2,2,0,2
COKE COUNTY,081,36 Years,32,17,15,24,11,13,0,0,0,0,0,0,0,0,0,8,6,2
COKE COUNTY,081,37 Years,31,13,18,21,8,13,0,0,0,0,0,0,2,0,2,8,5,3
COKE COUNTY,081,38 Years,33,14,19,26,12,14,0,0,0,0,0,0,1,0,1,6,2,4
COKE COUNTY,081,39 Years,29,14,15,24,11,13,1,1,0,0,0,0,0,0,0,4,2,2
COKE COUNTY,081,40 Years,27,13,14,23,11,12,0,0,0,0,0,0,0,0,0,4,2,2
COKE COUNTY,081,41 Years,29,15,14,21,12,9,0,0,0,1,0,1,1,1,0,6,2,4
COKE COUNTY,081,42 Years,30,15,15,24,13,11,0,0,0,0,0,0,1,1,0,5,1,4
COKE COUNTY,081,43 Years,25,11,14,19,8,11,0,0,0,0,0,0,0,0,0,6,3,3
COKE COUNTY,081,44 Years,28,13,15,21,11,10,0,0,0,0,0,0,1,0,1,6,2,4
COKE COUNTY,081,45 Years,27,9,18,23,8,15,0,0,0,0,0,0,0,0,0,4,1,3
COKE COUNTY,081,46 Years,25,12,13,19,9,10,0,0,0,0,0,0,0,0,0,6,3,3
COKE COUNTY,081,47 Years,32,16,16,25,12,13,0,0,0,0,0,0,0,0,0,7,4,3
COKE COUNTY,081,48 Years,43,23,20,34,18,16,0,0,0,0,0,0,0,0,0,9,5,4
COKE COUNTY,081,49 Years,37,20,17,25,14,11,0,0,0,0,0,0,0,0,0,12,6,6
COKE COUNTY,081,50 Years,42,23,19,30,16,14,0,0,0,0,0,0,0,0,0,12,7,5
COKE COUNTY,081,51 Years,37,18,19,23,10,13,0,0,0,0,0,0,0,0,0,14,8,6
COKE COUNTY,081,52 Years,60,24,36,49,18,31,0,0,0,0,0,0,0,0,0,11,6,5
COKE COUNTY,081,53 Years,53,25,28,41,20,21,0,0,0,0,0,0,1,0,1,11,5,6
COKE COUNTY,081,54 Years,48,24,24,36,17,19,1,0,1,0,0,0,0,0,0,11,7,4
COKE COUNTY,081,55 Years,54,28,26,42,21,21,0,0,0,0,0,0,2,1,1,10,6,4
COKE COUNTY,081,56 Years,56,27,29,46,22,24,0,0,0,0,0,0,1,1,0,9,4,5
COKE COUNTY,081,57 Years,45,20,25,31,15,16,0,0,0,0,0,0,0,0,0,14,5,9
COKE COUNTY,081,58 Years,52,25,27,41,19,22,0,0,0,0,0,0,2,2,0,9,4,5
COKE COUNTY,081,59 Years,50,24,26,41,20,21,1,1,0,0,0,0,1,1,0,7,2,5
COKE COUNTY,081,60 Years,52,27,25,44,23,21,0,0,0,0,0,0,0,0,0,8,4,4
COKE COUNTY,081,61 Years,47,24,23,41,19,22,0,0,0,0,0,0,0,0,0,6,5,1
COKE COUNTY,081,62 Years,47,26,21,42,23,19,0,0,0,0,0,0,0,0,0,5,3,2
COKE COUNTY,081,63 Years,58,29,29,47,24,23,0,0,0,0,0,0,0,0,0,11,5,6
COKE COUNTY,081,64 Years,53,26,27,46,23,23,0,0,0,0,0,0,0,0,0,7,3,4
COKE COUNTY,081,65 Years,46,22,24,42,20,22,0,0,0,0,0,0,0,0,0,4,2,2
COKE COUNTY,081,66 Years,46,23,23,44,21,23,0,0,0,0,0,0,0,0,0,2,2,0
COKE COUNTY,081,67 Years,47,21,26,42,19,23,0,0,0,0,0,0,1,1,0,4,1,3
COKE COUNTY,081,68 Years,55,24,31,46,20,26,0,0,0,0,0,0,1,1,0,8,3,5
COKE COUNTY,081,69 Years,52,22,30,46,19,27,0,0,0,0,0,0,0,0,0,6,3,3
COKE COUNTY,081,70 Years,52,21,31,42,18,24,0,0,0,0,0,0,2,0,2,8,3,5
COKE COUNTY,081,71 Years,35,10,25,29,10,19,0,0,0,0,0,0,2,0,2,4,0,4
COKE COUNTY,081,72 Years,43,17,26,37,14,23,0,0,0,0,0,0,2,1,1,4,2,2
COKE COUNTY,081,73 Years,50,24,26,42,20,22,0,0,0,0,0,0,3,1,2,5,3,2
COKE COUNTY,081,74 Years,44,18,26,38,17,21,0,0,0,0,0,0,1,0,1,5,1,4
COKE COUNTY,081,75 Years,40,17,23,34,14,20,0,0,0,0,0,0,1,0,1,5,3,2
COKE COUNTY,081,76 Years,40,16,24,35,13,22,0,0,0,0,0,0,1,0,1,4,3,1
COKE COUNTY,081,77 Years,41,21,20,38,20,18,0,0,0,0,0,0,1,0,1,2,1,1
COKE COUNTY,081,78 Years,36,21,15,35,20,15,0,0,0,0,0,0,0,0,0,1,1,0
COKE COUNTY,081,79 Years,31,13,18,29,11,18,0,0,0,0,0,0,0,0,0,2,2,0
COKE COUNTY,081,80 Years,35,21,14,31,18,13,0,0,0,0,0,0,1,1,0,3,2,1
COKE COUNTY,081,81 Years,33,17,16,29,16,13,0,0,0,0,0,0,0,0,0,4,1,3
COKE COUNTY,081,82 Years,25,12,13,21,11,10,0,0,0,0,0,0,0,0,0,4,1,3
COKE COUNTY,081,83 Years,23,12,11,19,10,9,0,0,0,0,0,0,0,0,0,4,2,2
COKE COUNTY,081,84 Years,18,10,8,16,8,8,0,0,0,0,0,0,0,0,0,2,2,0
COKE COUNTY,081,85 Years,17,6,11,16,5,11,0,0,0,0,0,0,0,0,0,1,1,0
COKE COUNTY,081,86 Years,25,14,11,20,9,11,0,0,0,0,0,0,0,0,0,5,5,0
COKE COUNTY,081,87 Years,26,11,15,24,10,14,0,0,0,0,0,0,0,0,0,2,1,1
COKE COUNTY,081,88 Years,14,5,9,11,4,7,0,0,0,0,0,0,0,0,0,3,1,2
COKE COUNTY,081,89 Years,15,4,11,12,4,8,0,0,0,0,0,0,0,0,0,3,0,3
COKE COUNTY,081,90 Years,9,3,6,9,3,6,0,0,0,0,0,0,0,0,0,0,0,0
COKE COUNTY,081,91 Years,10,5,5,6,3,3,0,0,0,0,0,0,1,0,1,3,2,1
COKE COUNTY,081,92 Years,9,4,5,6,2,4,0,0,0,0,0,0,1,0,1,2,2,0
COKE COUNTY,081,93 Years,8,3,5,8,3,5,0,0,0,0,0,0,0,0,0,0,0,0
COKE COUNTY,081,94 Years,4,2,2,4,2,2,0,0,0,0,0,0,0,0,0,0,0,0
COKE COUNTY,081,95 Years +,11,4,7,8,1,7,0,0,0,0,0,0,0,0,0,3,3,0
COLEMAN COUNTY,083,All Ages,8560,4299,4261,6514,3273,3241,223,107,116,35,15,20,196,93,103,1592,811,781
COLEMAN COUNTY,083,< 1 Year,92,52,40,64,35,29,6,1,5,0,0,0,0,0,0,22,16,6
COLEMAN COUNTY,083,1 Years,93,51,42,60,31,29,6,1,5,0,0,0,5,4,1,22,15,7
COLEMAN COUNTY,083,2 Years,93,49,44,59,35,24,6,2,4,0,0,0,8,3,5,20,9,11
COLEMAN COUNTY,083,3 Years,99,46,53,56,30,26,7,3,4,1,0,1,13,4,9,22,9,13
COLEMAN COUNTY,083,4 Years,108,53,55,62,34,28,7,4,3,0,0,0,12,4,8,27,11,16
COLEMAN COUNTY,083,5 Years,116,55,61,67,31,36,5,3,2,0,0,0,12,5,7,32,16,16
COLEMAN COUNTY,083,6 Years,121,61,60,73,38,35,6,1,5,0,0,0,8,4,4,34,18,16
COLEMAN COUNTY,083,7 Years,123,64,59,79,38,41,6,2,4,0,0,0,4,3,1,34,21,13
COLEMAN COUNTY,083,8 Years,96,45,51,66,29,37,3,2,1,0,0,0,2,1,1,25,13,12
COLEMAN COUNTY,083,9 Years,101,52,49,71,38,33,1,0,1,0,0,0,4,2,2,25,12,13
COLEMAN COUNTY,083,10 Years,114,54,60,68,32,36,2,1,1,0,0,0,4,1,3,40,20,20
COLEMAN COUNTY,083,11 Years,91,43,48,56,27,29,1,0,1,2,1,1,5,3,2,27,12,15
COLEMAN COUNTY,083,12 Years,106,56,50,74,39,35,2,1,1,1,1,0,2,2,0,27,13,14
COLEMAN COUNTY,083,13 Years,110,59,51,76,39,37,2,2,0,0,0,0,4,2,2,28,16,12
COLEMAN COUNTY,083,14 Years,116,60,56,82,43,39,4,1,3,0,0,0,2,2,0,28,14,14
COLEMAN COUNTY,083,15 Years,108,56,52,74,43,31,2,1,1,0,0,0,1,1,0,31,11,20
COLEMAN COUNTY,083,16 Years,112,61,51,84,47,37,1,0,1,0,0,0,1,1,0,26,13,13
COLEMAN COUNTY,083,17 Years,114,63,51,76,45,31,6,3,3,1,1,0,4,3,1,27,11,16
COLEMAN COUNTY,083,18 Years,124,74,50,87,55,32,1,0,1,2,1,1,1,1,0,33,17,16
COLEMAN COUNTY,083,19 Years,106,57,49,72,39,33,0,0,0,1,1,0,3,3,0,30,14,16
COLEMAN COUNTY,083,20 Years,98,51,47,65,32,33,3,3,0,1,1,0,3,2,1,26,13,13
COLEMAN COUNTY,083,21 Years,103,54,49,72,39,33,2,2,0,0,0,0,2,2,0,27,11,16
COLEMAN COUNTY,083,22 Years,84,48,36,56,33,23,1,1,0,0,0,0,1,1,0,26,13,13
COLEMAN COUNTY,083,23 Years,92,51,41,67,38,29,4,2,2,0,0,0,1,1,0,20,10,10
COLEMAN COUNTY,083,24 Years,106,57,49,75,40,35,6,4,2,1,1,0,2,0,2,22,12,10
COLEMAN COUNTY,083,25 Years,106,48,58,78,39,39,3,1,2,0,0,0,1,0,1,24,8,16
COLEMAN COUNTY,083,26 Years,92,49,43,68,36,32,3,2,1,2,0,2,0,0,0,19,11,8
COLEMAN COUNTY,083,27 Years,87,39,48,65,30,35,3,2,1,0,0,0,1,0,1,18,7,11
COLEMAN COUNTY,083,28 Years,79,43,36,55,32,23,1,1,0,0,0,0,1,0,1,22,10,12
COLEMAN COUNTY,083,29 Years,76,41,35,50,25,25,1,1,0,0,0,0,2,1,1,23,14,9
COLEMAN COUNTY,083,30 Years,79,35,44,55,19,36,3,1,2,0,0,0,2,1,1,19,14,5
COLEMAN COUNTY,083,31 Years,88,39,49,60,24,36,1,0,1,1,1,0,1,0,1,25,14,11
COLEMAN COUNTY,083,32 Years,73,34,39,56,26,30,1,0,1,0,0,0,1,0,1,15,8,7
COLEMAN COUNTY,083,33 Years,86,49,37,66,38,28,1,0,1,0,0,0,2,2,0,17,9,8
COLEMAN COUNTY,083,34 Years,86,44,42,61,31,30,2,1,1,2,0,2,1,1,0,20,11,9
COLEMAN COUNTY,083,35 Years,76,40,36,60,32,28,2,1,1,0,0,0,2,1,1,12,6,6
COLEMAN COUNTY,083,36 Years,76,42,34,59,33,26,1,0,1,0,0,0,1,1,0,15,8,7
COLEMAN COUNTY,083,37 Years,71,40,31,47,26,21,2,1,1,1,0,1,1,1,0,20,12,8
COLEMAN COUNTY,083,38 Years,80,45,35,58,30,28,1,1,0,0,0,0,1,1,0,20,13,7
COLEMAN COUNTY,083,39 Years,70,34,36,55,26,29,1,1,0,0,0,0,0,0,0,14,7,7
COLEMAN COUNTY,083,40 Years,81,36,45,64,29,35,1,0,1,0,0,0,2,0,2,14,7,7
COLEMAN COUNTY,083,41 Years,85,38,47,65,30,35,1,0,1,0,0,0,2,0,2,17,8,9
COLEMAN COUNTY,083,42 Years,92,43,49,70,35,35,3,1,2,0,0,0,1,0,1,18,7,11
COLEMAN COUNTY,083,43 Years,92,45,47,71,36,35,2,2,0,1,0,1,1,1,0,17,6,11
COLEMAN COUNTY,083,44 Years,89,44,45,66,32,34,2,2,0,1,1,0,1,1,0,19,8,11
COLEMAN COUNTY,083,45 Years,92,44,48,68,30,38,5,4,1,0,0,0,0,0,0,19,10,9
COLEMAN COUNTY,083,46 Years,104,50,54,80,38,42,2,1,1,2,1,1,1,0,1,19,10,9
COLEMAN COUNTY,083,47 Years,96,49,47,77,39,38,2,2,0,1,0,1,1,0,1,15,8,7
COLEMAN COUNTY,083,48 Years,91,49,42,68,38,30,1,0,1,0,0,0,1,0,1,21,11,10
COLEMAN COUNTY,083,49 Years,94,49,45,68,38,30,3,0,3,3,2,1,2,0,2,18,9,9
COLEMAN COUNTY,083,50 Years,86,49,37,65,38,27,1,0,1,3,1,2,2,0,2,15,10,5
COLEMAN COUNTY,083,51 Years,85,46,39,65,35,30,4,2,2,0,0,0,1,0,1,15,9,6
COLEMAN COUNTY,083,52 Years,88,47,41,66,36,30,3,1,2,0,0,0,2,0,2,17,10,7
COLEMAN COUNTY,083,53 Years,112,58,54,88,45,43,4,2,2,1,0,1,1,0,1,18,11,7
COLEMAN COUNTY,083,54 Years,100,48,52,81,39,42,3,1,2,0,0,0,1,0,1,15,8,7
COLEMAN COUNTY,083,55 Years,110,55,55,91,47,44,3,1,2,0,0,0,2,0,2,14,7,7
COLEMAN COUNTY,083,56 Years,113,59,54,89,45,44,3,2,1,0,0,0,1,0,1,20,12,8
COLEMAN COUNTY,083,57 Years,126,70,56,108,59,49,4,4,0,0,0,0,1,0,1,13,7,6
COLEMAN COUNTY,083,58 Years,128,67,61,110,57,53,3,2,1,0,0,0,3,1,2,12,7,5
COLEMAN COUNTY,083,59 Years,121,61,60,99,50,49,3,0,3,0,0,0,6,3,3,13,8,5
COLEMAN COUNTY,083,60 Years,109,55,54,88,45,43,3,0,3,1,0,1,4,3,1,13,7,6
COLEMAN COUNTY,083,61 Years,135,74,61,117,64,53,4,3,1,1,1,0,2,2,0,11,4,7
COLEMAN COUNTY,083,62 Years,134,70,64,114,63,51,4,2,2,0,0,0,4,2,2,12,3,9
COLEMAN COUNTY,083,63 Years,120,60,60,105,52,53,3,3,0,0,0,0,2,2,0,10,3,7
COLEMAN COUNTY,083,64 Years,108,47,61,93,40,53,3,1,2,0,0,0,1,1,0,11,5,6
COLEMAN COUNTY,083,65 Years,107,43,64,91,37,54,2,0,2,1,0,1,1,0,1,12,6,6
COLEMAN COUNTY,083,66 Years,108,47,61,95,40,55,3,3,0,0,0,0,2,0,2,8,4,4
COLEMAN COUNTY,083,67 Years,116,48,68,98,40,58,2,1,1,0,0,0,1,0,1,15,7,8
COLEMAN COUNTY,083,68 Years,129,59,70,109,50,59,3,1,2,1,0,1,1,0,1,15,8,7
COLEMAN COUNTY,083,69 Years,139,68,71,116,52,64,1,1,0,1,1,0,0,0,0,21,14,7
COLEMAN COUNTY,083,70 Years,119,57,62,101,47,54,2,1,1,0,0,0,1,0,1,15,9,6
COLEMAN COUNTY,083,71 Years,100,54,46,82,44,38,1,1,0,0,0,0,3,2,1,14,7,7
COLEMAN COUNTY,083,72 Years,110,54,56,87,41,46,3,2,1,0,0,0,4,3,1,16,8,8
COLEMAN COUNTY,083,73 Years,101,46,55,85,39,46,2,1,1,0,0,0,3,1,2,11,5,6
COLEMAN COUNTY,083,74 Years,89,48,41,78,43,35,2,1,1,0,0,0,1,1,0,8,3,5
COLEMAN COUNTY,083,75 Years,89,51,38,75,42,33,1,1,0,0,0,0,1,0,1,12,8,4
COLEMAN COUNTY,083,76 Years,84,43,41,70,35,35,0,0,0,0,0,0,1,0,1,13,8,5
COLEMAN COUNTY,083,77 Years,78,37,41,68,32,36,1,1,0,0,0,0,1,1,0,8,3,5
COLEMAN COUNTY,083,78 Years,73,33,40,61,28,33,3,2,1,0,0,0,1,0,1,8,3,5
COLEMAN COUNTY,083,79 Years,79,44,35,70,38,32,3,2,1,0,0,0,1,1,0,5,3,2
COLEMAN COUNTY,083,80 Years,69,35,34,58,29,29,1,0,1,0,0,0,3,1,2,7,5,2
COLEMAN COUNTY,083,81 Years,67,31,36,58,27,31,1,0,1,0,0,0,1,1,0,7,3,4
COLEMAN COUNTY,083,82 Years,64,30,34,56,27,29,1,0,1,0,0,0,1,1,0,6,2,4
COLEMAN COUNTY,083,83 Years,52,25,27,44,21,23,0,0,0,0,0,0,2,1,1,6,3,3
COLEMAN COUNTY,083,84 Years,47,22,25,43,20,23,1,0,1,0,0,0,0,0,0,3,2,1
COLEMAN COUNTY,083,85 Years,49,21,28,46,19,27,0,0,0,0,0,0,0,0,0,3,2,1
COLEMAN COUNTY,083,86 Years,43,15,28,37,13,24,1,0,1,0,0,0,0,0,0,5,2,3
COLEMAN COUNTY,083,87 Years,40,14,26,34,12,22,0,0,0,0,0,0,0,0,0,6,2,4
COLEMAN COUNTY,083,88 Years,40,15,25,34,14,20,0,0,0,1,0,1,0,0,0,5,1,4
COLEMAN COUNTY,083,89 Years,27,12,15,23,11,12,1,0,1,1,0,1,0,0,0,2,1,1
COLEMAN COUNTY,083,90 Years,20,8,12,17,8,9,1,0,1,0,0,0,0,0,0,2,0,2
COLEMAN COUNTY,083,91 Years,21,10,11,19,8,11,0,0,0,0,0,0,0,0,0,2,2,0
COLEMAN COUNTY,083,92 Years,18,8,10,15,7,8,0,0,0,0,0,0,1,0,1,2,1,1
COLEMAN COUNTY,083,93 Years,12,5,7,11,5,6,0,0,0,0,0,0,0,0,0,1,0,1
COLEMAN COUNTY,083,94 Years,8,3,5,8,3,5,0,0,0,0,0,0,0,0,0,0,0,0
COLEMAN COUNTY,083,95 Years +,20,6,14,15,4,11,1,0,1,0,0,0,0,0,0,4,2,2
COLLIN COUNTY,085,All Ages,974083,477864,496219,565901,277996,287905,92780,43526,49254,135010,66462,68548,30844,15103,15741,149548,74777,74771
COLLIN COUNTY,085,< 1 Year,12271,6256,6015,5636,2888,2748,1184,603,581,1815,899,916,907,456,451,2729,1410,1319
COLLIN COUNTY,085,1 Years,12509,6369,6140,5757,2931,2826,1183,601,582,1932,967,965,898,452,446,2739,1418,1321
COLLIN COUNTY,085,2 Years,12816,6519,6297,5984,3037,2947,1212,609,603,2005,1022,983,871,441,430,2744,1410,1334
COLLIN COUNTY,085,3 Years,12902,6544,6358,6133,3107,3026,1214,616,598,2018,1034,984,823,415,408,2714,1372,1342
COLLIN COUNTY,085,4 Years,12971,6593,6378,6171,3140,3031,1228,622,606,2042,1052,990,804,405,399,2726,1374,1352
COLLIN COUNTY,085,5 Years,13065,6653,6412,6205,3168,3037,1245,623,622,2076,1075,1001,786,394,392,2753,1393,1360
COLLIN COUNTY,085,6 Years,13309,6829,6480,6324,3240,3084,1284,645,639,2102,1094,1008,787,399,388,2812,1451,1361
COLLIN COUNTY,085,7 Years,12341,6242,6099,5856,2971,2885,1217,579,638,1901,968,933,700,357,343,2667,1367,1300
COLLIN COUNTY,085,8 Years,13683,6980,6703,6492,3333,3159,1281,625,656,2081,1070,1011,780,390,390,3049,1562,1487
COLLIN COUNTY,085,9 Years,14307,7235,7072,6842,3467,3375,1383,695,688,2229,1109,1120,772,395,377,3081,1569,1512
COLLIN COUNTY,085,10 Years,14405,7348,7057,7015,3567,3448,1430,734,696,2139,1100,1039,779,394,385,3042,1553,1489
COLLIN COUNTY,085,11 Years,14860,7574,7286,7440,3828,3612,1491,755,736,2162,1087,1075,752,387,365,3015,1517,1498
COLLIN COUNTY,085,12 Years,15407,7878,7529,7883,4050,3833,1581,786,795,2156,1079,1077,714,386,328,3073,1577,1496
COLLIN COUNTY,085,13 Years,15713,8114,7599,8176,4231,3945,1559,791,768,2219,1119,1100,719,381,338,3040,1592,1448
COLLIN COUNTY,085,14 Years,15775,8155,7620,8444,4383,4061,1564,824,740,2116,1079,1037,701,357,344,2950,1512,1438
COLLIN COUNTY,085,15 Years,15838,8094,7744,8656,4417,4239,1599,832,767,2050,1057,993,671,332,339,2862,1456,1406
COLLIN COUNTY,085,16 Years,16103,8237,7866,8939,4599,4340,1666,832,834,2017,1041,976,595,294,301,2886,1471,1415
COLLIN COUNTY,085,17 Years,16350,8270,8080,9228,4664,4564,1679,807,872,2015,1050,965,571,280,291,2857,1469,1388
COLLIN COUNTY,085,18 Years,15094,7765,7329,8559,4468,4091,1604,783,821,1763,907,856,530,263,267,2638,1344,1294
COLLIN COUNTY,085,19 Years,13490,7012,6478,7486,3923,3563,1518,807,711,1561,773,788,491,256,235,2434,1253,1181
COLLIN COUNTY,085,20 Years,12963,6580,6383,7104,3620,3484,1448,722,726,1595,791,804,501,265,236,2315,1182,1133
COLLIN COUNTY,085,21 Years,12874,6573,6301,7073,3678,3395,1396,703,693,1666,827,839,484,218,266,2255,1147,1108
COLLIN COUNTY,085,22 Years,12924,6613,6311,6978,3635,3343,1484,772,712,1708,847,861,511,240,271,2243,1119,1124
COLLIN COUNTY,085,23 Years,12825,6517,6308,6883,3529,3354,1467,751,716,1736,848,888,533,273,260,2206,1116,1090
COLLIN COUNTY,085,24 Years,12806,6436,6370,6823,3424,3399,1491,751,740,1798,884,914,525,261,264,2169,1116,1053
COLLIN COUNTY,085,25 Years,12377,6322,6055,6402,3279,3123,1451,726,725,1843,937,906,508,225,283,2173,1155,1018
COLLIN COUNTY,085,26 Years,11061,5690,5371,5473,2835,2638,1295,630,665,1719,871,848,443,222,221,2131,1132,999
COLLIN COUNTY,085,27 Years,10340,5205,5135,5108,2603,2505,1153,565,588,1562,751,811,399,194,205,2118,1092,1026
COLLIN COUNTY,085,28 Years,9965,5139,4826,4973,2541,2432,1087,539,548,1556,824,732,369,187,182,1980,1048,932
COLLIN COUNTY,085,29 Years,10111,4981,5130,4999,2458,2541,1022,491,531,1666,805,861,370,162,208,2054,1065,989
COLLIN COUNTY,085,30 Years,10496,5121,5375,5291,2566,2725,1086,533,553,1694,764,930,377,160,217,2048,1098,950
COLLIN COUNTY,085,31 Years,11236,5425,5811,5872,2850,3022,1091,512,579,1747,779,968,367,174,193,2159,1110,1049
COLLIN COUNTY,085,32 Years,11819,5682,6137,6188,3017,3171,1124,509,615,1929,864,1065,368,164,204,2210,1128,1082
COLLIN COUNTY,085,33 Years,12170,5811,6359,6201,2985,3216,1186,532,654,2238,1044,1194,347,154,193,2198,1096,1102
COLLIN COUNTY,085,34 Years,13060,6263,6797,6523,3151,3372,1363,600,763,2441,1187,1254,360,169,191,2373,1156,1217
COLLIN COUNTY,085,35 Years,13557,6420,7137,6783,3225,3558,1342,593,749,2593,1228,1365,348,153,195,2491,1221,1270
COLLIN COUNTY,085,36 Years,13733,6559,7174,7001,3368,3633,1429,604,825,2498,1203,1295,345,164,181,2460,1220,1240
COLLIN COUNTY,085,37 Years,14213,6810,7403,7286,3529,3757,1569,665,904,2507,1233,1274,329,148,181,2522,1235,1287
COLLIN COUNTY,085,38 Years,13991,6656,7335,7090,3330,3760,1597,704,893,2540,1235,1305,340,170,170,2424,1217,1207
COLLIN COUNTY,085,39 Years,14252,6822,7430,7356,3572,3784,1505,629,876,2540,1190,1350,347,165,182,2504,1266,1238
COLLIN COUNTY,085,40 Years,14473,6865,7608,7453,3547,3906,1531,682,849,2585,1204,1381,333,169,164,2571,1263,1308
COLLIN COUNTY,085,41 Years,14646,6937,7709,7497,3620,3877,1624,701,923,2655,1237,1418,305,144,161,2565,1235,1330
COLLIN COUNTY,085,42 Years,15236,7277,7959,7945,3794,4151,1727,755,972,2703,1309,1394,344,169,175,2517,1250,1267
COLLIN COUNTY,085,43 Years,15274,7381,7893,8059,3915,4144,1726,757,969,2674,1320,1354,333,158,175,2482,1231,1251
COLLIN COUNTY,085,44 Years,15463,7528,7935,8320,4079,4241,1684,743,941,2689,1335,1354,343,160,183,2427,1211,1216
COLLIN COUNTY,085,45 Years,16054,7838,8216,9070,4512,4558,1688,762,926,2649,1300,1349,345,155,190,2302,1109,1193
COLLIN COUNTY,085,46 Years,16840,8175,8665,9913,4893,5020,1799,784,1015,2501,1247,1254,368,173,195,2259,1078,1181
COLLIN COUNTY,085,47 Years,16391,8042,8349,9746,4773,4973,1667,778,889,2422,1250,1172,364,174,190,2192,1067,1125
COLLIN COUNTY,085,48 Years,15629,7769,7860,9492,4715,4777,1533,718,815,2310,1190,1120,336,164,172,1958,982,976
COLLIN COUNTY,085,49 Years,14680,7216,7464,9014,4469,4545,1459,648,811,2076,1060,1016,291,137,154,1840,902,938
COLLIN COUNTY,085,50 Years,13969,6899,7070,8732,4345,4387,1388,615,773,1823,947,876,262,111,151,1764,881,883
COLLIN COUNTY,085,51 Years,13913,6825,7088,8736,4247,4489,1366,639,727,1837,959,878,264,112,152,1710,868,842
COLLIN COUNTY,085,52 Years,14502,7041,7461,9390,4546,4844,1401,629,772,1785,919,866,270,126,144,1656,821,835
COLLIN COUNTY,085,53 Years,14762,7276,7486,9735,4851,4884,1357,606,751,1792,903,889,293,132,161,1585,784,801
COLLIN COUNTY,085,54 Years,14538,7118,7420,9776,4823,4953,1327,629,698,1703,834,869,269,132,137,1463,700,763
COLLIN COUNTY,085,55 Years,14005,6908,7097,9620,4777,4843,1283,596,687,1449,729,720,265,125,140,1388,681,707
COLLIN COUNTY,085,56 Years,13570,6707,6863,9469,4722,4747,1223,577,646,1350,681,669,257,111,146,1271,616,655
COLLIN COUNTY,085,57 Years,12981,6476,6505,9172,4597,4575,1137,548,589,1279,625,654,222,107,115,1171,599,572
COLLIN COUNTY,085,58 Years,12197,6058,6139,8681,4389,4292,1041,483,558,1173,561,612,216,107,109,1086,518,568
COLLIN COUNTY,085,59 Years,11450,5530,5920,8252,3989,4263,942,421,521,1083,537,546,203,109,94,970,474,496
COLLIN COUNTY,085,60 Years,11102,5350,5752,8032,3928,4104,909,376,533,1096,519,577,189,93,96,876,434,442
COLLIN COUNTY,085,61 Years,10429,4979,5450,7557,3637,3920,855,390,465,1044,495,549,191,94,97,782,363,419
COLLIN COUNTY,085,62 Years,10020,4724,5296,7347,3456,3891,742,342,400,972,464,508,188,96,92,771,366,405
COLLIN COUNTY,085,63 Years,9404,4430,4974,6961,3303,3658,666,303,363,904,418,486,159,76,83,714,330,384
COLLIN COUNTY,085,64 Years,8955,4214,4741,6608,3166,3442,630,265,365,919,416,503,132,66,66,666,301,365
COLLIN COUNTY,085,65 Years,8415,3866,4549,6318,2955,3363,556,216,340,838,372,466,110,55,55,593,268,325
COLLIN COUNTY,085,66 Years,7918,3606,4312,5889,2701,3188,555,224,331,814,375,439,114,56,58,546,250,296
COLLIN COUNTY,085,67 Years,7672,3484,4188,5663,2591,3072,508,222,286,827,354,473,120,54,66,554,263,291
COLLIN COUNTY,085,68 Years,7571,3426,4145,5795,2677,3118,463,172,291,714,319,395,105,49,56,494,209,285
COLLIN COUNTY,085,69 Years,7574,3420,4154,5934,2732,3202,437,166,271,667,297,370,96,48,48,440,177,263
COLLIN COUNTY,085,70 Years,7545,3444,4101,5989,2795,3194,400,169,231,648,273,375,93,38,55,415,169,246
COLLIN COUNTY,085,71 Years,6045,2774,3271,4727,2217,2510,332,149,183,530,230,300,68,28,40,388,150,238
COLLIN COUNTY,085,72 Years,5335,2455,2880,4172,1949,2223,272,105,167,485,235,250,63,27,36,343,139,204
COLLIN COUNTY,085,73 Years,5062,2281,2781,4039,1838,2201,240,97,143,411,188,223,56,27,29,316,131,185
COLLIN COUNTY,085,74 Years,4880,2248,2632,3919,1834,2085,220,91,129,387,167,220,66,38,28,288,118,170
COLLIN COUNTY,085,75 Years,4350,1988,2362,3490,1626,1864,186,77,109,363,157,206,60,33,27,251,95,156
COLLIN COUNTY,085,76 Years,3772,1668,2104,3003,1338,1665,174,68,106,326,141,185,51,30,21,218,91,127
COLLIN COUNTY,085,77 Years,3418,1515,1903,2723,1214,1509,147,53,94,326,150,176,37,19,18,185,79,106
COLLIN COUNTY,085,78 Years,3107,1396,1711,2426,1104,1322,113,44,69,332,162,170,37,16,21,199,70,129
COLLIN COUNTY,085,79 Years,2843,1268,1575,2210,1000,1210,113,39,74,273,136,137,35,17,18,212,76,136
COLLIN COUNTY,085,80 Years,2503,1122,1381,1955,890,1065,96,39,57,245,112,133,27,13,14,180,68,112
COLLIN COUNTY,085,81 Years,2321,1022,1299,1807,809,998,97,32,65,242,118,124,25,10,15,150,53,97
COLLIN COUNTY,085,82 Years,2049,878,1171,1585,675,910,84,30,54,197,98,99,19,6,13,164,69,95
COLLIN COUNTY,085,83 Years,1750,737,1013,1369,581,788,64,15,49,165,83,82,13,5,8,139,53,86
COLLIN COUNTY,085,84 Years,1528,638,890,1219,515,704,50,10,40,146,71,75,12,5,7,101,37,64
COLLIN COUNTY,085,85 Years,1313,542,771,1042,439,603,53,16,37,117,55,62,15,5,10,86,27,59
COLLIN COUNTY,085,86 Years,1225,474,751,986,381,605,37,9,28,105,51,54,16,7,9,81,26,55
COLLIN COUNTY,085,87 Years,1055,399,656,851,322,529,27,8,19,90,42,48,12,5,7,75,22,53
COLLIN COUNTY,085,88 Years,855,309,546,690,252,438,31,5,26,65,30,35,8,2,6,61,20,41
COLLIN COUNTY,085,89 Years,711,232,479,575,193,382,20,3,17,59,21,38,5,2,3,52,13,39
COLLIN COUNTY,085,90 Years,608,196,412,496,165,331,21,4,17,49,14,35,4,2,2,38,11,27
COLLIN COUNTY,085,91 Years,527,164,363,427,129,298,20,6,14,42,17,25,3,1,2,35,11,24
COLLIN COUNTY,085,92 Years,434,127,307,366,105,261,12,2,10,27,12,15,2,1,1,27,7,20
COLLIN COUNTY,085,93 Years,353,102,251,296,84,212,10,1,9,20,9,11,1,0,1,26,8,18
COLLIN COUNTY,085,94 Years,259,69,190,221,59,162,7,2,5,12,4,8,1,0,1,18,4,14
COLLIN COUNTY,085,95 Years +,620,159,461,509,126,383,22,5,17,40,16,24,6,2,4,43,10,33
COLLINGSWORTH COUNTY,087,All Ages,2977,1449,1528,1755,857,898,127,56,71,3,1,2,81,37,44,1011,498,513
COLLINGSWORTH COUNTY,087,< 1 Year,37,20,17,18,8,10,2,1,1,0,0,0,0,0,0,17,11,6
COLLINGSWORTH COUNTY,087,1 Years,32,16,16,16,6,10,2,1,1,0,0,0,0,0,0,14,9,5
COLLINGSWORTH COUNTY,087,2 Years,35,17,18,17,8,9,2,0,2,0,0,0,0,0,0,16,9,7
COLLINGSWORTH COUNTY,087,3 Years,36,16,20,17,9,8,2,0,2,0,0,0,3,1,2,14,6,8
COLLINGSWORTH COUNTY,087,4 Years,40,16,24,18,8,10,3,1,2,0,0,0,0,0,0,19,7,12
COLLINGSWORTH COUNTY,087,5 Years,52,21,31,26,10,16,2,1,1,0,0,0,0,0,0,24,10,14
COLLINGSWORTH COUNTY,087,6 Years,56,25,31,25,11,14,3,1,2,0,0,0,2,1,1,26,12,14
COLLINGSWORTH COUNTY,087,7 Years,62,29,33,24,12,12,2,0,2,0,0,0,5,3,2,31,14,17
COLLINGSWORTH COUNTY,087,8 Years,49,24,25,23,13,10,0,0,0,0,0,0,3,0,3,23,11,12
COLLINGSWORTH COUNTY,087,9 Years,44,18,26,20,7,13,0,0,0,0,0,0,1,0,1,23,11,12
COLLINGSWORTH COUNTY,087,10 Years,50,31,19,27,16,11,0,0,0,0,0,0,0,0,0,23,15,8
COLLINGSWORTH COUNTY,087,11 Years,48,28,20,18,10,8,0,0,0,0,0,0,1,1,0,29,17,12
COLLINGSWORTH COUNTY,087,12 Years,45,24,21,15,8,7,2,1,1,0,0,0,1,1,0,27,14,13
COLLINGSWORTH COUNTY,087,13 Years,34,14,20,14,5,9,1,0,1,0,0,0,2,2,0,17,7,10
COLLINGSWORTH COUNTY,087,14 Years,39,20,19,18,9,9,1,0,1,0,0,0,3,2,1,17,9,8
COLLINGSWORTH COUNTY,087,15 Years,47,20,27,19,9,10,2,1,1,0,0,0,3,1,2,23,9,14
COLLINGSWORTH COUNTY,087,16 Years,42,21,21,14,7,7,2,1,1,0,0,0,2,1,1,24,12,12
COLLINGSWORTH COUNTY,087,17 Years,40,24,16,18,10,8,1,1,0,0,0,0,1,0,1,20,13,7
COLLINGSWORTH COUNTY,087,18 Years,38,21,17,16,6,10,1,1,0,0,0,0,1,0,1,20,14,6
COLLINGSWORTH COUNTY,087,19 Years,32,15,17,17,7,10,2,2,0,0,0,0,2,1,1,11,5,6
COLLINGSWORTH COUNTY,087,20 Years,38,18,20,16,8,8,2,0,2,0,0,0,2,1,1,18,9,9
COLLINGSWORTH COUNTY,087,21 Years,40,19,21,14,6,8,2,1,1,0,0,0,1,1,0,23,11,12
COLLINGSWORTH COUNTY,087,22 Years,33,17,16,13,7,6,2,1,1,0,0,0,0,0,0,18,9,9
COLLINGSWORTH COUNTY,087,23 Years,36,16,20,20,10,10,1,0,1,0,0,0,1,0,1,14,6,8
COLLINGSWORTH COUNTY,087,24 Years,38,17,21,19,9,10,1,0,1,0,0,0,1,0,1,17,8,9
COLLINGSWORTH COUNTY,087,25 Years,40,22,18,18,12,6,3,2,1,0,0,0,1,0,1,18,8,10
COLLINGSWORTH COUNTY,087,26 Years,27,13,14,10,5,5,2,0,2,0,0,0,1,0,1,14,8,6
COLLINGSWORTH COUNTY,087,27 Years,29,17,12,14,8,6,0,0,0,0,0,0,0,0,0,15,9,6
COLLINGSWORTH COUNTY,087,28 Years,25,11,14,12,6,6,1,0,1,0,0,0,2,0,2,10,5,5
COLLINGSWORTH COUNTY,087,29 Years,29,13,16,15,8,7,0,0,0,0,0,0,1,0,1,13,5,8
COLLINGSWORTH COUNTY,087,30 Years,28,15,13,16,9,7,1,0,1,0,0,0,1,1,0,10,5,5
COLLINGSWORTH COUNTY,087,31 Years,36,16,20,21,8,13,3,2,1,0,0,0,0,0,0,12,6,6
COLLINGSWORTH COUNTY,087,32 Years,41,18,23,24,11,13,3,2,1,0,0,0,0,0,0,14,5,9
COLLINGSWORTH COUNTY,087,33 Years,38,20,18,19,13,6,1,1,0,0,0,0,2,1,1,16,5,11
COLLINGSWORTH COUNTY,087,34 Years,32,17,15,18,10,8,1,1,0,1,1,0,0,0,0,12,5,7
COLLINGSWORTH COUNTY,087,35 Years,28,19,9,13,8,5,2,1,1,0,0,0,0,0,0,13,10,3
COLLINGSWORTH COUNTY,087,36 Years,32,20,12,16,10,6,2,2,0,1,0,1,1,0,1,12,8,4
COLLINGSWORTH COUNTY,087,37 Years,39,22,17,22,14,8,1,1,0,0,0,0,1,1,0,15,6,9
COLLINGSWORTH COUNTY,087,38 Years,31,16,15,17,8,9,0,0,0,0,0,0,1,1,0,13,7,6
COLLINGSWORTH COUNTY,087,39 Years,32,17,15,18,10,8,1,0,1,0,0,0,1,1,0,12,6,6
COLLINGSWORTH COUNTY,087,40 Years,33,16,17,22,11,11,1,0,1,0,0,0,0,0,0,10,5,5
COLLINGSWORTH COUNTY,087,41 Years,32,15,17,20,9,11,1,0,1,0,0,0,1,1,0,10,5,5
COLLINGSWORTH COUNTY,087,42 Years,33,17,16,19,12,7,2,1,1,0,0,0,0,0,0,12,4,8
COLLINGSWORTH COUNTY,087,43 Years,25,12,13,18,9,9,0,0,0,0,0,0,0,0,0,7,3,4
COLLINGSWORTH COUNTY,087,44 Years,30,16,14,21,11,10,0,0,0,0,0,0,0,0,0,9,5,4
COLLINGSWORTH COUNTY,087,45 Years,27,15,12,14,7,7,0,0,0,0,0,0,0,0,0,13,8,5
COLLINGSWORTH COUNTY,087,46 Years,28,11,17,15,5,10,0,0,0,0,0,0,1,1,0,12,5,7
COLLINGSWORTH COUNTY,087,47 Years,26,12,14,14,7,7,1,0,1,0,0,0,0,0,0,11,5,6
COLLINGSWORTH COUNTY,087,48 Years,29,15,14,20,8,12,2,2,0,0,0,0,0,0,0,7,5,2
COLLINGSWORTH COUNTY,087,49 Years,29,12,17,18,8,10,3,0,3,0,0,0,2,1,1,6,3,3
COLLINGSWORTH COUNTY,087,50 Years,35,21,14,22,14,8,1,0,1,0,0,0,2,1,1,10,6,4
COLLINGSWORTH COUNTY,087,51 Years,35,19,16,22,12,10,1,1,0,0,0,0,1,1,0,11,5,6
COLLINGSWORTH COUNTY,087,52 Years,43,20,23,24,13,11,0,0,0,0,0,0,2,1,1,17,6,11
COLLINGSWORTH COUNTY,087,53 Years,38,16,22,24,11,13,2,0,2,0,0,0,2,1,1,10,4,6
COLLINGSWORTH COUNTY,087,54 Years,34,15,19,24,12,12,1,0,1,1,0,1,0,0,0,8,3,5
COLLINGSWORTH COUNTY,087,55 Years,34,20,14,21,13,8,3,2,1,0,0,0,1,1,0,9,4,5
COLLINGSWORTH COUNTY,087,56 Years,46,16,30,30,11,19,1,1,0,0,0,0,3,1,2,12,3,9
COLLINGSWORTH COUNTY,087,57 Years,39,21,18,26,14,12,2,1,1,0,0,0,2,1,1,9,5,4
COLLINGSWORTH COUNTY,087,58 Years,43,22,21,30,14,16,2,2,0,0,0,0,2,1,1,9,5,4
COLLINGSWORTH COUNTY,087,59 Years,33,14,19,25,12,13,0,0,0,0,0,0,0,0,0,8,2,6
COLLINGSWORTH COUNTY,087,60 Years,33,17,16,23,12,11,0,0,0,0,0,0,1,0,1,9,5,4
COLLINGSWORTH COUNTY,087,61 Years,46,22,24,33,14,19,3,1,2,0,0,0,2,1,1,8,6,2
COLLINGSWORTH COUNTY,087,62 Years,45,23,22,30,15,15,4,2,2,0,0,0,1,0,1,10,6,4
COLLINGSWORTH COUNTY,087,63 Years,42,25,17,33,20,13,3,2,1,0,0,0,0,0,0,6,3,3
COLLINGSWORTH COUNTY,087,64 Years,34,17,17,25,12,13,0,0,0,0,0,0,1,0,1,8,5,3
COLLINGSWORTH COUNTY,087,65 Years,29,13,16,23,12,11,0,0,0,0,0,0,0,0,0,6,1,5
COLLINGSWORTH COUNTY,087,66 Years,37,14,23,25,10,15,4,3,1,0,0,0,2,1,1,6,0,6
COLLINGSWORTH COUNTY,087,67 Years,31,16,15,22,11,11,3,2,1,0,0,0,1,0,1,5,3,2
COLLINGSWORTH COUNTY,087,68 Years,29,17,12,19,11,8,1,0,1,0,0,0,3,2,1,6,4,2
COLLINGSWORTH COUNTY,087,69 Years,33,13,20,29,11,18,1,0,1,0,0,0,0,0,0,3,2,1
COLLINGSWORTH COUNTY,087,70 Years,40,17,23,35,15,20,2,0,2,0,0,0,0,0,0,3,2,1
COLLINGSWORTH COUNTY,087,71 Years,26,11,15,21,9,12,1,0,1,0,0,0,0,0,0,4,2,2
COLLINGSWORTH COUNTY,087,72 Years,22,11,11,20,10,10,1,0,1,0,0,0,0,0,0,1,1,0
COLLINGSWORTH COUNTY,087,73 Years,28,14,14,23,13,10,1,0,1,0,0,0,0,0,0,4,1,3
COLLINGSWORTH COUNTY,087,74 Years,27,10,17,22,8,14,1,0,1,0,0,0,0,0,0,4,2,2
COLLINGSWORTH COUNTY,087,75 Years,30,13,17,24,10,14,3,2,1,0,0,0,1,0,1,2,1,1
COLLINGSWORTH COUNTY,087,76 Years,27,15,12,23,11,12,2,2,0,0,0,0,0,0,0,2,2,0
COLLINGSWORTH COUNTY,087,77 Years,25,14,11,21,11,10,1,1,0,0,0,0,0,0,0,3,2,1
COLLINGSWORTH COUNTY,087,78 Years,19,8,11,15,7,8,3,1,2,0,0,0,0,0,0,1,0,1
COLLINGSWORTH COUNTY,087,79 Years,17,9,8,15,9,6,1,0,1,0,0,0,0,0,0,1,0,1
COLLINGSWORTH COUNTY,087,80 Years,14,7,7,11,5,6,1,1,0,0,0,0,0,0,0,2,1,1
COLLINGSWORTH COUNTY,087,81 Years,13,7,6,11,6,5,0,0,0,0,0,0,0,0,0,2,1,1
COLLINGSWORTH COUNTY,087,82 Years,16,6,10,13,5,8,2,1,1,0,0,0,0,0,0,1,0,1
COLLINGSWORTH COUNTY,087,83 Years,13,5,8,11,4,7,0,0,0,0,0,0,0,0,0,2,1,1
COLLINGSWORTH COUNTY,087,84 Years,12,6,6,10,5,5,1,1,0,0,0,0,0,0,0,1,0,1
COLLINGSWORTH COUNTY,087,85 Years,13,5,8,9,4,5,1,0,1,0,0,0,1,1,0,2,0,2
COLLINGSWORTH COUNTY,087,86 Years,15,5,10,13,5,8,0,0,0,0,0,0,1,0,1,1,0,1
COLLINGSWORTH COUNTY,087,87 Years,10,3,7,9,3,6,0,0,0,0,0,0,1,0,1,0,0,0
COLLINGSWORTH COUNTY,087,88 Years,5,2,3,5,2,3,0,0,0,0,0,0,0,0,0,0,0,0
COLLINGSWORTH COUNTY,087,89 Years,8,3,5,8,3,5,0,0,0,0,0,0,0,0,0,0,0,0
COLLINGSWORTH COUNTY,087,90 Years,6,2,4,6,2,4,0,0,0,0,0,0,0,0,0,0,0,0
COLLINGSWORTH COUNTY,087,91 Years,5,2,3,5,2,3,0,0,0,0,0,0,0,0,0,0,0,0
COLLINGSWORTH COUNTY,087,92 Years,6,3,3,4,2,2,2,1,1,0,0,0,0,0,0,0,0,0
COLLINGSWORTH COUNTY,087,93 Years,5,2,3,4,2,2,0,0,0,0,0,0,0,0,0,1,0,1
COLLINGSWORTH COUNTY,087,94 Years,4,1,3,3,1,2,1,0,1,0,0,0,0,0,0,0,0,0
COLLINGSWORTH COUNTY,087,95 Years +,10,3,7,8,3,5,2,0,2,0,0,0,0,0,0,0,0,0
COLORADO COUNTY,089,All Ages,21842,10914,10928,12010,5956,6054,2797,1338,1459,80,33,47,335,144,191,6620,3443,3177
COLORADO COUNTY,089,< 1 Year,275,136,139,93,49,44,30,13,17,0,0,0,20,4,16,132,70,62
COLORADO COUNTY,089,1 Years,279,138,141,94,50,44,33,16,17,0,0,0,20,5,15,132,67,65
COLORADO COUNTY,089,2 Years,277,135,142,94,48,46,38,19,19,0,0,0,12,4,8,133,64,69
COLORADO COUNTY,089,3 Years,276,135,141,90,46,44,38,21,17,0,0,0,13,4,9,135,64,71
COLORADO COUNTY,089,4 Years,269,134,135,88,44,44,33,19,14,2,0,2,15,5,10,131,66,65
COLORADO COUNTY,089,5 Years,261,133,128,86,47,39,32,19,13,1,0,1,13,4,9,129,63,66
COLORADO COUNTY,089,6 Years,269,136,133,91,48,43,36,18,18,1,1,0,12,4,8,129,65,64
COLORADO COUNTY,089,7 Years,314,172,142,105,60,45,45,18,27,0,0,0,8,2,6,156,92,64
COLORADO COUNTY,089,8 Years,278,151,127,95,55,40,35,16,19,0,0,0,7,3,4,141,77,64
COLORADO COUNTY,089,9 Years,285,145,140,104,48,56,33,18,15,2,2,0,7,5,2,139,72,67
COLORADO COUNTY,089,10 Years,287,155,132,100,52,48,40,22,18,1,1,0,7,4,3,139,76,63
COLORADO COUNTY,089,11 Years,282,145,137,100,50,50,36,23,13,2,0,2,6,3,3,138,69,69
COLORADO COUNTY,089,12 Years,275,141,134,101,54,47,33,16,17,2,1,1,8,4,4,131,66,65
COLORADO COUNTY,089,13 Years,289,147,142,104,61,43,40,14,26,2,0,2,5,3,2,138,69,69
COLORADO COUNTY,089,14 Years,290,144,146,113,65,48,45,18,27,0,0,0,5,1,4,127,60,67
COLORADO COUNTY,089,15 Years,277,138,139,104,61,43,36,15,21,4,3,1,5,3,2,128,56,72
COLORADO COUNTY,089,16 Years,292,151,141,108,62,46,45,22,23,2,1,1,4,2,2,133,64,69
COLORADO COUNTY,089,17 Years,290,151,139,106,57,49,53,23,30,1,0,1,3,0,3,127,71,56
COLORADO COUNTY,089,18 Years,261,144,117,101,57,44,42,24,18,3,2,1,2,1,1,113,60,53
COLORADO COUNTY,089,19 Years,246,134,112,95,51,44,35,20,15,1,0,1,5,3,2,110,60,50
COLORADO COUNTY,089,20 Years,242,128,114,93,47,46,37,21,16,1,0,1,4,3,1,107,57,50
COLORADO COUNTY,089,21 Years,223,107,116,96,41,55,32,18,14,1,0,1,5,3,2,89,45,44
COLORADO COUNTY,089,22 Years,228,120,108,106,54,52,31,21,10,2,0,2,5,3,2,84,42,42
COLORADO COUNTY,089,23 Years,265,143,122,127,72,55,42,23,19,1,1,0,4,2,2,91,45,46
COLORADO COUNTY,089,24 Years,272,146,126,141,73,68,39,24,15,0,0,0,5,2,3,87,47,40
COLORADO COUNTY,089,25 Years,281,156,125,135,67,68,50,33,17,0,0,0,4,2,2,92,54,38
COLORADO COUNTY,089,26 Years,262,134,128,125,58,67,38,22,16,0,0,0,3,1,2,96,53,43
COLORADO COUNTY,089,27 Years,216,99,117,95,37,58,23,8,15,0,0,0,3,1,2,95,53,42
COLORADO COUNTY,089,28 Years,209,100,109,94,43,51,38,20,18,0,0,0,2,0,2,75,37,38
COLORADO COUNTY,089,29 Years,230,120,110,104,49,55,42,24,18,0,0,0,3,2,1,81,45,36
COLORADO COUNTY,089,30 Years,253,146,107,123,73,50,33,16,17,1,0,1,3,1,2,93,56,37
COLORADO COUNTY,089,31 Years,228,119,109,112,56,56,28,14,14,1,0,1,1,0,1,86,49,37
COLORADO COUNTY,089,32 Years,218,105,113,123,53,70,21,11,10,0,0,0,2,1,1,72,40,32
COLORADO COUNTY,089,33 Years,212,110,102,105,52,53,37,22,15,1,0,1,1,1,0,68,35,33
COLORADO COUNTY,089,34 Years,219,102,117,85,41,44,43,22,21,1,0,1,2,2,0,88,37,51
COLORADO COUNTY,089,35 Years,223,119,104,94,49,45,30,12,18,1,1,0,1,1,0,97,56,41
COLORADO COUNTY,089,36 Years,259,147,112,119,69,50,27,9,18,2,1,1,2,1,1,109,67,42
COLORADO COUNTY,089,37 Years,239,116,123,105,48,57,25,9,16,3,2,1,2,1,1,104,56,48
COLORADO COUNTY,089,38 Years,226,98,128,100,42,58,36,16,20,1,1,0,2,1,1,87,38,49
COLORADO COUNTY,089,39 Years,217,111,106,107,58,49,29,17,12,0,0,0,2,0,2,79,36,43
COLORADO COUNTY,089,40 Years,222,104,118,110,53,57,26,11,15,0,0,0,1,0,1,85,40,45
COLORADO COUNTY,089,41 Years,210,102,108,103,46,57,27,14,13,0,0,0,2,1,1,78,41,37
COLORADO COUNTY,089,42 Years,211,107,104,101,55,46,22,10,12,1,0,1,2,1,1,85,41,44
COLORADO COUNTY,089,43 Years,201,106,95,96,54,42,27,13,14,2,1,1,0,0,0,76,38,38
COLORADO COUNTY,089,44 Years,220,113,107,120,63,57,24,11,13,1,1,0,1,1,0,74,37,37
COLORADO COUNTY,089,45 Years,244,128,116,126,70,56,31,11,20,2,1,1,3,1,2,82,45,37
COLORADO COUNTY,089,46 Years,224,120,104,121,64,57,29,15,14,1,1,0,4,1,3,69,39,30
COLORADO COUNTY,089,47 Years,240,124,116,142,71,71,26,10,16,2,0,2,3,2,1,67,41,26
COLORADO COUNTY,089,48 Years,253,124,129,144,72,72,34,15,19,1,0,1,2,1,1,72,36,36
COLORADO COUNTY,089,49 Years,246,122,124,157,78,79,25,14,11,4,1,3,1,0,1,59,29,30
COLORADO COUNTY,089,50 Years,242,114,128,144,75,69,26,5,21,4,1,3,2,1,1,66,32,34
COLORADO COUNTY,089,51 Years,230,120,110,137,74,63,27,11,16,1,1,0,2,2,0,63,32,31
COLORADO COUNTY,089,52 Years,257,138,119,154,84,70,37,20,17,0,0,0,0,0,0,66,34,32
COLORADO COUNTY,089,53 Years,279,132,147,163,77,86,38,13,25,1,0,1,4,3,1,73,39,34
COLORADO COUNTY,089,54 Years,289,155,134,173,92,81,42,22,20,1,1,0,2,1,1,71,39,32
COLORADO COUNTY,089,55 Years,279,132,147,169,78,91,37,19,18,1,1,0,3,1,2,69,33,36
COLORADO COUNTY,089,56 Years,319,156,163,207,98,109,43,21,22,1,1,0,5,1,4,63,35,28
COLORADO COUNTY,089,57 Years,350,180,170,232,118,114,43,24,19,2,1,1,7,4,3,66,33,33
COLORADO COUNTY,089,58 Years,323,163,160,216,107,109,41,16,25,1,1,0,3,3,0,62,36,26
COLORADO COUNTY,089,59 Years,318,152,166,206,104,102,42,12,30,1,0,1,1,1,0,68,35,33
COLORADO COUNTY,089,60 Years,335,162,173,229,110,119,40,19,21,3,0,3,1,1,0,62,32,30
COLORADO COUNTY,089,61 Years,321,160,161,218,109,109,41,20,21,3,1,2,1,0,1,58,30,28
COLORADO COUNTY,089,62 Years,301,155,146,216,113,103,40,19,21,1,0,1,1,0,1,43,23,20
COLORADO COUNTY,089,63 Years,319,156,163,227,111,116,42,18,24,2,2,0,2,1,1,46,24,22
COLORADO COUNTY,089,64 Years,330,158,172,239,113,126,37,18,19,0,0,0,3,1,2,51,26,25
COLORADO COUNTY,089,65 Years,303,150,153,227,109,118,31,17,14,1,0,1,3,1,2,41,23,18
COLORADO COUNTY,089,66 Years,289,148,141,222,116,106,29,15,14,0,0,0,4,2,2,34,15,19
COLORADO COUNTY,089,67 Years,290,152,138,226,114,112,27,14,13,0,0,0,4,3,1,33,21,12
COLORADO COUNTY,089,68 Years,279,132,147,213,103,110,23,10,13,0,0,0,3,1,2,40,18,22
COLORADO COUNTY,089,69 Years,262,128,134,199,97,102,33,15,18,0,0,0,2,1,1,28,15,13
COLORADO COUNTY,089,70 Years,253,123,130,195,92,103,29,14,15,1,1,0,2,2,0,26,14,12
COLORADO COUNTY,089,71 Years,224,112,112,167,79,88,22,12,10,0,0,0,7,4,3,28,17,11
COLORADO COUNTY,089,72 Years,224,114,110,167,84,83,23,11,12,0,0,0,6,3,3,28,16,12
COLORADO COUNTY,089,73 Years,223,120,103,171,87,84,27,14,13,0,0,0,2,2,0,23,17,6
COLORADO COUNTY,089,74 Years,224,118,106,179,89,90,22,14,8,1,0,1,1,1,0,21,14,7
COLORADO COUNTY,089,75 Years,198,97,101,162,82,80,18,9,9,0,0,0,0,0,0,18,6,12
COLORADO COUNTY,089,76 Years,193,80,113,154,67,87,19,7,12,0,0,0,1,0,1,19,6,13
COLORADO COUNTY,089,77 Years,183,81,102,141,62,79,20,8,12,0,0,0,0,0,0,22,11,11
COLORADO COUNTY,089,78 Years,156,71,85,116,54,62,20,6,14,0,0,0,0,0,0,20,11,9
COLORADO COUNTY,089,79 Years,145,67,78,110,53,57,17,4,13,0,0,0,0,0,0,18,10,8
COLORADO COUNTY,089,80 Years,137,64,73,106,53,53,14,5,9,0,0,0,0,0,0,17,6,11
COLORADO COUNTY,089,81 Years,134,61,73,103,50,53,14,3,11,0,0,0,1,0,1,16,8,8
COLORADO COUNTY,089,82 Years,116,55,61,84,42,42,18,5,13,0,0,0,0,0,0,14,8,6
COLORADO COUNTY,089,83 Years,104,45,59,85,38,47,8,2,6,0,0,0,2,1,1,9,4,5
COLORADO COUNTY,089,84 Years,109,45,64,85,36,49,13,2,11,0,0,0,2,1,1,9,6,3
COLORADO COUNTY,089,85 Years,114,49,65,90,39,51,16,6,10,0,0,0,0,0,0,8,4,4
COLORADO COUNTY,089,86 Years,99,39,60,80,31,49,11,5,6,0,0,0,1,1,0,7,2,5
COLORADO COUNTY,089,87 Years,91,37,54,74,30,44,9,3,6,0,0,0,2,1,1,6,3,3
COLORADO COUNTY,089,88 Years,76,35,41,62,28,34,8,4,4,0,0,0,0,0,0,6,3,3
COLORADO COUNTY,089,89 Years,78,27,51,64,20,44,8,4,4,0,0,0,0,0,0,6,3,3
COLORADO COUNTY,089,90 Years,62,23,39,50,18,32,7,3,4,0,0,0,0,0,0,5,2,3
COLORADO COUNTY,089,91 Years,47,19,28,36,13,23,4,3,1,1,0,1,0,0,0,6,3,3
COLORADO COUNTY,089,92 Years,38,11,27,31,8,23,3,1,2,0,0,0,1,0,1,3,2,1
COLORADO COUNTY,089,93 Years,32,8,24,26,7,19,3,0,3,0,0,0,1,0,1,2,1,1
COLORADO COUNTY,089,94 Years,32,11,21,24,7,17,5,2,3,0,0,0,0,0,0,3,2,1
COLORADO COUNTY,089,95 Years +,70,18,52,50,12,38,10,3,7,0,0,0,1,0,1,9,3,6
COMAL COUNTY,091,All Ages,140942,69386,71556,95396,46866,48530,2770,1461,1309,1187,385,802,2143,1036,1107,39446,19638,19808
COMAL COUNTY,091,< 1 Year,1493,727,766,818,412,406,22,9,13,6,3,3,54,26,28,593,277,316
COMAL COUNTY,091,1 Years,1624,814,810,887,456,431,27,10,17,9,5,4,56,29,27,645,314,331
COMAL COUNTY,091,2 Years,1685,864,821,926,478,448,25,11,14,10,5,5,59,28,31,665,342,323
COMAL COUNTY,091,3 Years,1731,911,820,957,500,457,25,10,15,10,5,5,59,29,30,680,367,313
COMAL COUNTY,091,4 Years,1674,887,787,946,491,455,24,12,12,8,5,3,52,27,25,644,352,292
COMAL COUNTY,091,5 Years,1669,869,800,951,496,455,23,10,13,6,3,3,43,23,20,646,337,309
COMAL COUNTY,091,6 Years,1684,872,812,963,499,464,23,11,12,8,3,5,40,20,20,650,339,311
COMAL COUNTY,091,7 Years,1537,776,761,848,438,410,22,3,19,6,5,1,34,10,24,627,320,307
COMAL COUNTY,091,8 Years,1705,873,832,968,473,495,23,14,9,6,5,1,31,16,15,677,365,312
COMAL COUNTY,091,9 Years,1790,912,878,992,511,481,34,17,17,15,2,13,32,18,14,717,364,353
COMAL COUNTY,091,10 Years,1779,901,878,1016,520,496,34,15,19,10,5,5,29,18,11,690,343,347
COMAL COUNTY,091,11 Years,1797,882,915,1027,504,523,32,17,15,10,6,4,36,20,16,692,335,357
COMAL COUNTY,091,12 Years,1828,894,934,1043,520,523,31,16,15,22,7,15,28,14,14,704,337,367
COMAL COUNTY,091,13 Years,1881,983,898,1053,572,481,26,8,18,26,7,19,26,14,12,750,382,368
COMAL COUNTY,091,14 Years,1914,1006,908,1119,604,515,30,13,17,23,6,17,36,18,18,706,365,341
COMAL COUNTY,091,15 Years,1797,917,880,1047,523,524,31,15,16,11,4,7,32,19,13,676,356,320
COMAL COUNTY,091,16 Years,1851,951,900,1058,535,523,44,26,18,6,2,4,31,19,12,712,369,343
COMAL COUNTY,091,17 Years,1894,1025,869,1109,598,511,45,29,16,10,4,6,36,21,15,694,373,321
COMAL COUNTY,091,18 Years,1675,868,807,949,499,450,52,36,16,7,2,5,31,14,17,636,317,319
COMAL COUNTY,091,19 Years,1553,805,748,848,445,403,42,27,15,10,5,5,28,16,12,625,312,313
COMAL COUNTY,091,20 Years,1532,795,737,874,478,396,36,18,18,8,5,3,29,12,17,585,282,303
COMAL COUNTY,091,21 Years,1517,787,730,867,462,405,36,17,19,8,7,1,32,12,20,574,289,285
COMAL COUNTY,091,22 Years,1564,796,768,887,454,433,44,22,22,5,3,2,31,12,19,597,305,292
COMAL COUNTY,091,23 Years,1732,848,884,1018,498,520,43,22,21,9,5,4,46,24,22,616,299,317
COMAL COUNTY,091,24 Years,1858,926,932,1119,552,567,48,31,17,8,6,2,50,29,21,633,308,325
COMAL COUNTY,091,25 Years,1874,978,896,1157,586,571,39,30,9,8,6,2,41,26,15,629,330,299
COMAL COUNTY,091,26 Years,1678,846,832,987,500,487,29,11,18,4,2,2,24,15,9,634,318,316
COMAL COUNTY,091,27 Years,1661,826,835,955,461,494,52,29,23,0,0,0,24,10,14,630,326,304
COMAL COUNTY,091,28 Years,1733,851,882,1062,527,535,45,24,21,10,6,4,31,9,22,585,285,300
COMAL COUNTY,091,29 Years,1639,807,832,1027,502,525,26,17,9,9,4,5,21,6,15,556,278,278
COMAL COUNTY,091,30 Years,1652,820,832,979,462,517,41,26,15,7,4,3,16,6,10,609,322,287
COMAL COUNTY,091,31 Years,1710,864,846,1027,487,540,30,20,10,14,2,12,18,9,9,621,346,275
COMAL COUNTY,091,32 Years,1706,865,841,1025,502,523,26,20,6,10,4,6,16,8,8,629,331,298
COMAL COUNTY,091,33 Years,1681,889,792,1023,519,504,35,21,14,13,6,7,22,12,10,588,331,257
COMAL COUNTY,091,34 Years,1652,816,836,1055,526,529,22,6,16,11,5,6,20,13,7,544,266,278
COMAL COUNTY,091,35 Years,1639,812,827,1062,533,529,23,15,8,18,4,14,21,12,9,515,248,267
COMAL COUNTY,091,36 Years,1670,840,830,1075,533,542,16,9,7,23,5,18,19,7,12,537,286,251
COMAL COUNTY,091,37 Years,1695,850,845,1079,548,531,28,15,13,20,4,16,19,7,12,549,276,273
COMAL COUNTY,091,38 Years,1537,706,831,962,443,519,26,8,18,19,4,15,21,7,14,509,244,265
COMAL COUNTY,091,39 Years,1562,814,748,1001,512,489,29,13,16,12,7,5,23,8,15,497,274,223
COMAL COUNTY,091,40 Years,1582,812,770,1001,482,519,25,19,6,29,16,13,15,7,8,512,288,224
COMAL COUNTY,091,41 Years,1568,797,771,978,491,487,24,18,6,22,7,15,19,8,11,525,273,252
COMAL COUNTY,091,42 Years,1661,820,841,1022,510,512,32,17,15,27,8,19,30,12,18,550,273,277
COMAL COUNTY,091,43 Years,1632,809,823,1062,516,546,26,6,20,16,6,10,22,8,14,506,273,233
COMAL COUNTY,091,44 Years,1723,847,876,1115,565,550,47,27,20,14,7,7,24,7,17,523,241,282
COMAL COUNTY,091,45 Years,1777,880,897,1163,562,601,32,22,10,26,8,18,17,6,11,539,282,257
COMAL COUNTY,091,46 Years,1881,919,962,1265,623,642,37,22,15,25,6,19,23,6,17,531,262,269
COMAL COUNTY,091,47 Years,1910,945,965,1328,674,654,44,27,17,21,5,16,27,9,18,490,230,260
COMAL COUNTY,091,48 Years,1801,894,907,1243,633,610,43,21,22,24,15,9,20,7,13,471,218,253
COMAL COUNTY,091,49 Years,1751,862,889,1202,612,590,41,19,22,22,9,13,26,9,17,460,213,247
COMAL COUNTY,091,50 Years,1675,847,828,1174,599,575,48,29,19,19,2,17,18,9,9,416,208,208
COMAL COUNTY,091,51 Years,1770,862,908,1259,602,657,54,34,20,11,3,8,19,8,11,427,215,212
COMAL COUNTY,091,52 Years,1887,911,976,1362,664,698,47,28,19,23,6,17,22,11,11,433,202,231
COMAL COUNTY,091,53 Years,1971,922,1049,1450,688,762,53,26,27,23,6,17,25,12,13,420,190,230
COMAL COUNTY,091,54 Years,2021,945,1076,1509,718,791,52,21,31,25,7,18,21,10,11,414,189,225
COMAL COUNTY,091,55 Years,2071,990,1081,1563,756,807,59,32,27,11,2,9,25,15,10,413,185,228
COMAL COUNTY,091,56 Years,2128,1027,1101,1593,781,812,55,22,33,20,4,16,32,17,15,428,203,225
COMAL COUNTY,091,57 Years,2107,997,1110,1595,763,832,69,32,37,24,2,22,28,18,10,391,182,209
COMAL COUNTY,091,58 Years,2066,996,1070,1603,789,814,49,26,23,24,3,21,23,9,14,367,169,198
COMAL COUNTY,091,59 Years,2074,1027,1047,1612,784,828,50,30,20,13,4,9,13,5,8,386,204,182
COMAL COUNTY,091,60 Years,2125,1012,1113,1661,785,876,44,26,18,19,6,13,28,12,16,373,183,190
COMAL COUNTY,091,61 Years,2051,1002,1049,1615,792,823,38,19,19,23,4,19,28,14,14,347,173,174
COMAL COUNTY,091,62 Years,1991,952,1039,1566,754,812,47,22,25,21,4,17,31,15,16,326,157,169
COMAL COUNTY,091,63 Years,2006,952,1054,1595,758,837,48,20,28,10,3,7,24,14,10,329,157,172
COMAL COUNTY,091,64 Years,1956,923,1033,1528,736,792,36,17,19,22,3,19,24,12,12,346,155,191
COMAL COUNTY,091,65 Years,1874,916,958,1483,727,756,37,17,20,22,5,17,30,15,15,302,152,150
COMAL COUNTY,091,66 Years,1801,860,941,1444,696,748,38,20,18,24,3,21,26,13,13,269,128,141
COMAL COUNTY,091,67 Years,1797,870,927,1453,712,741,28,11,17,20,3,17,22,12,10,274,132,142
COMAL COUNTY,091,68 Years,1756,835,921,1432,681,751,37,17,20,20,3,17,16,11,5,251,123,128
COMAL COUNTY,091,69 Years,1781,865,916,1465,718,747,39,22,17,19,3,16,10,5,5,248,117,131
COMAL COUNTY,091,70 Years,1794,872,922,1491,744,747,30,21,9,18,4,14,17,7,10,238,96,142
COMAL COUNTY,091,71 Years,1336,633,703,1117,537,580,18,11,7,9,2,7,11,4,7,181,79,102
COMAL COUNTY,091,72 Years,1248,597,651,1043,499,544,13,7,6,5,1,4,13,5,8,174,85,89
COMAL COUNTY,091,73 Years,1255,594,661,1039,505,534,22,8,14,14,3,11,12,6,6,168,72,96
COMAL COUNTY,091,74 Years,1207,584,623,1028,507,521,14,8,6,10,3,7,12,8,4,143,58,85
COMAL COUNTY,091,75 Years,1045,529,516,883,454,429,14,8,6,13,2,11,11,8,3,124,57,67
COMAL COUNTY,091,76 Years,910,446,464,771,376,395,12,8,4,10,4,6,10,6,4,107,52,55
COMAL COUNTY,091,77 Years,848,388,460,723,324,399,11,7,4,7,4,3,7,5,2,100,48,52
COMAL COUNTY,091,78 Years,769,359,410,650,303,347,13,6,7,1,1,0,10,5,5,95,44,51
COMAL COUNTY,091,79 Years,726,331,395,627,291,336,7,4,3,3,2,1,8,4,4,81,30,51
COMAL COUNTY,091,80 Years,663,304,359,573,268,305,6,4,2,2,1,1,5,3,2,77,28,49
COMAL COUNTY,091,81 Years,623,278,345,535,246,289,4,2,2,3,1,2,7,2,5,74,27,47
COMAL COUNTY,091,82 Years,604,263,341,513,226,287,4,1,3,6,4,2,10,5,5,71,27,44
COMAL COUNTY,091,83 Years,517,209,308,435,184,251,2,1,1,5,3,2,3,1,2,72,20,52
COMAL COUNTY,091,84 Years,500,202,298,430,182,248,2,1,1,5,2,3,3,0,3,60,17,43
COMAL COUNTY,091,85 Years,436,180,256,371,158,213,2,1,1,4,2,2,3,0,3,56,19,37
COMAL COUNTY,091,86 Years,415,170,245,348,149,199,3,2,1,3,1,2,2,1,1,59,17,42
COMAL COUNTY,091,87 Years,381,162,219,328,140,188,5,4,1,2,1,1,2,2,0,44,15,29
COMAL COUNTY,091,88 Years,316,113,203,273,97,176,2,1,1,1,0,1,3,1,2,37,14,23
COMAL COUNTY,091,89 Years,267,97,170,227,84,143,2,0,2,1,0,1,2,1,1,35,12,23
COMAL COUNTY,091,90 Years,226,82,144,196,71,125,3,1,2,3,0,3,1,1,0,23,9,14
COMAL COUNTY,091,91 Years,182,58,124,154,49,105,3,1,2,4,1,3,1,1,0,20,6,14
COMAL COUNTY,091,92 Years,157,45,112,134,39,95,2,0,2,2,1,1,1,0,1,18,5,13
COMAL COUNTY,091,93 Years,124,32,92,108,28,80,1,0,1,0,0,0,1,0,1,14,4,10
COMAL COUNTY,091,94 Years,98,28,70,85,24,61,1,1,0,0,0,0,1,0,1,11,3,8
COMAL COUNTY,091,95 Years +,248,61,187,207,51,156,6,1,5,2,1,1,2,1,1,31,7,24
COMANCHE COUNTY,093,All Ages,13938,6860,7078,9684,4777,4907,28,14,14,41,12,29,210,93,117,3975,1964,2011
COMANCHE COUNTY,093,< 1 Year,172,93,79,86,46,40,0,0,0,0,0,0,5,2,3,81,45,36
COMANCHE COUNTY,093,1 Years,176,92,84,89,47,42,0,0,0,0,0,0,9,5,4,78,40,38
COMANCHE COUNTY,093,2 Years,178,94,84,89,48,41,2,2,0,0,0,0,7,4,3,80,40,40
COMANCHE COUNTY,093,3 Years,175,88,87,88,48,40,0,0,0,0,0,0,7,3,4,80,37,43
COMANCHE COUNTY,093,4 Years,167,93,74,89,54,35,0,0,0,0,0,0,0,0,0,78,39,39
COMANCHE COUNTY,093,5 Years,182,91,91,97,54,43,0,0,0,0,0,0,5,2,3,80,35,45
COMANCHE COUNTY,093,6 Years,182,91,91,97,53,44,0,0,0,0,0,0,5,2,3,80,36,44
COMANCHE COUNTY,093,7 Years,204,94,110,111,51,60,0,0,0,0,0,0,2,0,2,91,43,48
COMANCHE COUNTY,093,8 Years,180,91,89,93,41,52,0,0,0,1,1,0,4,1,3,82,48,34
COMANCHE COUNTY,093,9 Years,177,91,86,97,52,45,0,0,0,1,0,1,2,0,2,77,39,38
COMANCHE COUNTY,093,10 Years,189,92,97,99,51,48,0,0,0,1,0,1,2,1,1,87,40,47
COMANCHE COUNTY,093,11 Years,177,82,95,96,47,49,1,0,1,7,1,6,3,1,2,70,33,37
COMANCHE COUNTY,093,12 Years,181,80,101,98,42,56,0,0,0,3,0,3,2,1,1,78,37,41
COMANCHE COUNTY,093,13 Years,165,90,75,93,52,41,0,0,0,0,0,0,1,1,0,71,37,34
COMANCHE COUNTY,093,14 Years,162,83,79,92,51,41,0,0,0,1,1,0,2,1,1,67,30,37
COMANCHE COUNTY,093,15 Years,167,83,84,88,50,38,4,0,4,1,1,0,4,2,2,70,30,40
COMANCHE COUNTY,093,16 Years,155,88,67,79,45,34,1,0,1,1,1,0,3,2,1,71,40,31
COMANCHE COUNTY,093,17 Years,168,81,87,90,47,43,0,0,0,0,0,0,3,2,1,75,32,43
COMANCHE COUNTY,093,18 Years,165,97,68,87,55,32,0,0,0,0,0,0,3,1,2,75,41,34
COMANCHE COUNTY,093,19 Years,147,75,72,72,38,34,0,0,0,0,0,0,2,1,1,73,36,37
COMANCHE COUNTY,093,20 Years,124,56,68,65,28,37,1,0,1,0,0,0,4,3,1,54,25,29
COMANCHE COUNTY,093,21 Years,111,57,54,59,31,28,0,0,0,0,0,0,3,2,1,49,24,25
COMANCHE COUNTY,093,22 Years,129,66,63,64,33,31,0,0,0,1,0,1,3,1,2,61,32,29
COMANCHE COUNTY,093,23 Years,136,72,64,78,40,38,0,0,0,0,0,0,4,2,2,54,30,24
COMANCHE COUNTY,093,24 Years,165,87,78,99,56,43,0,0,0,0,0,0,3,3,0,63,28,35
COMANCHE COUNTY,093,25 Years,155,83,72,94,55,39,1,1,0,0,0,0,1,0,1,59,27,32
COMANCHE COUNTY,093,26 Years,149,69,80,87,42,45,1,1,0,0,0,0,5,0,5,56,26,30
COMANCHE COUNTY,093,27 Years,144,64,80,86,38,48,1,0,1,0,0,0,3,1,2,54,25,29
COMANCHE COUNTY,093,28 Years,144,70,74,95,46,49,1,0,1,0,0,0,1,0,1,47,24,23
COMANCHE COUNTY,093,29 Years,154,83,71,92,50,42,1,1,0,0,0,0,2,1,1,59,31,28
COMANCHE COUNTY,093,30 Years,136,67,69,84,40,44,1,1,0,0,0,0,2,1,1,49,25,24
COMANCHE COUNTY,093,31 Years,144,63,81,84,40,44,1,0,1,0,0,0,1,1,0,58,22,36
COMANCHE COUNTY,093,32 Years,121,61,60,77,40,37,0,0,0,0,0,0,1,1,0,43,20,23
COMANCHE COUNTY,093,33 Years,131,65,66,80,40,40,0,0,0,0,0,0,4,2,2,47,23,24
COMANCHE COUNTY,093,34 Years,129,59,70,78,35,43,0,0,0,1,1,0,1,0,1,49,23,26
COMANCHE COUNTY,093,35 Years,134,66,68,80,40,40,0,0,0,1,0,1,1,0,1,52,26,26
COMANCHE COUNTY,093,36 Years,123,62,61,78,40,38,0,0,0,1,1,0,2,1,1,42,20,22
COMANCHE COUNTY,093,37 Years,126,62,64,75,37,38,0,0,0,1,1,0,1,1,0,49,23,26
COMANCHE COUNTY,093,38 Years,127,63,64,82,40,42,0,0,0,0,0,0,1,1,0,44,22,22
COMANCHE COUNTY,093,39 Years,131,60,71,95,43,52,1,1,0,0,0,0,0,0,0,35,16,19
COMANCHE COUNTY,093,40 Years,139,62,77,94,38,56,1,1,0,0,0,0,0,0,0,44,23,21
COMANCHE COUNTY,093,41 Years,133,64,69,83,37,46,0,0,0,2,0,2,0,0,0,48,27,21
COMANCHE COUNTY,093,42 Years,133,65,68,88,45,43,0,0,0,3,0,3,1,0,1,41,20,21
COMANCHE COUNTY,093,43 Years,143,61,82,98,41,57,0,0,0,2,1,1,0,0,0,43,19,24
COMANCHE COUNTY,093,44 Years,132,50,82,90,33,57,0,0,0,1,0,1,0,0,0,41,17,24
COMANCHE COUNTY,093,45 Years,153,57,96,96,35,61,0,0,0,1,0,1,1,0,1,55,22,33
COMANCHE COUNTY,093,46 Years,171,76,95,109,46,63,0,0,0,1,0,1,2,1,1,59,29,30
COMANCHE COUNTY,093,47 Years,182,88,94,116,62,54,0,0,0,1,0,1,0,0,0,65,26,39
COMANCHE COUNTY,093,48 Years,162,84,78,113,60,53,0,0,0,0,0,0,5,2,3,44,22,22
COMANCHE COUNTY,093,49 Years,166,76,90,114,52,62,0,0,0,0,0,0,3,1,2,49,23,26
COMANCHE COUNTY,093,50 Years,192,97,95,126,58,68,0,0,0,0,0,0,2,2,0,64,37,27
COMANCHE COUNTY,093,51 Years,167,96,71,114,66,48,1,1,0,0,0,0,1,1,0,51,28,23
COMANCHE COUNTY,093,52 Years,179,99,80,122,67,55,0,0,0,0,0,0,3,1,2,54,31,23
COMANCHE COUNTY,093,53 Years,204,104,100,150,71,79,2,1,1,0,0,0,1,1,0,51,31,20
COMANCHE COUNTY,093,54 Years,187,94,93,138,63,75,2,1,1,0,0,0,1,0,1,46,30,16
COMANCHE COUNTY,093,55 Years,195,98,97,152,75,77,1,1,0,0,0,0,2,1,1,40,21,19
COMANCHE COUNTY,093,56 Years,194,101,93,151,77,74,0,0,0,0,0,0,3,2,1,40,22,18
COMANCHE COUNTY,093,57 Years,187,97,90,150,81,69,0,0,0,0,0,0,2,1,1,35,15,20
COMANCHE COUNTY,093,58 Years,191,102,89,148,81,67,0,0,0,0,0,0,2,0,2,41,21,20
COMANCHE COUNTY,093,59 Years,227,124,103,189,103,86,0,0,0,0,0,0,5,3,2,33,18,15
COMANCHE COUNTY,093,60 Years,194,105,89,158,82,76,0,0,0,1,1,0,5,3,2,30,19,11
COMANCHE COUNTY,093,61 Years,208,107,101,169,88,81,1,1,0,1,0,1,5,1,4,32,17,15
COMANCHE COUNTY,093,62 Years,190,91,99,155,75,80,2,1,1,0,0,0,5,1,4,28,14,14
COMANCHE COUNTY,093,63 Years,174,77,97,147,64,83,1,0,1,0,0,0,3,1,2,23,12,11
COMANCHE COUNTY,093,64 Years,174,94,80,148,80,68,0,0,0,1,0,1,2,1,1,23,13,10
COMANCHE COUNTY,093,65 Years,191,100,91,165,88,77,0,0,0,1,0,1,2,0,2,23,12,11
COMANCHE COUNTY,093,66 Years,200,98,102,170,83,87,0,0,0,0,0,0,4,2,2,26,13,13
COMANCHE COUNTY,093,67 Years,196,91,105,163,78,85,0,0,0,1,0,1,2,1,1,30,12,18
COMANCHE COUNTY,093,68 Years,203,89,114,173,78,95,0,0,0,0,0,0,2,0,2,28,11,17
COMANCHE COUNTY,093,69 Years,196,95,101,173,84,89,0,0,0,0,0,0,2,1,1,21,10,11
COMANCHE COUNTY,093,70 Years,209,103,106,177,87,90,0,0,0,0,0,0,6,2,4,26,14,12
COMANCHE COUNTY,093,71 Years,163,79,84,143,68,75,0,0,0,0,0,0,3,1,2,17,10,7
COMANCHE COUNTY,093,72 Years,169,78,91,153,71,82,0,0,0,0,0,0,1,1,0,15,6,9
COMANCHE COUNTY,093,73 Years,182,89,93,162,77,85,0,0,0,0,0,0,0,0,0,20,12,8
COMANCHE COUNTY,093,74 Years,175,86,89,160,78,82,0,0,0,0,0,0,0,0,0,15,8,7
COMANCHE COUNTY,093,75 Years,161,75,86,149,68,81,0,0,0,0,0,0,0,0,0,12,7,5
COMANCHE COUNTY,093,76 Years,138,62,76,130,59,71,0,0,0,0,0,0,1,0,1,7,3,4
COMANCHE COUNTY,093,77 Years,141,66,75,130,61,69,0,0,0,0,0,0,1,0,1,10,5,5
COMANCHE COUNTY,093,78 Years,131,65,66,120,61,59,0,0,0,0,0,0,1,0,1,10,4,6
COMANCHE COUNTY,093,79 Years,107,55,52,96,50,46,0,0,0,1,1,0,2,1,1,8,3,5
COMANCHE COUNTY,093,80 Years,106,51,55,100,49,51,0,0,0,0,0,0,1,0,1,5,2,3
COMANCHE COUNTY,093,81 Years,102,49,53,93,43,50,0,0,0,1,1,0,2,2,0,6,3,3
COMANCHE COUNTY,093,82 Years,97,50,47,89,46,43,0,0,0,1,0,1,2,1,1,5,3,2
COMANCHE COUNTY,093,83 Years,81,39,42,73,35,38,0,0,0,0,0,0,2,1,1,6,3,3
COMANCHE COUNTY,093,84 Years,61,28,33,56,25,31,0,0,0,0,0,0,2,1,1,3,2,1
COMANCHE COUNTY,093,85 Years,58,26,32,50,23,27,0,0,0,0,0,0,1,0,1,7,3,4
COMANCHE COUNTY,093,86 Years,59,24,35,53,21,32,0,0,0,0,0,0,0,0,0,6,3,3
COMANCHE COUNTY,093,87 Years,45,17,28,40,15,25,0,0,0,0,0,0,1,1,0,4,1,3
COMANCHE COUNTY,093,88 Years,34,12,22,32,12,20,0,0,0,0,0,0,0,0,0,2,0,2
COMANCHE COUNTY,093,89 Years,34,12,22,31,11,20,0,0,0,0,0,0,1,1,0,2,0,2
COMANCHE COUNTY,093,90 Years,30,13,17,28,11,17,0,0,0,0,0,0,1,1,0,1,1,0
COMANCHE COUNTY,093,91 Years,24,7,17,23,7,16,0,0,0,0,0,0,1,0,1,0,0,0
COMANCHE COUNTY,093,92 Years,20,7,13,18,6,12,0,0,0,0,0,0,0,0,0,2,1,1
COMANCHE COUNTY,093,93 Years,21,7,14,16,4,12,0,0,0,1,0,1,0,0,0,4,3,1
COMANCHE COUNTY,093,94 Years,15,4,11,12,3,9,0,0,0,0,0,0,0,0,0,3,1,2
COMANCHE COUNTY,093,95 Years +,30,10,20,26,9,17,0,0,0,0,0,0,1,0,1,3,1,2
CONCHO COUNTY,095,All Ages,2716,1844,872,1161,578,583,38,35,3,7,4,3,22,13,9,1488,1214,274
CONCHO COUNTY,095,< 1 Year,16,9,7,9,6,3,1,0,1,0,0,0,0,0,0,6,3,3
CONCHO COUNTY,095,1 Years,19,12,7,11,7,4,1,1,0,0,0,0,0,0,0,7,4,3
CONCHO COUNTY,095,2 Years,18,9,9,10,5,5,0,0,0,0,0,0,0,0,0,8,4,4
CONCHO COUNTY,095,3 Years,19,11,8,11,6,5,0,0,0,0,0,0,0,0,0,8,5,3
CONCHO COUNTY,095,4 Years,18,11,7,11,6,5,0,0,0,0,0,0,0,0,0,7,5,2
CONCHO COUNTY,095,5 Years,20,11,9,12,6,6,0,0,0,0,0,0,0,0,0,8,5,3
CONCHO COUNTY,095,6 Years,20,11,9,12,6,6,0,0,0,0,0,0,0,0,0,8,5,3
CONCHO COUNTY,095,7 Years,17,10,7,10,6,4,0,0,0,0,0,0,0,0,0,7,4,3
CONCHO COUNTY,095,8 Years,25,15,10,10,4,6,1,1,0,0,0,0,0,0,0,14,10,4
CONCHO COUNTY,095,9 Years,27,15,12,15,7,8,0,0,0,0,0,0,0,0,0,12,8,4
CONCHO COUNTY,095,10 Years,25,9,16,14,5,9,0,0,0,0,0,0,0,0,0,11,4,7
CONCHO COUNTY,095,11 Years,18,7,11,10,4,6,0,0,0,0,0,0,0,0,0,8,3,5
CONCHO COUNTY,095,12 Years,30,16,14,11,4,7,0,0,0,0,0,0,0,0,0,19,12,7
CONCHO COUNTY,095,13 Years,21,11,10,8,3,5,1,1,0,0,0,0,0,0,0,12,7,5
CONCHO COUNTY,095,14 Years,21,8,13,12,3,9,1,1,0,0,0,0,0,0,0,8,4,4
CONCHO COUNTY,095,15 Years,18,10,8,9,5,4,0,0,0,0,0,0,0,0,0,9,5,4
CONCHO COUNTY,095,16 Years,14,9,5,7,3,4,0,0,0,0,0,0,0,0,0,7,6,1
CONCHO COUNTY,095,17 Years,19,9,10,9,3,6,0,0,0,0,0,0,0,0,0,10,6,4
CONCHO COUNTY,095,18 Years,22,9,13,11,4,7,0,0,0,0,0,0,0,0,0,11,5,6
CONCHO COUNTY,095,19 Years,22,14,8,7,3,4,1,1,0,0,0,0,0,0,0,14,10,4
CONCHO COUNTY,095,20 Years,25,18,7,7,3,4,1,1,0,0,0,0,1,1,0,16,13,3
CONCHO COUNTY,095,21 Years,21,11,10,6,2,4,1,1,0,0,0,0,0,0,0,14,8,6
CONCHO COUNTY,095,22 Years,43,33,10,6,2,4,0,0,0,0,0,0,2,2,0,35,29,6
CONCHO COUNTY,095,23 Years,35,24,11,7,3,4,2,2,0,0,0,0,1,0,1,25,19,6
CONCHO COUNTY,095,24 Years,27,17,10,8,4,4,0,0,0,0,0,0,2,0,2,17,13,4
CONCHO COUNTY,095,25 Years,59,47,12,13,6,7,2,2,0,0,0,0,1,0,1,43,39,4
CONCHO COUNTY,095,26 Years,50,41,9,13,6,7,1,1,0,0,0,0,0,0,0,36,34,2
CONCHO COUNTY,095,27 Years,46,39,7,7,5,2,3,2,1,0,0,0,0,0,0,36,32,4
CONCHO COUNTY,095,28 Years,47,41,6,11,8,3,0,0,0,0,0,0,2,1,1,34,32,2
CONCHO COUNTY,095,29 Years,32,28,4,9,6,3,0,0,0,0,0,0,0,0,0,23,22,1
CONCHO COUNTY,095,30 Years,50,44,6,11,8,3,0,0,0,0,0,0,0,0,0,39,36,3
CONCHO COUNTY,095,31 Years,34,31,3,9,7,2,0,0,0,0,0,0,0,0,0,25,24,1
CONCHO COUNTY,095,32 Years,32,27,5,6,3,3,0,0,0,1,1,0,0,0,0,25,23,2
CONCHO COUNTY,095,33 Years,41,34,7,7,4,3,0,0,0,0,0,0,0,0,0,34,30,4
CONCHO COUNTY,095,34 Years,50,43,7,8,5,3,1,1,0,0,0,0,0,0,0,41,37,4
CONCHO COUNTY,095,35 Years,52,44,8,12,7,5,2,2,0,0,0,0,1,1,0,37,34,3
CONCHO COUNTY,095,36 Years,47,36,11,11,5,6,1,1,0,1,0,1,0,0,0,34,30,4
CONCHO COUNTY,095,37 Years,34,26,8,10,5,5,0,0,0,1,1,0,0,0,0,23,20,3
CONCHO COUNTY,095,38 Years,55,46,9,11,6,5,0,0,0,1,1,0,0,0,0,43,39,4
CONCHO COUNTY,095,39 Years,59,53,6,9,5,4,2,2,0,1,1,0,0,0,0,47,45,2
CONCHO COUNTY,095,40 Years,42,35,7,7,4,3,0,0,0,1,0,1,0,0,0,34,31,3
CONCHO COUNTY,095,41 Years,67,59,8,11,5,6,3,3,0,0,0,0,1,1,0,52,50,2
CONCHO COUNTY,095,42 Years,63,54,9,14,9,5,1,1,0,0,0,0,0,0,0,48,44,4
CONCHO COUNTY,095,43 Years,48,38,10,14,8,6,1,0,1,0,0,0,0,0,0,33,30,3
CONCHO COUNTY,095,44 Years,46,37,9,13,8,5,1,1,0,0,0,0,2,2,0,30,26,4
CONCHO COUNTY,095,45 Years,46,34,12,15,7,8,2,2,0,0,0,0,0,0,0,29,25,4
CONCHO COUNTY,095,46 Years,53,47,6,10,6,4,2,2,0,0,0,0,0,0,0,41,39,2
CONCHO COUNTY,095,47 Years,44,37,7,11,6,5,1,1,0,0,0,0,0,0,0,32,30,2
CONCHO COUNTY,095,48 Years,43,33,10,12,7,5,0,0,0,1,0,1,0,0,0,30,26,4
CONCHO COUNTY,095,49 Years,47,38,9,11,7,4,0,0,0,0,0,0,1,1,0,35,30,5
CONCHO COUNTY,095,50 Years,25,15,10,9,4,5,0,0,0,0,0,0,0,0,0,16,11,5
CONCHO COUNTY,095,51 Years,23,17,6,9,7,2,0,0,0,0,0,0,0,0,0,14,10,4
CONCHO COUNTY,095,52 Years,29,17,12,18,8,10,1,1,0,0,0,0,0,0,0,10,8,2
CONCHO COUNTY,095,53 Years,43,26,17,20,8,12,0,0,0,0,0,0,0,0,0,23,18,5
CONCHO COUNTY,095,54 Years,33,19,14,16,7,9,0,0,0,0,0,0,1,0,1,16,12,4
CONCHO COUNTY,095,55 Years,39,30,9,14,7,7,1,1,0,0,0,0,0,0,0,24,22,2
CONCHO COUNTY,095,56 Years,25,19,6,14,8,6,0,0,0,0,0,0,0,0,0,11,11,0
CONCHO COUNTY,095,57 Years,29,18,11,19,10,9,0,0,0,0,0,0,0,0,0,10,8,2
CONCHO COUNTY,095,58 Years,31,16,15,19,8,11,0,0,0,0,0,0,1,0,1,11,8,3
CONCHO COUNTY,095,59 Years,32,18,14,17,8,9,2,2,0,0,0,0,1,0,1,12,8,4
CONCHO COUNTY,095,60 Years,37,24,13,18,8,10,1,1,0,0,0,0,1,1,0,17,14,3
CONCHO COUNTY,095,61 Years,36,21,15,22,11,11,0,0,0,0,0,0,0,0,0,14,10,4
CONCHO COUNTY,095,62 Years,31,19,12,20,10,10,0,0,0,0,0,0,0,0,0,11,9,2
CONCHO COUNTY,095,63 Years,32,18,14,21,10,11,0,0,0,0,0,0,0,0,0,11,8,3
CONCHO COUNTY,095,64 Years,21,10,11,14,7,7,0,0,0,0,0,0,0,0,0,7,3,4
CONCHO COUNTY,095,65 Years,23,15,8,18,13,5,0,0,0,0,0,0,0,0,0,5,2,3
CONCHO COUNTY,095,66 Years,25,12,13,20,10,10,0,0,0,0,0,0,0,0,0,5,2,3
CONCHO COUNTY,095,67 Years,28,12,16,22,9,13,0,0,0,0,0,0,0,0,0,6,3,3
CONCHO COUNTY,095,68 Years,32,15,17,27,13,14,0,0,0,0,0,0,1,0,1,4,2,2
CONCHO COUNTY,095,69 Years,34,17,17,30,16,14,0,0,0,0,0,0,0,0,0,4,1,3
CONCHO COUNTY,095,70 Years,24,12,12,20,11,9,0,0,0,0,0,0,0,0,0,4,1,3
CONCHO COUNTY,095,71 Years,20,9,11,18,8,10,0,0,0,0,0,0,0,0,0,2,1,1
CONCHO COUNTY,095,72 Years,28,14,14,20,9,11,0,0,0,0,0,0,0,0,0,8,5,3
CONCHO COUNTY,095,73 Years,24,16,8,20,13,7,0,0,0,0,0,0,0,0,0,4,3,1
CONCHO COUNTY,095,74 Years,29,18,11,21,12,9,0,0,0,0,0,0,1,1,0,7,5,2
CONCHO COUNTY,095,75 Years,23,14,9,18,10,8,0,0,0,0,0,0,1,1,0,4,3,1
CONCHO COUNTY,095,76 Years,20,10,10,14,7,7,0,0,0,0,0,0,1,1,0,5,2,3
CONCHO COUNTY,095,77 Years,21,11,10,17,9,8,0,0,0,0,0,0,0,0,0,4,2,2
CONCHO COUNTY,095,78 Years,18,6,12,14,5,9,0,0,0,0,0,0,0,0,0,4,1,3
CONCHO COUNTY,095,79 Years,17,8,9,12,6,6,0,0,0,0,0,0,0,0,0,5,2,3
CONCHO COUNTY,095,80 Years,16,10,6,13,7,6,0,0,0,0,0,0,0,0,0,3,3,0
CONCHO COUNTY,095,81 Years,18,9,9,15,6,9,0,0,0,0,0,0,0,0,0,3,3,0
CONCHO COUNTY,095,82 Years,12,5,7,11,5,6,0,0,0,0,0,0,0,0,0,1,0,1
CONCHO COUNTY,095,83 Years,10,5,5,9,4,5,0,0,0,0,0,0,0,0,0,1,1,0
CONCHO COUNTY,095,84 Years,12,4,8,9,3,6,0,0,0,0,0,0,0,0,0,3,1,2
CONCHO COUNTY,095,85 Years,12,4,8,10,3,7,0,0,0,0,0,0,0,0,0,2,1,1
CONCHO COUNTY,095,86 Years,6,3,3,5,2,3,0,0,0,0,0,0,0,0,0,1,1,0
CONCHO COUNTY,095,87 Years,6,2,4,5,2,3,0,0,0,0,0,0,0,0,0,1,0,1
CONCHO COUNTY,095,88 Years,7,3,4,5,2,3,0,0,0,0,0,0,0,0,0,2,1,1
CONCHO COUNTY,095,89 Years,6,2,4,6,2,4,0,0,0,0,0,0,0,0,0,0,0,0
CONCHO COUNTY,095,90 Years,7,2,5,6,1,5,0,0,0,0,0,0,0,0,0,1,1,0
CONCHO COUNTY,095,91 Years,4,2,2,4,2,2,0,0,0,0,0,0,0,0,0,0,0,0
CONCHO COUNTY,095,92 Years,5,1,4,3,1,2,0,0,0,0,0,0,0,0,0,2,0,2
CONCHO COUNTY,095,93 Years,4,1,3,3,1,2,0,0,0,0,0,0,0,0,0,1,0,1
CONCHO COUNTY,095,94 Years,2,1,1,2,1,1,0,0,0,0,0,0,0,0,0,0,0,0
CONCHO COUNTY,095,95 Years +,10,3,7,6,1,5,0,0,0,0,0,0,0,0,0,4,2,2
COOKE COUNTY,097,All Ages,39925,19656,20269,30045,14595,15450,1147,631,516,306,137,169,1064,507,557,7363,3786,3577
COOKE COUNTY,097,< 1 Year,520,273,247,298,152,146,14,8,6,5,4,1,37,21,16,166,88,78
COOKE COUNTY,097,1 Years,495,254,241,284,145,139,16,8,8,4,3,1,32,17,15,159,81,78
COOKE COUNTY,097,2 Years,500,257,243,294,152,142,18,9,9,3,2,1,29,15,14,156,79,77
COOKE COUNTY,097,3 Years,476,242,234,284,144,140,18,8,10,1,1,0,22,13,9,151,76,75
COOKE COUNTY,097,4 Years,479,248,231,291,144,147,18,10,8,3,2,1,19,13,6,148,79,69
COOKE COUNTY,097,5 Years,454,226,228,274,131,143,16,9,7,2,2,0,19,12,7,143,72,71
COOKE COUNTY,097,6 Years,452,225,227,274,133,141,14,8,6,2,1,1,19,11,8,143,72,71
COOKE COUNTY,097,7 Years,444,221,223,271,143,128,13,6,7,1,0,1,18,10,8,141,62,79
COOKE COUNTY,097,8 Years,510,258,252,299,158,141,17,9,8,4,1,3,26,14,12,164,76,88
COOKE COUNTY,097,9 Years,538,273,265,320,166,154,11,6,5,6,2,4,25,12,13,176,87,89
COOKE COUNTY,097,10 Years,527,251,276,314,143,171,12,7,5,7,2,5,22,8,14,172,91,81
COOKE COUNTY,097,11 Years,539,261,278,333,160,173,15,7,8,4,1,3,21,11,10,166,82,84
COOKE COUNTY,097,12 Years,505,254,251,303,162,141,17,8,9,3,0,3,25,13,12,157,71,86
COOKE COUNTY,097,13 Years,490,247,243,294,151,143,18,9,9,1,0,1,20,11,9,157,76,81
COOKE COUNTY,097,14 Years,504,249,255,311,139,172,17,8,9,3,2,1,21,9,12,152,91,61
COOKE COUNTY,097,15 Years,566,305,261,347,177,170,35,25,10,7,4,3,23,13,10,154,86,68
COOKE COUNTY,097,16 Years,625,347,278,369,192,177,57,48,9,3,1,2,24,15,9,172,91,81
COOKE COUNTY,097,17 Years,610,343,267,352,186,166,64,55,9,1,0,1,26,14,12,167,88,79
COOKE COUNTY,097,18 Years,495,271,224,297,158,139,25,22,3,2,1,1,21,9,12,150,81,69
COOKE COUNTY,097,19 Years,491,260,231,308,164,144,23,15,8,4,2,2,15,6,9,141,73,68
COOKE COUNTY,097,20 Years,472,245,227,311,161,150,8,4,4,2,1,1,22,12,10,129,67,62
COOKE COUNTY,097,21 Years,475,237,238,317,163,154,10,6,4,4,2,2,17,7,10,127,59,68
COOKE COUNTY,097,22 Years,464,226,238,301,153,148,11,5,6,4,2,2,11,3,8,137,63,74
COOKE COUNTY,097,23 Years,488,250,238,326,163,163,11,7,4,1,1,0,12,3,9,138,76,62
COOKE COUNTY,097,24 Years,485,254,231,330,156,174,16,11,5,4,3,1,10,2,8,125,82,43
COOKE COUNTY,097,25 Years,540,274,266,381,199,182,17,6,11,2,2,0,19,7,12,121,60,61
COOKE COUNTY,097,26 Years,559,256,303,413,194,219,12,3,9,1,1,0,15,4,11,118,54,64
COOKE COUNTY,097,27 Years,558,269,289,419,206,213,19,7,12,1,1,0,10,4,6,109,51,58
COOKE COUNTY,097,28 Years,509,267,242,381,201,180,19,9,10,1,1,0,10,7,3,98,49,49
COOKE COUNTY,097,29 Years,509,253,256,377,192,185,14,6,8,2,2,0,12,6,6,104,47,57
COOKE COUNTY,097,30 Years,478,243,235,365,180,185,10,6,4,1,0,1,7,3,4,95,54,41
COOKE COUNTY,097,31 Years,471,250,221,345,170,175,13,7,6,3,3,0,10,3,7,100,67,33
COOKE COUNTY,097,32 Years,435,220,215,322,163,159,11,4,7,3,1,2,7,3,4,92,49,43
COOKE COUNTY,097,33 Years,444,217,227,321,162,159,10,4,6,5,2,3,5,1,4,103,48,55
COOKE COUNTY,097,34 Years,492,223,269,354,164,190,16,8,8,11,3,8,9,2,7,102,46,56
COOKE COUNTY,097,35 Years,469,225,244,328,151,177,12,7,5,7,2,5,6,3,3,116,62,54
COOKE COUNTY,097,36 Years,461,231,230,337,168,169,9,8,1,5,2,3,16,5,11,94,48,46
COOKE COUNTY,097,37 Years,458,228,230,329,166,163,7,5,2,6,2,4,10,2,8,106,53,53
COOKE COUNTY,097,38 Years,437,223,214,294,150,144,7,4,3,7,4,3,8,4,4,121,61,60
COOKE COUNTY,097,39 Years,433,217,216,301,148,153,11,8,3,5,4,1,9,6,3,107,51,56
COOKE COUNTY,097,40 Years,406,199,207,284,138,146,10,4,6,9,3,6,6,6,0,97,48,49
COOKE COUNTY,097,41 Years,393,188,205,269,129,140,11,7,4,5,1,4,7,4,3,101,47,54
COOKE COUNTY,097,42 Years,424,206,218,302,146,156,14,8,6,10,4,6,9,6,3,89,42,47
COOKE COUNTY,097,43 Years,428,198,230,310,149,161,9,6,3,6,3,3,5,1,4,98,39,59
COOKE COUNTY,097,44 Years,408,198,210,301,144,157,8,5,3,4,2,2,4,1,3,91,46,45
COOKE COUNTY,097,45 Years,428,207,221,320,144,176,12,6,6,5,3,2,9,6,3,82,48,34
COOKE COUNTY,097,46 Years,455,206,249,361,156,205,11,6,5,4,2,2,8,6,2,71,36,35
COOKE COUNTY,097,47 Years,455,213,242,367,166,201,13,7,6,1,0,1,4,1,3,70,39,31
COOKE COUNTY,097,48 Years,456,216,240,365,172,193,13,6,7,2,0,2,9,4,5,67,34,33
COOKE COUNTY,097,49 Years,458,241,217,358,188,170,12,8,4,8,2,6,7,5,2,73,38,35
COOKE COUNTY,097,50 Years,490,250,240,393,204,189,12,5,7,4,1,3,8,3,5,73,37,36
COOKE COUNTY,097,51 Years,497,241,256,405,195,210,10,3,7,3,1,2,13,5,8,66,37,29
COOKE COUNTY,097,52 Years,496,249,247,405,197,208,8,3,5,3,1,2,11,8,3,69,40,29
COOKE COUNTY,097,53 Years,525,260,265,435,216,219,9,4,5,3,1,2,14,6,8,64,33,31
COOKE COUNTY,097,54 Years,588,278,310,491,232,259,9,5,4,6,3,3,14,3,11,68,35,33
COOKE COUNTY,097,55 Years,546,286,260,451,233,218,11,5,6,5,3,2,14,7,7,65,38,27
COOKE COUNTY,097,56 Years,575,292,283,497,243,254,14,9,5,6,5,1,10,7,3,48,28,20
COOKE COUNTY,097,57 Years,586,294,292,493,246,247,17,6,11,6,5,1,10,4,6,60,33,27
COOKE COUNTY,097,58 Years,593,273,320,515,235,280,13,4,9,7,3,4,9,4,5,49,27,22
COOKE COUNTY,097,59 Years,604,290,314,527,253,274,14,6,8,4,0,4,13,4,9,46,27,19
COOKE COUNTY,097,60 Years,549,268,281,480,231,249,14,8,6,5,2,3,11,3,8,39,24,15
COOKE COUNTY,097,61 Years,553,276,277,485,241,244,17,9,8,4,1,3,6,2,4,41,23,18
COOKE COUNTY,097,62 Years,563,284,279,482,242,240,21,11,10,4,2,2,10,3,7,46,26,20
COOKE COUNTY,097,63 Years,567,286,281,509,250,259,12,7,5,4,3,1,8,5,3,34,21,13
COOKE COUNTY,097,64 Years,540,263,277,480,233,247,12,7,5,2,0,2,9,3,6,37,20,17
COOKE COUNTY,097,65 Years,506,252,254,446,218,228,9,5,4,5,3,2,15,8,7,31,18,13
COOKE COUNTY,097,66 Years,469,248,221,420,223,197,10,6,4,2,1,1,10,6,4,27,12,15
COOKE COUNTY,097,67 Years,477,243,234,428,220,208,15,6,9,2,0,2,5,2,3,27,15,12
COOKE COUNTY,097,68 Years,482,228,254,428,204,224,13,3,10,2,1,1,12,6,6,27,14,13
COOKE COUNTY,097,69 Years,437,197,240,394,178,216,7,2,5,5,3,2,6,3,3,25,11,14
COOKE COUNTY,097,70 Years,457,220,237,416,202,214,10,5,5,3,1,2,7,4,3,21,8,13
COOKE COUNTY,097,71 Years,398,194,204,361,175,186,9,4,5,1,0,1,10,6,4,17,9,8
COOKE COUNTY,097,72 Years,377,180,197,348,168,180,7,2,5,2,0,2,8,3,5,12,7,5
COOKE COUNTY,097,73 Years,352,155,197,330,147,183,2,0,2,4,1,3,4,3,1,12,4,8
COOKE COUNTY,097,74 Years,351,172,179,320,155,165,7,4,3,2,1,1,5,2,3,17,10,7
COOKE COUNTY,097,75 Years,301,143,158,274,131,143,6,3,3,2,0,2,5,1,4,14,8,6
COOKE COUNTY,097,76 Years,282,127,155,256,115,141,5,2,3,1,0,1,7,3,4,13,7,6
COOKE COUNTY,097,77 Years,281,130,151,262,123,139,5,1,4,2,1,1,5,1,4,7,4,3
COOKE COUNTY,097,78 Years,251,113,138,228,103,125,5,1,4,0,0,0,7,1,6,11,8,3
COOKE COUNTY,097,79 Years,226,103,123,207,93,114,7,3,4,0,0,0,4,2,2,8,5,3
COOKE COUNTY,097,80 Years,216,93,123,196,86,110,5,1,4,0,0,0,7,3,4,8,3,5
COOKE COUNTY,097,81 Years,203,93,110,193,88,105,2,0,2,1,1,0,3,2,1,4,2,2
COOKE COUNTY,097,82 Years,189,82,107,176,77,99,3,0,3,1,1,0,1,1,0,8,3,5
COOKE COUNTY,097,83 Years,182,75,107,171,69,102,3,2,1,0,0,0,2,1,1,6,3,3
COOKE COUNTY,097,84 Years,161,66,95,146,58,88,4,2,2,1,0,1,4,2,2,6,4,2
COOKE COUNTY,097,85 Years,137,57,80,121,48,73,5,4,1,0,0,0,4,2,2,7,3,4
COOKE COUNTY,097,86 Years,125,48,77,114,44,70,2,1,1,1,1,0,4,1,3,4,1,3
COOKE COUNTY,097,87 Years,107,43,64,98,39,59,4,2,2,0,0,0,2,1,1,3,1,2
COOKE COUNTY,097,88 Years,92,32,60,84,30,54,2,1,1,2,1,1,1,0,1,3,0,3
COOKE COUNTY,097,89 Years,84,24,60,75,22,53,2,1,1,1,0,1,3,1,2,3,0,3
COOKE COUNTY,097,90 Years,74,25,49,68,23,45,0,0,0,1,0,1,1,1,0,4,1,3
COOKE COUNTY,097,91 Years,65,19,46,61,18,43,0,0,0,1,0,1,0,0,0,3,1,2
COOKE COUNTY,097,92 Years,51,16,35,44,13,31,2,1,1,0,0,0,2,0,2,3,2,1
COOKE COUNTY,097,93 Years,50,15,35,42,11,31,3,1,2,0,0,0,1,0,1,4,3,1
COOKE COUNTY,097,94 Years,30,11,19,25,9,16,1,1,0,1,0,1,1,0,1,2,1,1
COOKE COUNTY,097,95 Years +,72,17,55,59,12,47,5,2,3,2,0,2,1,0,1,5,3,2
CORYELL COUNTY,099,All Ages,73762,36702,37060,42401,21055,21346,11503,5645,5858,1314,474,840,4912,2498,2414,13632,7030,6602
CORYELL COUNTY,099,< 1 Year,1009,495,514,506,241,265,126,58,68,5,2,3,87,45,42,285,149,136
CORYELL COUNTY,099,1 Years,1035,511,524,529,260,269,127,59,68,6,3,3,107,54,53,266,135,131
CORYELL COUNTY,099,2 Years,1058,530,528,563,281,282,125,58,67,6,3,3,120,64,56,244,124,120
CORYELL COUNTY,099,3 Years,1096,558,538,599,307,292,130,66,64,6,2,4,128,66,62,233,117,116
CORYELL COUNTY,099,4 Years,1038,539,499,573,297,276,122,66,56,6,3,3,115,64,51,222,109,113
CORYELL COUNTY,099,5 Years,1017,536,481,567,291,276,119,72,47,5,3,2,118,64,54,208,106,102
CORYELL COUNTY,099,6 Years,996,525,471,542,281,261,114,65,49,5,3,2,131,76,55,204,100,104
CORYELL COUNTY,099,7 Years,1132,547,585,619,305,314,132,59,73,7,4,3,154,78,76,220,101,119
CORYELL COUNTY,099,8 Years,1146,556,590,617,300,317,140,61,79,14,7,7,139,71,68,236,117,119
CORYELL COUNTY,099,9 Years,1103,538,565,600,287,313,126,62,64,12,7,5,136,67,69,229,115,114
CORYELL COUNTY,099,10 Years,1120,576,544,621,329,292,119,58,61,18,10,8,147,79,68,215,100,115
CORYELL COUNTY,099,11 Years,1181,616,565,653,348,305,136,66,70,20,14,6,139,70,69,233,118,115
CORYELL COUNTY,099,12 Years,1051,549,502,570,305,265,120,61,59,16,8,8,120,64,56,225,111,114
CORYELL COUNTY,099,13 Years,990,509,481,539,280,259,112,54,58,13,4,9,114,59,55,212,112,100
CORYELL COUNTY,099,14 Years,1075,538,537,584,290,294,138,68,70,10,3,7,132,65,67,211,112,99
CORYELL COUNTY,099,15 Years,1010,521,489,571,299,272,118,54,64,9,2,7,112,61,51,200,105,95
CORYELL COUNTY,099,16 Years,1020,525,495,546,283,263,121,62,59,13,9,4,120,58,62,220,113,107
CORYELL COUNTY,099,17 Years,1136,610,526,615,334,281,151,81,70,15,8,7,116,61,55,239,126,113
CORYELL COUNTY,099,18 Years,1127,615,512,596,337,259,150,76,74,14,8,6,106,55,51,261,139,122
CORYELL COUNTY,099,19 Years,1029,530,499,513,277,236,147,71,76,12,6,6,109,54,55,248,122,126
CORYELL COUNTY,099,20 Years,1329,804,525,662,424,238,244,149,95,21,14,7,92,43,49,310,174,136
CORYELL COUNTY,099,21 Years,1403,854,549,699,460,239,259,157,102,18,13,5,99,48,51,328,176,152
CORYELL COUNTY,099,22 Years,1462,838,624,733,445,288,277,142,135,16,10,6,105,51,54,331,190,141
CORYELL COUNTY,099,23 Years,1466,841,625,728,428,300,313,173,140,19,13,6,95,48,47,311,179,132
CORYELL COUNTY,099,24 Years,1397,765,632,725,415,310,276,141,135,17,13,4,97,43,54,282,153,129
CORYELL COUNTY,099,25 Years,1250,649,601,576,296,280,302,171,131,17,11,6,93,37,56,262,134,128
CORYELL COUNTY,099,26 Years,1477,754,723,745,364,381,322,171,151,19,11,8,89,38,51,302,170,132
CORYELL COUNTY,099,27 Years,1240,594,646,655,322,333,214,78,136,19,10,9,71,35,36,281,149,132
CORYELL COUNTY,099,28 Years,1343,671,672,744,383,361,202,77,125,23,13,10,94,45,49,280,153,127
CORYELL COUNTY,099,29 Years,1451,735,716,739,373,366,290,145,145,16,8,8,113,54,59,293,155,138
CORYELL COUNTY,099,30 Years,1372,667,705,676,321,355,279,137,142,21,9,12,103,55,48,293,145,148
CORYELL COUNTY,099,31 Years,1345,633,712,696,314,382,253,131,122,21,8,13,102,50,52,273,130,143
CORYELL COUNTY,099,32 Years,1418,752,666,765,401,364,245,127,118,25,13,12,88,43,45,295,168,127
CORYELL COUNTY,099,33 Years,1346,690,656,737,371,366,247,128,119,26,13,13,71,34,37,265,144,121
CORYELL COUNTY,099,34 Years,1353,699,654,732,371,361,245,129,116,23,9,14,67,44,23,286,146,140
CORYELL COUNTY,099,35 Years,1273,641,632,688,343,345,215,105,110,33,9,24,81,48,33,256,136,120
CORYELL COUNTY,099,36 Years,1212,591,621,670,328,342,219,99,120,26,8,18,60,33,27,237,123,114
CORYELL COUNTY,099,37 Years,1277,633,644,694,351,343,225,109,116,29,12,17,72,38,34,257,123,134
CORYELL COUNTY,099,38 Years,1178,586,592,650,316,334,214,110,104,23,8,15,62,34,28,229,118,111
CORYELL COUNTY,099,39 Years,1157,570,587,641,306,335,222,109,113,20,8,12,53,27,26,221,120,101
CORYELL COUNTY,099,40 Years,1107,533,574,610,282,328,210,105,105,18,8,10,59,27,32,210,111,99
CORYELL COUNTY,099,41 Years,1027,483,544,559,249,310,198,97,101,20,8,12,44,21,23,206,108,98
CORYELL COUNTY,099,42 Years,1017,481,536,575,265,310,190,89,101,19,4,15,47,23,24,186,100,86
CORYELL COUNTY,099,43 Years,952,455,497,544,253,291,183,83,100,20,7,13,30,14,16,175,98,77
CORYELL COUNTY,099,44 Years,986,472,514,564,264,300,196,92,104,17,4,13,37,14,23,172,98,74
CORYELL COUNTY,099,45 Years,981,465,516,576,266,310,195,95,100,19,6,13,40,18,22,151,80,71
CORYELL COUNTY,099,46 Years,981,453,528,595,268,327,180,79,101,22,10,12,29,13,16,155,83,72
CORYELL COUNTY,099,47 Years,892,397,495,571,252,319,151,65,86,19,6,13,27,13,14,124,61,63
CORYELL COUNTY,099,48 Years,837,373,464,537,235,302,149,69,80,16,7,9,22,11,11,113,51,62
CORYELL COUNTY,099,49 Years,819,374,445,514,233,281,158,70,88,12,5,7,27,15,12,108,51,57
CORYELL COUNTY,099,50 Years,736,356,380,460,226,234,141,64,77,16,6,10,18,10,8,101,50,51
CORYELL COUNTY,099,51 Years,714,331,383,450,208,242,134,61,73,11,3,8,19,10,9,100,49,51
CORYELL COUNTY,099,52 Years,780,373,407,490,241,249,141,62,79,19,5,14,27,14,13,103,51,52
CORYELL COUNTY,099,53 Years,770,364,406,492,225,267,128,59,69,14,5,9,19,12,7,117,63,54
CORYELL COUNTY,099,54 Years,711,330,381,469,219,250,110,47,63,11,3,8,19,11,8,102,50,52
CORYELL COUNTY,099,55 Years,680,322,358,443,211,232,109,51,58,6,2,4,14,8,6,108,50,58
CORYELL COUNTY,099,56 Years,642,303,339,410,198,212,100,47,53,13,1,12,18,10,8,101,47,54
CORYELL COUNTY,099,57 Years,641,297,344,422,198,224,95,46,49,23,4,19,14,8,6,87,41,46
CORYELL COUNTY,099,58 Years,619,279,340,404,182,222,95,49,46,23,4,19,15,9,6,82,35,47
CORYELL COUNTY,099,59 Years,609,277,332,412,190,222,88,41,47,17,6,11,19,11,8,73,29,44
CORYELL COUNTY,099,60 Years,578,258,320,400,168,232,79,40,39,16,7,9,14,10,4,69,33,36
CORYELL COUNTY,099,61 Years,524,242,282,371,167,204,67,36,31,15,1,14,16,11,5,55,27,28
CORYELL COUNTY,099,62 Years,538,253,285,370,173,197,71,34,37,17,3,14,15,9,6,65,34,31
CORYELL COUNTY,099,63 Years,526,244,282,351,165,186,68,35,33,26,5,21,16,5,11,65,34,31
CORYELL COUNTY,099,64 Years,480,221,259,349,168,181,55,24,31,24,3,21,11,4,7,41,22,19
CORYELL COUNTY,099,65 Years,455,225,230,327,166,161,55,25,30,14,1,13,11,4,7,48,29,19
CORYELL COUNTY,099,66 Years,433,211,222,306,155,151,49,22,27,17,5,12,13,8,5,48,21,27
CORYELL COUNTY,099,67 Years,398,183,215,295,142,153,46,22,24,15,2,13,8,4,4,34,13,21
CORYELL COUNTY,099,68 Years,391,178,213,308,145,163,33,15,18,13,2,11,8,3,5,29,13,16
CORYELL COUNTY,099,69 Years,407,182,225,317,143,174,30,14,16,13,1,12,9,4,5,38,20,18
CORYELL COUNTY,099,70 Years,420,194,226,333,159,174,30,14,16,14,2,12,9,4,5,34,15,19
CORYELL COUNTY,099,71 Years,313,139,174,248,112,136,19,10,9,9,3,6,6,4,2,31,10,21
CORYELL COUNTY,099,72 Years,318,137,181,240,109,131,32,14,18,12,1,11,6,3,3,28,10,18
CORYELL COUNTY,099,73 Years,322,144,178,252,118,134,32,12,20,11,1,10,7,3,4,20,10,10
CORYELL COUNTY,099,74 Years,310,140,170,239,114,125,29,10,19,10,0,10,6,3,3,26,13,13
CORYELL COUNTY,099,75 Years,288,132,156,224,109,115,26,8,18,9,1,8,6,2,4,23,12,11
CORYELL COUNTY,099,76 Years,263,116,147,211,97,114,20,9,11,5,0,5,7,3,4,20,7,13
CORYELL COUNTY,099,77 Years,234,100,134,179,83,96,25,11,14,7,0,7,7,1,6,16,5,11
CORYELL COUNTY,099,78 Years,229,92,137,164,69,95,25,9,16,9,1,8,7,3,4,24,10,14
CORYELL COUNTY,099,79 Years,231,100,131,178,83,95,23,6,17,8,0,8,5,4,1,17,7,10
CORYELL COUNTY,099,80 Years,223,98,125,179,80,99,15,6,9,8,2,6,4,3,1,17,7,10
CORYELL COUNTY,099,81 Years,182,76,106,144,59,85,11,5,6,7,2,5,4,2,2,16,8,8
CORYELL COUNTY,099,82 Years,156,64,92,127,53,74,8,2,6,6,1,5,2,0,2,13,8,5
CORYELL COUNTY,099,83 Years,133,58,75,109,51,58,7,2,5,9,2,7,1,0,1,7,3,4
CORYELL COUNTY,099,84 Years,122,55,67,95,46,49,8,3,5,9,1,8,3,1,2,7,4,3
CORYELL COUNTY,099,85 Years,116,51,65,88,38,50,11,7,4,5,0,5,2,1,1,10,5,5
CORYELL COUNTY,099,86 Years,106,40,66,81,30,51,8,4,4,6,0,6,1,1,0,10,5,5
CORYELL COUNTY,099,87 Years,94,40,54,73,31,42,7,4,3,3,0,3,2,1,1,9,4,5
CORYELL COUNTY,099,88 Years,70,24,46,55,19,36,4,1,3,4,1,3,1,0,1,6,3,3
CORYELL COUNTY,099,89 Years,61,19,42,49,16,33,2,1,1,3,0,3,1,0,1,6,2,4
CORYELL COUNTY,099,90 Years,53,21,32,41,16,25,3,1,2,3,0,3,1,1,0,5,3,2
CORYELL COUNTY,099,91 Years,42,14,28,32,11,21,4,1,3,1,0,1,1,1,0,4,1,3
CORYELL COUNTY,099,92 Years,35,13,22,26,10,16,4,1,3,3,0,3,0,0,0,2,2,0
CORYELL COUNTY,099,93 Years,25,10,15,18,8,10,2,0,2,2,0,2,0,0,0,3,2,1
CORYELL COUNTY,099,94 Years,20,6,14,13,4,9,2,0,2,1,0,1,0,0,0,4,2,2
CORYELL COUNTY,099,95 Years +,47,13,34,34,9,25,6,1,5,1,0,1,1,0,1,5,3,2
COTTLE COUNTY,101,All Ages,1378,662,716,896,429,467,135,62,73,0,0,0,12,7,5,335,164,171
COTTLE COUNTY,101,< 1 Year,14,7,7,5,2,3,2,1,1,0,0,0,0,0,0,7,4,3
COTTLE COUNTY,101,1 Years,13,6,7,5,2,3,2,1,1,0,0,0,0,0,0,6,3,3
COTTLE COUNTY,101,2 Years,14,8,6,7,4,3,2,1,1,0,0,0,0,0,0,5,3,2
COTTLE COUNTY,101,3 Years,15,8,7,7,4,3,3,2,1,0,0,0,0,0,0,5,2,3
COTTLE COUNTY,101,4 Years,16,10,6,6,4,2,3,2,1,0,0,0,0,0,0,7,4,3
COTTLE COUNTY,101,5 Years,15,9,6,7,5,2,2,1,1,0,0,0,0,0,0,6,3,3
COTTLE COUNTY,101,6 Years,16,8,8,7,4,3,1,0,1,0,0,0,0,0,0,8,4,4
COTTLE COUNTY,101,7 Years,17,8,9,8,2,6,0,0,0,0,0,0,1,0,1,8,6,2
COTTLE COUNTY,101,8 Years,17,9,8,10,6,4,0,0,0,0,0,0,0,0,0,7,3,4
COTTLE COUNTY,101,9 Years,11,7,4,5,4,1,1,1,0,0,0,0,0,0,0,5,2,3
COTTLE COUNTY,101,10 Years,13,6,7,5,3,2,1,0,1,0,0,0,0,0,0,7,3,4
COTTLE COUNTY,101,11 Years,15,6,9,6,3,3,2,0,2,0,0,0,0,0,0,7,3,4
COTTLE COUNTY,101,12 Years,13,5,8,8,4,4,1,0,1,0,0,0,0,0,0,4,1,3
COTTLE COUNTY,101,13 Years,17,7,10,11,5,6,1,1,0,0,0,0,0,0,0,5,1,4
COTTLE COUNTY,101,14 Years,25,12,13,16,7,9,1,1,0,0,0,0,0,0,0,8,4,4
COTTLE COUNTY,101,15 Years,20,13,7,13,8,5,1,1,0,0,0,0,1,1,0,5,3,2
COTTLE COUNTY,101,16 Years,25,13,12,17,8,9,1,0,1,0,0,0,1,1,0,6,4,2
COTTLE COUNTY,101,17 Years,19,10,9,12,7,5,0,0,0,0,0,0,0,0,0,7,3,4
COTTLE COUNTY,101,18 Years,17,8,9,9,5,4,2,0,2,0,0,0,0,0,0,6,3,3
COTTLE COUNTY,101,19 Years,14,7,7,7,3,4,1,0,1,0,0,0,1,1,0,5,3,2
COTTLE COUNTY,101,20 Years,14,6,8,8,3,5,1,0,1,0,0,0,0,0,0,5,3,2
COTTLE COUNTY,101,21 Years,15,8,7,7,3,4,2,1,1,0,0,0,1,1,0,5,3,2
COTTLE COUNTY,101,22 Years,16,7,9,5,2,3,4,1,3,0,0,0,0,0,0,7,4,3
COTTLE COUNTY,101,23 Years,15,7,8,6,3,3,6,2,4,0,0,0,0,0,0,3,2,1
COTTLE COUNTY,101,24 Years,20,13,7,8,4,4,7,6,1,0,0,0,0,0,0,5,3,2
COTTLE COUNTY,101,25 Years,18,11,7,7,5,2,4,4,0,0,0,0,1,1,0,6,1,5
COTTLE COUNTY,101,26 Years,13,6,7,7,3,4,2,1,1,0,0,0,1,0,1,3,2,1
COTTLE COUNTY,101,27 Years,11,6,5,7,3,4,0,0,0,0,0,0,0,0,0,4,3,1
COTTLE COUNTY,101,28 Years,8,4,4,3,1,2,2,1,1,0,0,0,0,0,0,3,2,1
COTTLE COUNTY,101,29 Years,8,4,4,4,2,2,2,1,1,0,0,0,0,0,0,2,1,1
COTTLE COUNTY,101,30 Years,10,6,4,6,3,3,1,1,0,0,0,0,0,0,0,3,2,1
COTTLE COUNTY,101,31 Years,13,4,9,8,4,4,2,0,2,0,0,0,0,0,0,3,0,3
COTTLE COUNTY,101,32 Years,11,7,4,7,4,3,0,0,0,0,0,0,0,0,0,4,3,1
COTTLE COUNTY,101,33 Years,9,5,4,6,3,3,1,0,1,0,0,0,0,0,0,2,2,0
COTTLE COUNTY,101,34 Years,15,7,8,8,4,4,1,1,0,0,0,0,1,0,1,5,2,3
COTTLE COUNTY,101,35 Years,13,7,6,10,6,4,0,0,0,0,0,0,0,0,0,3,1,2
COTTLE COUNTY,101,36 Years,10,4,6,7,3,4,0,0,0,0,0,0,0,0,0,3,1,2
COTTLE COUNTY,101,37 Years,15,6,9,9,5,4,0,0,0,0,0,0,0,0,0,6,1,5
COTTLE COUNTY,101,38 Years,13,6,7,8,3,5,0,0,0,0,0,0,0,0,0,5,3,2
COTTLE COUNTY,101,39 Years,12,6,6,7,4,3,0,0,0,0,0,0,0,0,0,5,2,3
COTTLE COUNTY,101,40 Years,10,2,8,5,1,4,1,0,1,0,0,0,0,0,0,4,1,3
COTTLE COUNTY,101,41 Years,10,3,7,7,2,5,1,1,0,0,0,0,0,0,0,2,0,2
COTTLE COUNTY,101,42 Years,13,4,9,8,2,6,1,1,0,0,0,0,0,0,0,4,1,3
COTTLE COUNTY,101,43 Years,17,4,13,8,2,6,5,1,4,0,0,0,0,0,0,4,1,3
COTTLE COUNTY,101,44 Years,9,6,3,4,2,2,3,2,1,0,0,0,0,0,0,2,2,0
COTTLE COUNTY,101,45 Years,9,5,4,6,3,3,1,1,0,0,0,0,0,0,0,2,1,1
COTTLE COUNTY,101,46 Years,8,4,4,5,3,2,2,0,2,0,0,0,0,0,0,1,1,0
COTTLE COUNTY,101,47 Years,13,7,6,8,4,4,2,1,1,0,0,0,0,0,0,3,2,1
COTTLE COUNTY,101,48 Years,11,4,7,8,3,5,0,0,0,0,0,0,1,0,1,2,1,1
COTTLE COUNTY,101,49 Years,17,8,9,13,5,8,2,2,0,0,0,0,0,0,0,2,1,1
COTTLE COUNTY,101,50 Years,13,7,6,9,5,4,2,0,2,0,0,0,0,0,0,2,2,0
COTTLE COUNTY,101,51 Years,12,4,8,8,3,5,1,0,1,0,0,0,0,0,0,3,1,2
COTTLE COUNTY,101,52 Years,16,6,10,9,5,4,3,0,3,0,0,0,0,0,0,4,1,3
COTTLE COUNTY,101,53 Years,20,9,11,15,8,7,2,0,2,0,0,0,0,0,0,3,1,2
COTTLE COUNTY,101,54 Years,25,12,13,16,7,9,2,1,1,0,0,0,1,1,0,6,3,3
COTTLE COUNTY,101,55 Years,20,10,10,14,7,7,3,2,1,0,0,0,0,0,0,3,1,2
COTTLE COUNTY,101,56 Years,23,12,11,15,8,7,2,1,1,0,0,0,0,0,0,6,3,3
COTTLE COUNTY,101,57 Years,21,11,10,15,8,7,2,1,1,0,0,0,0,0,0,4,2,2
COTTLE COUNTY,101,58 Years,18,12,6,13,8,5,1,1,0,0,0,0,0,0,0,4,3,1
COTTLE COUNTY,101,59 Years,19,11,8,12,6,6,1,1,0,0,0,0,0,0,0,6,4,2
COTTLE COUNTY,101,60 Years,19,7,12,13,5,8,3,1,2,0,0,0,0,0,0,3,1,2
COTTLE COUNTY,101,61 Years,14,8,6,8,4,4,1,1,0,0,0,0,1,0,1,4,3,1
COTTLE COUNTY,101,62 Years,20,8,12,10,4,6,3,1,2,0,0,0,0,0,0,7,3,4
COTTLE COUNTY,101,63 Years,19,7,12,13,6,7,2,0,2,0,0,0,0,0,0,4,1,3
COTTLE COUNTY,101,64 Years,16,5,11,14,5,9,1,0,1,0,0,0,0,0,0,1,0,1
COTTLE COUNTY,101,65 Years,19,9,10,13,5,8,3,2,1,0,0,0,0,0,0,3,2,1
COTTLE COUNTY,101,66 Years,27,15,12,22,12,10,2,1,1,0,0,0,0,0,0,3,2,1
COTTLE COUNTY,101,67 Years,21,12,9,18,11,7,1,0,1,0,0,0,0,0,0,2,1,1
COTTLE COUNTY,101,68 Years,17,8,9,12,5,7,1,1,0,0,0,0,0,0,0,4,2,2
COTTLE COUNTY,101,69 Years,18,8,10,15,6,9,1,1,0,0,0,0,0,0,0,2,1,1
COTTLE COUNTY,101,70 Years,19,7,12,16,5,11,0,0,0,0,0,0,0,0,0,3,2,1
COTTLE COUNTY,101,71 Years,18,9,9,16,8,8,1,1,0,0,0,0,0,0,0,1,0,1
COTTLE COUNTY,101,72 Years,17,10,7,12,8,4,3,1,2,0,0,0,0,0,0,2,1,1
COTTLE COUNTY,101,73 Years,20,11,9,16,8,8,1,0,1,0,0,0,0,0,0,3,3,0
COTTLE COUNTY,101,74 Years,15,8,7,13,7,6,1,0,1,0,0,0,0,0,0,1,1,0
COTTLE COUNTY,101,75 Years,13,6,7,12,6,6,1,0,1,0,0,0,0,0,0,0,0,0
COTTLE COUNTY,101,76 Years,16,8,8,14,7,7,0,0,0,0,0,0,0,0,0,2,1,1
COTTLE COUNTY,101,77 Years,14,6,8,10,4,6,2,1,1,0,0,0,1,1,0,1,0,1
COTTLE COUNTY,101,78 Years,17,9,8,14,8,6,3,1,2,0,0,0,0,0,0,0,0,0
COTTLE COUNTY,101,79 Years,13,8,5,12,7,5,0,0,0,0,0,0,0,0,0,1,1,0
COTTLE COUNTY,101,80 Years,11,4,7,9,4,5,0,0,0,0,0,0,0,0,0,2,0,2
COTTLE COUNTY,101,81 Years,11,6,5,10,5,5,0,0,0,0,0,0,0,0,0,1,1,0
COTTLE COUNTY,101,82 Years,10,5,5,9,4,5,0,0,0,0,0,0,0,0,0,1,1,0
COTTLE COUNTY,101,83 Years,12,4,8,11,4,7,0,0,0,0,0,0,0,0,0,1,0,1
COTTLE COUNTY,101,84 Years,13,5,8,12,5,7,0,0,0,0,0,0,0,0,0,1,0,1
COTTLE COUNTY,101,85 Years,14,6,8,11,5,6,1,0,1,0,0,0,0,0,0,2,1,1
COTTLE COUNTY,101,86 Years,11,3,8,9,3,6,1,0,1,0,0,0,0,0,0,1,0,1
COTTLE COUNTY,101,87 Years,8,4,4,7,3,4,1,1,0,0,0,0,0,0,0,0,0,0
COTTLE COUNTY,101,88 Years,5,2,3,5,2,3,0,0,0,0,0,0,0,0,0,0,0,0
COTTLE COUNTY,101,89 Years,6,2,4,5,2,3,0,0,0,0,0,0,0,0,0,1,0,1
COTTLE COUNTY,101,90 Years,8,3,5,6,2,4,0,0,0,0,0,0,0,0,0,2,1,1
COTTLE COUNTY,101,91 Years,5,1,4,4,1,3,1,0,1,0,0,0,0,0,0,0,0,0
COTTLE COUNTY,101,92 Years,3,2,1,3,2,1,0,0,0,0,0,0,0,0,0,0,0,0
COTTLE COUNTY,101,93 Years,4,2,2,4,2,2,0,0,0,0,0,0,0,0,0,0,0,0
COTTLE COUNTY,101,94 Years,7,3,4,4,2,2,1,1,0,0,0,0,0,0,0,2,0,2
COTTLE COUNTY,101,95 Years +,9,3,6,7,2,5,1,1,0,0,0,0,0,0,0,1,0,1
CRANE COUNTY,103,All Ages,4731,2398,2333,1509,722,787,112,59,53,9,3,6,62,31,31,3039,1583,1456
CRANE COUNTY,103,< 1 Year,67,36,31,10,5,5,0,0,0,0,0,0,0,0,0,57,31,26
CRANE COUNTY,103,1 Years,69,38,31,9,6,3,4,2,2,0,0,0,0,0,0,56,30,26
CRANE COUNTY,103,2 Years,77,44,33,13,7,6,3,2,1,0,0,0,0,0,0,61,35,26
CRANE COUNTY,103,3 Years,78,45,33,13,8,5,2,1,1,0,0,0,0,0,0,63,36,27
CRANE COUNTY,103,4 Years,85,43,42,17,9,8,0,0,0,0,0,0,0,0,0,68,34,34
CRANE COUNTY,103,5 Years,80,38,42,15,7,8,0,0,0,0,0,0,0,0,0,65,31,34
CRANE COUNTY,103,6 Years,76,32,44,12,5,7,3,2,1,0,0,0,0,0,0,61,25,36
CRANE COUNTY,103,7 Years,87,36,51,14,5,9,3,0,3,0,0,0,0,0,0,70,31,39
CRANE COUNTY,103,8 Years,75,37,38,13,5,8,3,2,1,0,0,0,1,1,0,58,29,29
CRANE COUNTY,103,9 Years,70,37,33,15,5,10,1,1,0,0,0,0,0,0,0,54,31,23
CRANE COUNTY,103,10 Years,62,31,31,8,5,3,2,2,0,0,0,0,2,1,1,50,23,27
CRANE COUNTY,103,11 Years,65,33,32,11,6,5,2,1,1,0,0,0,1,1,0,51,25,26
CRANE COUNTY,103,12 Years,76,43,33,17,9,8,0,0,0,0,0,0,0,0,0,59,34,25
CRANE COUNTY,103,13 Years,80,35,45,17,9,8,2,0,2,0,0,0,0,0,0,61,26,35
CRANE COUNTY,103,14 Years,69,37,32,18,12,6,1,1,0,0,0,0,0,0,0,50,24,26
CRANE COUNTY,103,15 Years,62,35,27,18,9,9,3,1,2,0,0,0,2,0,2,39,25,14
CRANE COUNTY,103,16 Years,74,39,35,18,8,10,3,2,1,0,0,0,2,1,1,51,28,23
CRANE COUNTY,103,17 Years,90,46,44,25,10,15,1,0,1,0,0,0,1,0,1,63,36,27
CRANE COUNTY,103,18 Years,76,41,35,21,11,10,1,1,0,0,0,0,0,0,0,54,29,25
CRANE COUNTY,103,19 Years,67,36,31,14,8,6,1,1,0,0,0,0,0,0,0,52,27,25
CRANE COUNTY,103,20 Years,67,30,37,13,6,7,3,1,2,0,0,0,1,0,1,50,23,27
CRANE COUNTY,103,21 Years,67,34,33,16,9,7,3,1,2,0,0,0,0,0,0,48,24,24
CRANE COUNTY,103,22 Years,71,34,37,17,9,8,0,0,0,0,0,0,2,1,1,52,24,28
CRANE COUNTY,103,23 Years,81,38,43,22,9,13,2,0,2,0,0,0,1,0,1,56,29,27
CRANE COUNTY,103,24 Years,77,37,40,20,8,12,2,0,2,0,0,0,2,1,1,53,28,25
CRANE COUNTY,103,25 Years,81,43,38,17,10,7,2,1,1,1,0,1,3,2,1,58,30,28
CRANE COUNTY,103,26 Years,66,35,31,11,6,5,1,1,0,0,0,0,4,2,2,50,26,24
CRANE COUNTY,103,27 Years,49,28,21,10,4,6,1,1,0,0,0,0,2,1,1,36,22,14
CRANE COUNTY,103,28 Years,56,26,30,16,6,10,0,0,0,0,0,0,1,0,1,39,20,19
CRANE COUNTY,103,29 Years,57,29,28,14,8,6,0,0,0,0,0,0,1,1,0,42,20,22
CRANE COUNTY,103,30 Years,44,25,19,9,4,5,3,2,1,0,0,0,1,0,1,31,19,12
CRANE COUNTY,103,31 Years,58,29,29,15,7,8,1,0,1,0,0,0,1,0,1,41,22,19
CRANE COUNTY,103,32 Years,60,29,31,17,7,10,2,2,0,0,0,0,2,2,0,39,18,21
CRANE COUNTY,103,33 Years,57,27,30,10,4,6,1,1,0,0,0,0,1,1,0,45,21,24
CRANE COUNTY,103,34 Years,58,24,34,13,6,7,0,0,0,0,0,0,2,0,2,43,18,25
CRANE COUNTY,103,35 Years,48,25,23,14,5,9,2,2,0,0,0,0,1,1,0,31,17,14
CRANE COUNTY,103,36 Years,60,31,29,20,8,12,1,1,0,0,0,0,1,1,0,38,21,17
CRANE COUNTY,103,37 Years,40,20,20,14,7,7,1,1,0,0,0,0,0,0,0,25,12,13
CRANE COUNTY,103,38 Years,39,25,14,14,10,4,1,1,0,0,0,0,0,0,0,24,14,10
CRANE COUNTY,103,39 Years,53,32,21,17,9,8,2,1,1,0,0,0,1,1,0,33,21,12
CRANE COUNTY,103,40 Years,45,28,17,12,6,6,2,1,1,0,0,0,0,0,0,31,21,10
CRANE COUNTY,103,41 Years,54,30,24,11,7,4,1,1,0,0,0,0,0,0,0,42,22,20
CRANE COUNTY,103,42 Years,55,28,27,12,6,6,0,0,0,0,0,0,1,0,1,42,22,20
CRANE COUNTY,103,43 Years,43,29,14,8,5,3,1,1,0,0,0,0,0,0,0,34,23,11
CRANE COUNTY,103,44 Years,44,24,20,13,5,8,0,0,0,0,0,0,0,0,0,31,19,12
CRANE COUNTY,103,45 Years,58,30,28,14,7,7,1,1,0,0,0,0,0,0,0,43,22,21
CRANE COUNTY,103,46 Years,65,24,41,20,6,14,0,0,0,0,0,0,0,0,0,45,18,27
CRANE COUNTY,103,47 Years,46,19,27,19,9,10,1,0,1,0,0,0,1,1,0,25,9,16
CRANE COUNTY,103,48 Years,54,34,20,17,9,8,1,0,1,0,0,0,2,1,1,34,24,10
CRANE COUNTY,103,49 Years,57,32,25,21,9,12,0,0,0,0,0,0,1,0,1,35,23,12
CRANE COUNTY,103,50 Years,67,32,35,27,12,15,0,0,0,0,0,0,0,0,0,40,20,20
CRANE COUNTY,103,51 Years,68,29,39,24,11,13,0,0,0,0,0,0,0,0,0,44,18,26
CRANE COUNTY,103,52 Years,60,33,27,25,11,14,2,2,0,0,0,0,0,0,0,33,20,13
CRANE COUNTY,103,53 Years,71,32,39,27,10,17,2,0,2,0,0,0,1,0,1,41,22,19
CRANE COUNTY,103,54 Years,76,37,39,35,17,18,1,1,0,0,0,0,0,0,0,40,19,21
CRANE COUNTY,103,55 Years,68,39,29,34,18,16,1,1,0,1,0,1,0,0,0,32,20,12
CRANE COUNTY,103,56 Years,64,35,29,26,12,14,0,0,0,1,1,0,3,1,2,34,21,13
CRANE COUNTY,103,57 Years,65,38,27,28,14,14,1,1,0,0,0,0,2,0,2,34,23,11
CRANE COUNTY,103,58 Years,69,33,36,29,13,16,0,0,0,0,0,0,2,1,1,38,19,19
CRANE COUNTY,103,59 Years,54,28,26,31,16,15,1,0,1,0,0,0,1,1,0,21,11,10
CRANE COUNTY,103,60 Years,54,24,30,24,14,10,2,1,1,1,0,1,1,1,0,26,8,18
CRANE COUNTY,103,61 Years,57,33,24,26,14,12,3,2,1,0,0,0,1,1,0,27,16,11
CRANE COUNTY,103,62 Years,56,30,26,22,9,13,4,2,2,1,1,0,0,0,0,29,18,11
CRANE COUNTY,103,63 Years,46,23,23,25,12,13,1,0,1,1,1,0,0,0,0,19,10,9
CRANE COUNTY,103,64 Years,43,26,17,24,13,11,2,2,0,0,0,0,1,1,0,16,10,6
CRANE COUNTY,103,65 Years,45,24,21,26,14,12,1,0,1,0,0,0,0,0,0,18,10,8
CRANE COUNTY,103,66 Years,37,21,16,22,12,10,2,1,1,0,0,0,0,0,0,13,8,5
CRANE COUNTY,103,67 Years,41,19,22,20,9,11,2,1,1,0,0,0,1,0,1,18,9,9
CRANE COUNTY,103,68 Years,36,19,17,15,9,6,1,1,0,0,0,0,2,1,1,18,8,10
CRANE COUNTY,103,69 Years,32,16,16,22,12,10,2,0,2,1,0,1,1,1,0,6,3,3
CRANE COUNTY,103,70 Years,33,16,17,23,11,12,0,0,0,1,0,1,1,1,0,8,4,4
CRANE COUNTY,103,71 Years,31,15,16,18,9,9,0,0,0,0,0,0,0,0,0,13,6,7
CRANE COUNTY,103,72 Years,26,12,14,13,7,6,2,1,1,0,0,0,0,0,0,11,4,7
CRANE COUNTY,103,73 Years,27,11,16,13,5,8,1,1,0,0,0,0,1,0,1,12,5,7
CRANE COUNTY,103,74 Years,28,14,14,18,8,10,1,1,0,0,0,0,0,0,0,9,5,4
CRANE COUNTY,103,75 Years,20,10,10,14,7,7,0,0,0,0,0,0,0,0,0,6,3,3
CRANE COUNTY,103,76 Years,27,12,15,14,7,7,2,0,2,0,0,0,0,0,0,11,5,6
CRANE COUNTY,103,77 Years,23,12,11,14,7,7,1,0,1,0,0,0,0,0,0,8,5,3
CRANE COUNTY,103,78 Years,23,11,12,15,7,8,1,0,1,0,0,0,0,0,0,7,4,3
CRANE COUNTY,103,79 Years,19,6,13,13,4,9,1,0,1,0,0,0,0,0,0,5,2,3
CRANE COUNTY,103,80 Years,19,8,11,10,5,5,1,0,1,0,0,0,1,0,1,7,3,4
CRANE COUNTY,103,81 Years,19,9,10,11,4,7,1,1,0,0,0,0,0,0,0,7,4,3
CRANE COUNTY,103,82 Years,17,6,11,11,4,7,0,0,0,0,0,0,0,0,0,6,2,4
CRANE COUNTY,103,83 Years,14,6,8,8,4,4,0,0,0,0,0,0,0,0,0,6,2,4
CRANE COUNTY,103,84 Years,13,5,8,8,4,4,0,0,0,0,0,0,0,0,0,5,1,4
CRANE COUNTY,103,85 Years,11,3,8,6,2,4,0,0,0,0,0,0,0,0,0,5,1,4
CRANE COUNTY,103,86 Years,11,3,8,5,1,4,0,0,0,0,0,0,0,0,0,6,2,4
CRANE COUNTY,103,87 Years,11,5,6,7,3,4,0,0,0,1,0,1,0,0,0,3,2,1
CRANE COUNTY,103,88 Years,7,2,5,5,1,4,0,0,0,0,0,0,0,0,0,2,1,1
CRANE COUNTY,103,89 Years,7,3,4,5,2,3,0,0,0,0,0,0,0,0,0,2,1,1
CRANE COUNTY,103,90 Years,10,4,6,3,1,2,1,0,1,0,0,0,1,1,0,5,2,3
CRANE COUNTY,103,91 Years,7,4,3,4,2,2,0,0,0,0,0,0,1,1,0,2,1,1
CRANE COUNTY,103,92 Years,4,1,3,3,1,2,0,0,0,0,0,0,0,0,0,1,0,1
CRANE COUNTY,103,93 Years,4,2,2,3,1,2,1,1,0,0,0,0,0,0,0,0,0,0
CRANE COUNTY,103,94 Years,5,2,3,3,1,2,1,0,1,0,0,0,0,0,0,1,1,0
CRANE COUNTY,103,95 Years +,11,4,7,6,2,4,0,0,0,0,0,0,0,0,0,5,2,3
CROCKETT COUNTY,105,All Ages,3523,1733,1790,1224,594,630,13,9,4,9,4,5,26,21,5,2251,1105,1146
CROCKETT COUNTY,105,< 1 Year,39,21,18,10,4,6,0,0,0,0,0,0,0,0,0,29,17,12
CROCKETT COUNTY,105,1 Years,43,21,22,12,7,5,0,0,0,0,0,0,0,0,0,31,14,17
CROCKETT COUNTY,105,2 Years,52,27,25,13,7,6,0,0,0,0,0,0,0,0,0,39,20,19
CROCKETT COUNTY,105,3 Years,53,26,27,13,7,6,0,0,0,0,0,0,1,1,0,39,18,21
CROCKETT COUNTY,105,4 Years,53,25,28,15,6,9,0,0,0,0,0,0,0,0,0,38,19,19
CROCKETT COUNTY,105,5 Years,53,27,26,15,6,9,0,0,0,0,0,0,0,0,0,38,21,17
CROCKETT COUNTY,105,6 Years,57,30,27,19,7,12,0,0,0,0,0,0,0,0,0,38,23,15
CROCKETT COUNTY,105,7 Years,51,27,24,17,7,10,0,0,0,0,0,0,0,0,0,34,20,14
CROCKETT COUNTY,105,8 Years,49,25,24,13,6,7,0,0,0,0,0,0,1,1,0,35,18,17
CROCKETT COUNTY,105,9 Years,49,21,28,15,6,9,0,0,0,0,0,0,0,0,0,34,15,19
CROCKETT COUNTY,105,10 Years,54,25,29,15,7,8,0,0,0,0,0,0,0,0,0,39,18,21
CROCKETT COUNTY,105,11 Years,48,17,31,11,5,6,0,0,0,0,0,0,0,0,0,37,12,25
CROCKETT COUNTY,105,12 Years,45,20,25,10,5,5,0,0,0,0,0,0,0,0,0,35,15,20
CROCKETT COUNTY,105,13 Years,49,26,23,10,7,3,0,0,0,0,0,0,0,0,0,39,19,20
CROCKETT COUNTY,105,14 Years,50,24,26,7,5,2,0,0,0,0,0,0,1,1,0,42,18,24
CROCKETT COUNTY,105,15 Years,46,24,22,7,3,4,0,0,0,0,0,0,1,1,0,38,20,18
CROCKETT COUNTY,105,16 Years,40,22,18,6,4,2,0,0,0,0,0,0,0,0,0,34,18,16
CROCKETT COUNTY,105,17 Years,39,23,16,7,6,1,0,0,0,0,0,0,0,0,0,32,17,15
CROCKETT COUNTY,105,18 Years,39,19,20,7,2,5,0,0,0,0,0,0,0,0,0,32,17,15
CROCKETT COUNTY,105,19 Years,39,16,23,10,6,4,0,0,0,0,0,0,0,0,0,29,10,19
CROCKETT COUNTY,105,20 Years,35,15,20,9,3,6,0,0,0,0,0,0,0,0,0,26,12,14
CROCKETT COUNTY,105,21 Years,35,15,20,6,3,3,0,0,0,0,0,0,0,0,0,29,12,17
CROCKETT COUNTY,105,22 Years,35,15,20,6,2,4,0,0,0,0,0,0,0,0,0,29,13,16
CROCKETT COUNTY,105,23 Years,49,23,26,9,4,5,0,0,0,0,0,0,0,0,0,40,19,21
CROCKETT COUNTY,105,24 Years,47,25,22,12,5,7,0,0,0,0,0,0,1,1,0,34,19,15
CROCKETT COUNTY,105,25 Years,49,22,27,13,6,7,0,0,0,0,0,0,0,0,0,36,16,20
CROCKETT COUNTY,105,26 Years,38,20,18,12,5,7,0,0,0,0,0,0,0,0,0,26,15,11
CROCKETT COUNTY,105,27 Years,30,15,15,11,6,5,0,0,0,0,0,0,0,0,0,19,9,10
CROCKETT COUNTY,105,28 Years,20,12,8,7,5,2,0,0,0,0,0,0,0,0,0,13,7,6
CROCKETT COUNTY,105,29 Years,32,19,13,12,8,4,0,0,0,0,0,0,0,0,0,20,11,9
CROCKETT COUNTY,105,30 Years,38,17,21,14,9,5,0,0,0,0,0,0,0,0,0,24,8,16
CROCKETT COUNTY,105,31 Years,36,14,22,9,5,4,0,0,0,0,0,0,0,0,0,27,9,18
CROCKETT COUNTY,105,32 Years,33,17,16,9,4,5,0,0,0,0,0,0,0,0,0,24,13,11
CROCKETT COUNTY,105,33 Years,34,17,17,14,6,8,0,0,0,0,0,0,0,0,0,20,11,9
CROCKETT COUNTY,105,34 Years,38,15,23,14,6,8,0,0,0,0,0,0,0,0,0,24,9,15
CROCKETT COUNTY,105,35 Years,49,26,23,17,9,8,0,0,0,0,0,0,0,0,0,32,17,15
CROCKETT COUNTY,105,36 Years,49,29,20,19,10,9,0,0,0,0,0,0,0,0,0,30,19,11
CROCKETT COUNTY,105,37 Years,50,21,29,17,6,11,0,0,0,0,0,0,1,1,0,32,14,18
CROCKETT COUNTY,105,38 Years,36,15,21,14,7,7,0,0,0,0,0,0,0,0,0,22,8,14
CROCKETT COUNTY,105,39 Years,35,17,18,12,7,5,0,0,0,0,0,0,0,0,0,23,10,13
CROCKETT COUNTY,105,40 Years,38,17,21,9,5,4,1,0,1,0,0,0,0,0,0,28,12,16
CROCKETT COUNTY,105,41 Years,40,18,22,10,4,6,0,0,0,0,0,0,0,0,0,30,14,16
CROCKETT COUNTY,105,42 Years,31,15,16,8,4,4,0,0,0,0,0,0,0,0,0,23,11,12
CROCKETT COUNTY,105,43 Years,31,17,14,9,6,3,0,0,0,0,0,0,1,1,0,21,10,11
CROCKETT COUNTY,105,44 Years,45,23,22,13,6,7,0,0,0,0,0,0,1,1,0,31,16,15
CROCKETT COUNTY,105,45 Years,46,24,22,14,8,6,1,1,0,1,1,0,0,0,0,30,14,16
CROCKETT COUNTY,105,46 Years,44,27,17,11,7,4,0,0,0,0,0,0,1,0,1,32,20,12
CROCKETT COUNTY,105,47 Years,35,18,17,10,4,6,0,0,0,0,0,0,1,0,1,24,14,10
CROCKETT COUNTY,105,48 Years,38,20,18,12,6,6,0,0,0,0,0,0,0,0,0,26,14,12
CROCKETT COUNTY,105,49 Years,37,19,18,11,5,6,0,0,0,0,0,0,0,0,0,26,14,12
CROCKETT COUNTY,105,50 Years,38,17,21,9,5,4,0,0,0,0,0,0,1,0,1,28,12,16
CROCKETT COUNTY,105,51 Years,49,26,23,15,9,6,0,0,0,1,0,1,2,2,0,31,15,16
CROCKETT COUNTY,105,52 Years,45,23,22,20,7,13,2,2,0,0,0,0,2,2,0,21,12,9
CROCKETT COUNTY,105,53 Years,42,17,25,21,9,12,1,1,0,0,0,0,1,0,1,19,7,12
CROCKETT COUNTY,105,54 Years,47,21,26,24,11,13,0,0,0,0,0,0,0,0,0,23,10,13
CROCKETT COUNTY,105,55 Years,44,24,20,16,9,7,0,0,0,2,0,2,0,0,0,26,15,11
CROCKETT COUNTY,105,56 Years,46,26,20,23,13,10,0,0,0,0,0,0,1,1,0,22,12,10
CROCKETT COUNTY,105,57 Years,50,25,25,24,12,12,0,0,0,0,0,0,0,0,0,26,13,13
CROCKETT COUNTY,105,58 Years,51,27,24,27,13,14,0,0,0,0,0,0,1,1,0,23,13,10
CROCKETT COUNTY,105,59 Years,56,28,28,24,10,14,0,0,0,1,0,1,2,2,0,29,16,13
CROCKETT COUNTY,105,60 Years,49,27,22,22,11,11,0,0,0,0,0,0,1,1,0,26,15,11
CROCKETT COUNTY,105,61 Years,59,32,27,30,15,15,0,0,0,1,0,1,0,0,0,28,17,11
CROCKETT COUNTY,105,62 Years,62,32,30,30,13,17,0,0,0,0,0,0,0,0,0,32,19,13
CROCKETT COUNTY,105,63 Years,50,29,21,26,14,12,0,0,0,1,1,0,0,0,0,23,14,9
CROCKETT COUNTY,105,64 Years,49,25,24,20,12,8,0,0,0,1,1,0,0,0,0,28,12,16
CROCKETT COUNTY,105,65 Years,43,24,19,19,13,6,0,0,0,0,0,0,0,0,0,24,11,13
CROCKETT COUNTY,105,66 Years,39,21,18,17,8,9,0,0,0,0,0,0,2,2,0,20,11,9
CROCKETT COUNTY,105,67 Years,38,14,24,16,5,11,0,0,0,0,0,0,1,0,1,21,9,12
CROCKETT COUNTY,105,68 Years,39,21,18,21,10,11,0,0,0,1,1,0,1,1,0,16,9,7
CROCKETT COUNTY,105,69 Years,35,19,16,22,12,10,0,0,0,0,0,0,0,0,0,13,7,6
CROCKETT COUNTY,105,70 Years,39,19,20,20,11,9,1,0,1,0,0,0,0,0,0,18,8,10
CROCKETT COUNTY,105,71 Years,29,14,15,12,6,6,0,0,0,0,0,0,0,0,0,17,8,9
CROCKETT COUNTY,105,72 Years,31,15,16,17,9,8,0,0,0,0,0,0,0,0,0,14,6,8
CROCKETT COUNTY,105,73 Years,37,18,19,14,6,8,0,0,0,0,0,0,1,1,0,22,11,11
CROCKETT COUNTY,105,74 Years,34,17,17,16,8,8,0,0,0,0,0,0,0,0,0,18,9,9
CROCKETT COUNTY,105,75 Years,29,13,16,13,5,8,1,1,0,0,0,0,0,0,0,15,7,8
CROCKETT COUNTY,105,76 Years,26,8,18,12,3,9,1,0,1,0,0,0,0,0,0,13,5,8
CROCKETT COUNTY,105,77 Years,23,10,13,9,3,6,0,0,0,0,0,0,0,0,0,14,7,7
CROCKETT COUNTY,105,78 Years,21,10,11,9,4,5,1,1,0,0,0,0,0,0,0,11,5,6
CROCKETT COUNTY,105,79 Years,21,11,10,8,4,4,1,1,0,0,0,0,0,0,0,12,6,6
CROCKETT COUNTY,105,80 Years,18,9,9,11,5,6,1,1,0,0,0,0,0,0,0,6,3,3
CROCKETT COUNTY,105,81 Years,18,9,9,8,4,4,0,0,0,0,0,0,0,0,0,10,5,5
CROCKETT COUNTY,105,82 Years,19,10,9,8,3,5,0,0,0,0,0,0,0,0,0,11,7,4
CROCKETT COUNTY,105,83 Years,17,9,8,7,4,3,0,0,0,0,0,0,0,0,0,10,5,5
CROCKETT COUNTY,105,84 Years,18,8,10,9,4,5,0,0,0,0,0,0,0,0,0,9,4,5
CROCKETT COUNTY,105,85 Years,16,5,11,8,3,5,0,0,0,0,0,0,0,0,0,8,2,6
CROCKETT COUNTY,105,86 Years,16,6,10,8,3,5,0,0,0,0,0,0,0,0,0,8,3,5
CROCKETT COUNTY,105,87 Years,12,5,7,5,2,3,0,0,0,0,0,0,0,0,0,7,3,4
CROCKETT COUNTY,105,88 Years,8,5,3,5,3,2,0,0,0,0,0,0,0,0,0,3,2,1
CROCKETT COUNTY,105,89 Years,11,6,5,6,3,3,0,0,0,0,0,0,0,0,0,5,3,2
CROCKETT COUNTY,105,90 Years,8,2,6,5,2,3,0,0,0,0,0,0,0,0,0,3,0,3
CROCKETT COUNTY,105,91 Years,5,1,4,2,1,1,1,0,1,0,0,0,0,0,0,2,0,2
CROCKETT COUNTY,105,92 Years,7,3,4,3,2,1,0,0,0,0,0,0,0,0,0,4,1,3
CROCKETT COUNTY,105,93 Years,7,2,5,2,0,2,0,0,0,0,0,0,0,0,0,5,2,3
CROCKETT COUNTY,105,94 Years,5,2,3,1,0,1,0,0,0,0,0,0,0,0,0,4,2,2
CROCKETT COUNTY,105,95 Years +,16,5,11,5,1,4,1,1,0,0,0,0,0,0,0,10,3,7
CROSBY COUNTY,107,All Ages,5843,2800,3043,2213,1036,1177,191,89,102,3,1,2,63,34,29,3373,1640,1733
CROSBY COUNTY,107,< 1 Year,72,39,33,13,7,6,0,0,0,0,0,0,0,0,0,59,32,27
CROSBY COUNTY,107,1 Years,77,42,35,14,7,7,2,1,1,0,0,0,0,0,0,61,34,27
CROSBY COUNTY,107,2 Years,87,47,40,18,9,9,2,1,1,0,0,0,0,0,0,67,37,30
CROSBY COUNTY,107,3 Years,82,43,39,16,8,8,1,0,1,0,0,0,1,1,0,64,34,30
CROSBY COUNTY,107,4 Years,77,38,39,15,8,7,0,0,0,0,0,0,1,1,0,61,29,32
CROSBY COUNTY,107,5 Years,71,31,40,15,8,7,0,0,0,0,0,0,2,1,1,54,22,32
CROSBY COUNTY,107,6 Years,79,35,44,13,6,7,1,1,0,0,0,0,0,0,0,65,28,37
CROSBY COUNTY,107,7 Years,102,58,44,17,9,8,2,2,0,0,0,0,1,1,0,82,46,36
CROSBY COUNTY,107,8 Years,82,41,41,22,10,12,3,1,2,0,0,0,0,0,0,57,30,27
CROSBY COUNTY,107,9 Years,94,51,43,24,17,7,6,2,4,0,0,0,1,0,1,63,32,31
CROSBY COUNTY,107,10 Years,100,45,55,27,12,15,6,2,4,0,0,0,3,1,2,64,30,34
CROSBY COUNTY,107,11 Years,98,49,49,27,13,14,4,2,2,0,0,0,2,1,1,65,33,32
CROSBY COUNTY,107,12 Years,84,48,36,21,10,11,2,2,0,0,0,0,1,1,0,60,35,25
CROSBY COUNTY,107,13 Years,92,44,48,25,14,11,2,1,1,0,0,0,1,1,0,64,28,36
CROSBY COUNTY,107,14 Years,87,41,46,26,12,14,2,1,1,0,0,0,0,0,0,59,28,31
CROSBY COUNTY,107,15 Years,86,45,41,21,12,9,4,3,1,0,0,0,0,0,0,61,30,31
CROSBY COUNTY,107,16 Years,78,39,39,21,10,11,2,2,0,0,0,0,1,1,0,54,26,28
CROSBY COUNTY,107,17 Years,82,38,44,21,9,12,2,1,1,0,0,0,0,0,0,59,28,31
CROSBY COUNTY,107,18 Years,73,34,39,19,8,11,3,1,2,0,0,0,0,0,0,51,25,26
CROSBY COUNTY,107,19 Years,74,33,41,18,9,9,3,1,2,0,0,0,0,0,0,53,23,30
CROSBY COUNTY,107,20 Years,72,41,31,14,6,8,6,4,2,0,0,0,1,1,0,51,30,21
CROSBY COUNTY,107,21 Years,67,32,35,14,6,8,2,2,0,0,0,0,0,0,0,51,24,27
CROSBY COUNTY,107,22 Years,72,36,36,15,10,5,2,2,0,0,0,0,1,0,1,54,24,30
CROSBY COUNTY,107,23 Years,87,42,45,25,16,9,2,2,0,0,0,0,2,0,2,58,24,34
CROSBY COUNTY,107,24 Years,107,50,57,32,18,14,2,1,1,1,0,1,2,0,2,70,31,39
CROSBY COUNTY,107,25 Years,93,44,49,27,16,11,1,1,0,0,0,0,1,0,1,64,27,37
CROSBY COUNTY,107,26 Years,64,28,36,11,5,6,1,1,0,0,0,0,1,1,0,51,21,30
CROSBY COUNTY,107,27 Years,64,30,34,17,8,9,1,1,0,0,0,0,2,2,0,44,19,25
CROSBY COUNTY,107,28 Years,69,40,29,20,14,6,3,3,0,0,0,0,1,1,0,45,22,23
CROSBY COUNTY,107,29 Years,56,28,28,11,5,6,1,1,0,0,0,0,1,1,0,43,21,22
CROSBY COUNTY,107,30 Years,55,26,29,16,8,8,1,0,1,0,0,0,2,0,2,36,18,18
CROSBY COUNTY,107,31 Years,47,24,23,18,9,9,1,0,1,0,0,0,1,0,1,27,15,12
CROSBY COUNTY,107,32 Years,58,24,34,26,11,15,1,0,1,0,0,0,0,0,0,31,13,18
CROSBY COUNTY,107,33 Years,59,26,33,22,10,12,3,0,3,0,0,0,0,0,0,34,16,18
CROSBY COUNTY,107,34 Years,55,27,28,21,13,8,1,0,1,0,0,0,0,0,0,33,14,19
CROSBY COUNTY,107,35 Years,61,26,35,26,8,18,1,1,0,0,0,0,0,0,0,34,17,17
CROSBY COUNTY,107,36 Years,56,25,31,19,6,13,3,1,2,0,0,0,0,0,0,34,18,16
CROSBY COUNTY,107,37 Years,57,27,30,17,7,10,2,0,2,0,0,0,0,0,0,38,20,18
CROSBY COUNTY,107,38 Years,58,32,26,22,13,9,3,2,1,0,0,0,0,0,0,33,17,16
CROSBY COUNTY,107,39 Years,67,29,38,19,7,12,5,2,3,0,0,0,2,0,2,41,20,21
CROSBY COUNTY,107,40 Years,66,28,38,18,6,12,2,1,1,0,0,0,0,0,0,46,21,25
CROSBY COUNTY,107,41 Years,54,25,29,18,7,11,0,0,0,0,0,0,0,0,0,36,18,18
CROSBY COUNTY,107,42 Years,52,26,26,16,6,10,2,1,1,0,0,0,1,1,0,33,18,15
CROSBY COUNTY,107,43 Years,46,22,24,17,8,9,1,1,0,1,1,0,0,0,0,27,12,15
CROSBY COUNTY,107,44 Years,59,29,30,20,9,11,2,1,1,1,0,1,0,0,0,36,19,17
CROSBY COUNTY,107,45 Years,57,26,31,22,10,12,1,0,1,0,0,0,0,0,0,34,16,18
CROSBY COUNTY,107,46 Years,65,33,32,25,12,13,2,1,1,0,0,0,0,0,0,38,20,18
CROSBY COUNTY,107,47 Years,60,29,31,23,11,12,3,1,2,0,0,0,0,0,0,34,17,17
CROSBY COUNTY,107,48 Years,55,22,33,19,8,11,1,0,1,0,0,0,0,0,0,35,14,21
CROSBY COUNTY,107,49 Years,65,31,34,30,15,15,0,0,0,0,0,0,0,0,0,35,16,19
CROSBY COUNTY,107,50 Years,60,28,32,20,10,10,2,2,0,0,0,0,1,0,1,37,16,21
CROSBY COUNTY,107,51 Years,66,37,29,20,12,8,4,2,2,0,0,0,1,0,1,41,23,18
CROSBY COUNTY,107,52 Years,68,32,36,31,15,16,2,1,1,0,0,0,2,0,2,33,16,17
CROSBY COUNTY,107,53 Years,57,28,29,30,15,15,1,1,0,0,0,0,1,0,1,25,12,13
CROSBY COUNTY,107,54 Years,61,24,37,32,13,19,1,1,0,0,0,0,2,1,1,26,9,17
CROSBY COUNTY,107,55 Years,70,33,37,30,16,14,3,0,3,0,0,0,1,1,0,36,16,20
CROSBY COUNTY,107,56 Years,70,38,32,35,20,15,2,1,1,0,0,0,1,1,0,32,16,16
CROSBY COUNTY,107,57 Years,89,44,45,44,20,24,2,1,1,0,0,0,1,1,0,42,22,20
CROSBY COUNTY,107,58 Years,71,33,38,37,14,23,1,1,0,0,0,0,0,0,0,33,18,15
CROSBY COUNTY,107,59 Years,74,32,42,39,16,23,4,2,2,0,0,0,1,1,0,30,13,17
CROSBY COUNTY,107,60 Years,80,39,41,40,18,22,3,1,2,0,0,0,1,1,0,36,19,17
CROSBY COUNTY,107,61 Years,84,41,43,47,26,21,2,1,1,0,0,0,1,0,1,34,14,20
CROSBY COUNTY,107,62 Years,63,33,30,34,16,18,0,0,0,0,0,0,2,2,0,27,15,12
CROSBY COUNTY,107,63 Years,71,33,38,35,15,20,1,1,0,0,0,0,1,1,0,34,16,18
CROSBY COUNTY,107,64 Years,69,34,35,37,19,18,3,1,2,0,0,0,2,1,1,27,13,14
CROSBY COUNTY,107,65 Years,72,38,34,36,18,18,3,1,2,0,0,0,1,0,1,32,19,13
CROSBY COUNTY,107,66 Years,71,38,33,40,20,20,1,0,1,0,0,0,1,0,1,29,18,11
CROSBY COUNTY,107,67 Years,58,27,31,38,17,21,0,0,0,0,0,0,0,0,0,20,10,10
CROSBY COUNTY,107,68 Years,70,34,36,40,18,22,2,1,1,0,0,0,1,0,1,27,15,12
CROSBY COUNTY,107,69 Years,73,30,43,42,19,23,2,0,2,0,0,0,1,0,1,28,11,17
CROSBY COUNTY,107,70 Years,49,25,24,27,15,12,3,1,2,0,0,0,0,0,0,19,9,10
CROSBY COUNTY,107,71 Years,54,30,24,27,14,13,3,1,2,0,0,0,1,1,0,23,14,9
CROSBY COUNTY,107,72 Years,71,30,41,36,15,21,2,0,2,0,0,0,3,3,0,30,12,18
CROSBY COUNTY,107,73 Years,63,27,36,40,18,22,0,0,0,0,0,0,2,2,0,21,7,14
CROSBY COUNTY,107,74 Years,68,30,38,41,16,25,3,2,1,0,0,0,1,0,1,23,12,11
CROSBY COUNTY,107,75 Years,60,30,30,40,19,21,3,1,2,0,0,0,0,0,0,17,10,7
CROSBY COUNTY,107,76 Years,52,22,30,33,16,17,2,0,2,0,0,0,0,0,0,17,6,11
CROSBY COUNTY,107,77 Years,48,21,27,30,13,17,1,0,1,0,0,0,0,0,0,17,8,9
CROSBY COUNTY,107,78 Years,44,17,27,32,11,21,1,1,0,0,0,0,1,1,0,10,4,6
CROSBY COUNTY,107,79 Years,32,12,20,22,8,14,1,0,1,0,0,0,1,1,0,8,3,5
CROSBY COUNTY,107,80 Years,42,19,23,25,11,14,3,2,1,0,0,0,0,0,0,14,6,8
CROSBY COUNTY,107,81 Years,33,15,18,18,8,10,0,0,0,0,0,0,0,0,0,15,7,8
CROSBY COUNTY,107,82 Years,29,15,14,19,10,9,2,0,2,0,0,0,0,0,0,8,5,3
CROSBY COUNTY,107,83 Years,30,15,15,15,7,8,4,2,2,0,0,0,0,0,0,11,6,5
CROSBY COUNTY,107,84 Years,25,10,15,12,5,7,4,2,2,0,0,0,0,0,0,9,3,6
CROSBY COUNTY,107,85 Years,29,8,21,16,4,12,4,0,4,0,0,0,0,0,0,9,4,5
CROSBY COUNTY,107,86 Years,22,7,15,12,3,9,3,2,1,0,0,0,0,0,0,7,2,5
CROSBY COUNTY,107,87 Years,18,7,11,10,3,7,1,1,0,0,0,0,0,0,0,7,3,4
CROSBY COUNTY,107,88 Years,14,5,9,8,2,6,0,0,0,0,0,0,0,0,0,6,3,3
CROSBY COUNTY,107,89 Years,16,3,13,10,1,9,2,0,2,0,0,0,0,0,0,4,2,2
CROSBY COUNTY,107,90 Years,13,5,8,9,3,6,2,0,2,0,0,0,0,0,0,2,2,0
CROSBY COUNTY,107,91 Years,11,5,6,6,3,3,1,0,1,0,0,0,0,0,0,4,2,2
CROSBY COUNTY,107,92 Years,8,3,5,5,2,3,0,0,0,0,0,0,0,0,0,3,1,2
CROSBY COUNTY,107,93 Years,5,2,3,4,1,3,0,0,0,0,0,0,0,0,0,1,1,0
CROSBY COUNTY,107,94 Years,7,3,4,3,1,2,1,0,1,0,0,0,0,0,0,3,2,1
CROSBY COUNTY,107,95 Years +,23,9,14,13,4,9,3,2,1,0,0,0,0,0,0,7,3,4
CULBERSON COUNTY,109,All Ages,2211,1044,1167,511,262,249,8,3,5,21,10,11,47,27,20,1624,742,882
CULBERSON COUNTY,109,< 1 Year,34,15,19,9,2,7,0,0,0,0,0,0,0,0,0,25,13,12
CULBERSON COUNTY,109,1 Years,35,17,18,6,2,4,0,0,0,0,0,0,1,1,0,28,14,14
CULBERSON COUNTY,109,2 Years,33,19,14,7,3,4,0,0,0,0,0,0,2,2,0,24,14,10
CULBERSON COUNTY,109,3 Years,31,18,13,6,4,2,0,0,0,0,0,0,1,0,1,24,14,10
CULBERSON COUNTY,109,4 Years,27,13,14,5,3,2,0,0,0,0,0,0,0,0,0,22,10,12
CULBERSON COUNTY,109,5 Years,27,12,15,4,2,2,0,0,0,0,0,0,1,0,1,22,10,12
CULBERSON COUNTY,109,6 Years,26,9,17,5,1,4,0,0,0,0,0,0,1,0,1,20,8,12
CULBERSON COUNTY,109,7 Years,27,8,19,4,2,2,0,0,0,0,0,0,0,0,0,23,6,17
CULBERSON COUNTY,109,8 Years,30,12,18,6,4,2,0,0,0,0,0,0,0,0,0,24,8,16
CULBERSON COUNTY,109,9 Years,30,17,13,4,3,1,0,0,0,0,0,0,0,0,0,26,14,12
CULBERSON COUNTY,109,10 Years,21,11,10,3,1,2,0,0,0,0,0,0,0,0,0,18,10,8
CULBERSON COUNTY,109,11 Years,22,7,15,4,1,3,0,0,0,0,0,0,0,0,0,18,6,12
CULBERSON COUNTY,109,12 Years,20,7,13,3,1,2,0,0,0,0,0,0,0,0,0,17,6,11
CULBERSON COUNTY,109,13 Years,20,10,10,1,0,1,0,0,0,0,0,0,0,0,0,19,10,9
CULBERSON COUNTY,109,14 Years,27,12,15,5,3,2,0,0,0,1,0,1,0,0,0,21,9,12
CULBERSON COUNTY,109,15 Years,23,11,12,4,2,2,1,1,0,0,0,0,0,0,0,18,8,10
CULBERSON COUNTY,109,16 Years,24,14,10,6,4,2,0,0,0,0,0,0,0,0,0,18,10,8
CULBERSON COUNTY,109,17 Years,23,13,10,7,4,3,0,0,0,0,0,0,1,1,0,15,8,7
CULBERSON COUNTY,109,18 Years,19,11,8,5,3,2,0,0,0,0,0,0,0,0,0,14,8,6
CULBERSON COUNTY,109,19 Years,23,13,10,5,3,2,0,0,0,1,1,0,1,1,0,16,8,8
CULBERSON COUNTY,109,20 Years,22,13,9,7,4,3,0,0,0,0,0,0,2,2,0,13,7,6
CULBERSON COUNTY,109,21 Years,25,14,11,6,3,3,0,0,0,0,0,0,2,2,0,17,9,8
CULBERSON COUNTY,109,22 Years,27,12,15,6,1,5,0,0,0,0,0,0,1,1,0,20,10,10
CULBERSON COUNTY,109,23 Years,28,16,12,6,4,2,0,0,0,0,0,0,3,2,1,19,10,9
CULBERSON COUNTY,109,24 Years,25,13,12,3,2,1,0,0,0,0,0,0,2,1,1,20,10,10
CULBERSON COUNTY,109,25 Years,27,9,18,5,2,3,0,0,0,0,0,0,1,0,1,21,7,14
CULBERSON COUNTY,109,26 Years,26,10,16,4,1,3,0,0,0,0,0,0,1,1,0,21,8,13
CULBERSON COUNTY,109,27 Years,30,15,15,3,1,2,0,0,0,0,0,0,2,1,1,25,13,12
CULBERSON COUNTY,109,28 Years,32,14,18,4,2,2,0,0,0,0,0,0,1,1,0,27,11,16
CULBERSON COUNTY,109,29 Years,23,13,10,3,2,1,0,0,0,1,1,0,0,0,0,19,10,9
CULBERSON COUNTY,109,30 Years,23,13,10,4,2,2,0,0,0,1,1,0,0,0,0,18,10,8
CULBERSON COUNTY,109,31 Years,23,10,13,6,2,4,0,0,0,0,0,0,0,0,0,17,8,9
CULBERSON COUNTY,109,32 Years,22,8,14,8,4,4,0,0,0,1,0,1,0,0,0,13,4,9
CULBERSON COUNTY,109,33 Years,17,11,6,5,5,0,0,0,0,0,0,0,0,0,0,12,6,6
CULBERSON COUNTY,109,34 Years,23,11,12,4,3,1,0,0,0,1,0,1,1,1,0,17,7,10
CULBERSON COUNTY,109,35 Years,27,14,13,5,4,1,0,0,0,1,0,1,0,0,0,21,10,11
CULBERSON COUNTY,109,36 Years,26,11,15,6,4,2,0,0,0,2,1,1,0,0,0,18,6,12
CULBERSON COUNTY,109,37 Years,28,13,15,6,3,3,0,0,0,0,0,0,1,0,1,21,10,11
CULBERSON COUNTY,109,38 Years,21,11,10,2,1,1,0,0,0,0,0,0,0,0,0,19,10,9
CULBERSON COUNTY,109,39 Years,24,9,15,5,2,3,0,0,0,1,0,1,0,0,0,18,7,11
CULBERSON COUNTY,109,40 Years,24,12,12,6,3,3,0,0,0,1,0,1,0,0,0,17,9,8
CULBERSON COUNTY,109,41 Years,19,12,7,6,3,3,0,0,0,1,1,0,0,0,0,12,8,4
CULBERSON COUNTY,109,42 Years,20,9,11,3,1,2,0,0,0,0,0,0,1,0,1,16,8,8
CULBERSON COUNTY,109,43 Years,25,8,17,6,2,4,0,0,0,1,0,1,0,0,0,18,6,12
CULBERSON COUNTY,109,44 Years,25,14,11,3,2,1,0,0,0,0,0,0,0,0,0,22,12,10
CULBERSON COUNTY,109,45 Years,26,15,11,5,4,1,0,0,0,0,0,0,0,0,0,21,11,10
CULBERSON COUNTY,109,46 Years,26,15,11,6,4,2,0,0,0,0,0,0,0,0,0,20,11,9
CULBERSON COUNTY,109,47 Years,23,11,12,6,4,2,1,1,0,0,0,0,1,0,1,15,6,9
CULBERSON COUNTY,109,48 Years,23,9,14,4,2,2,1,0,1,0,0,0,1,0,1,17,7,10
CULBERSON COUNTY,109,49 Years,26,14,12,3,3,0,1,0,1,0,0,0,0,0,0,22,11,11
CULBERSON COUNTY,109,50 Years,30,13,17,6,3,3,0,0,0,0,0,0,1,0,1,23,10,13
CULBERSON COUNTY,109,51 Years,30,13,17,7,4,3,0,0,0,0,0,0,0,0,0,23,9,14
CULBERSON COUNTY,109,52 Years,34,17,17,8,4,4,0,0,0,1,1,0,0,0,0,25,12,13
CULBERSON COUNTY,109,53 Years,29,13,16,6,3,3,0,0,0,0,0,0,0,0,0,23,10,13
CULBERSON COUNTY,109,54 Years,27,11,16,7,3,4,0,0,0,0,0,0,1,0,1,19,8,11
CULBERSON COUNTY,109,55 Years,32,17,15,7,4,3,0,0,0,1,1,0,1,0,1,23,12,11
CULBERSON COUNTY,109,56 Years,32,15,17,3,2,1,0,0,0,0,0,0,1,0,1,28,13,15
CULBERSON COUNTY,109,57 Years,27,11,16,4,2,2,0,0,0,0,0,0,0,0,0,23,9,14
CULBERSON COUNTY,109,58 Years,28,16,12,7,4,3,0,0,0,0,0,0,1,1,0,20,11,9
CULBERSON COUNTY,109,59 Years,35,18,17,10,4,6,0,0,0,0,0,0,1,1,0,24,13,11
CULBERSON COUNTY,109,60 Years,33,16,17,8,3,5,0,0,0,0,0,0,2,0,2,23,13,10
CULBERSON COUNTY,109,61 Years,32,15,17,8,4,4,0,0,0,0,0,0,1,0,1,23,11,12
CULBERSON COUNTY,109,62 Years,34,16,18,9,5,4,0,0,0,1,1,0,0,0,0,24,10,14
CULBERSON COUNTY,109,63 Years,27,11,16,9,4,5,0,0,0,0,0,0,1,1,0,17,6,11
CULBERSON COUNTY,109,64 Years,29,13,16,10,5,5,0,0,0,0,0,0,2,2,0,17,6,11
CULBERSON COUNTY,109,65 Years,33,14,19,11,5,6,0,0,0,0,0,0,1,1,0,21,8,13
CULBERSON COUNTY,109,66 Years,28,10,18,6,1,5,0,0,0,1,0,1,0,0,0,21,9,12
CULBERSON COUNTY,109,67 Years,30,13,17,8,3,5,0,0,0,0,0,0,1,0,1,21,10,11
CULBERSON COUNTY,109,68 Years,30,16,14,9,6,3,0,0,0,0,0,0,1,1,0,20,9,11
CULBERSON COUNTY,109,69 Years,28,14,14,7,5,2,0,0,0,0,0,0,0,0,0,21,9,12
CULBERSON COUNTY,109,70 Years,26,9,17,5,3,2,0,0,0,1,1,0,1,0,1,19,5,14
CULBERSON COUNTY,109,71 Years,24,7,17,6,2,4,0,0,0,0,0,0,0,0,0,18,5,13
CULBERSON COUNTY,109,72 Years,20,8,12,7,3,4,0,0,0,0,0,0,0,0,0,13,5,8
CULBERSON COUNTY,109,73 Years,26,16,10,12,7,5,0,0,0,0,0,0,1,1,0,13,8,5
CULBERSON COUNTY,109,74 Years,18,10,8,7,5,2,0,0,0,0,0,0,0,0,0,11,5,6
CULBERSON COUNTY,109,75 Years,14,7,7,6,3,3,0,0,0,0,0,0,0,0,0,8,4,4
CULBERSON COUNTY,109,76 Years,17,5,12,6,1,5,1,0,1,0,0,0,0,0,0,10,4,6
CULBERSON COUNTY,109,77 Years,11,3,8,3,1,2,0,0,0,0,0,0,0,0,0,8,2,6
CULBERSON COUNTY,109,78 Years,15,9,6,5,4,1,2,1,1,0,0,0,0,0,0,8,4,4
CULBERSON COUNTY,109,79 Years,14,6,8,4,2,2,1,0,1,1,1,0,0,0,0,8,3,5
CULBERSON COUNTY,109,80 Years,19,6,13,8,2,6,0,0,0,1,0,1,0,0,0,10,4,6
CULBERSON COUNTY,109,81 Years,16,6,10,7,2,5,0,0,0,0,0,0,0,0,0,9,4,5
CULBERSON COUNTY,109,82 Years,13,6,7,2,1,1,0,0,0,0,0,0,0,0,0,11,5,6
CULBERSON COUNTY,109,83 Years,11,5,6,1,1,0,0,0,0,1,0,1,1,1,0,8,3,5
CULBERSON COUNTY,109,84 Years,9,3,6,3,1,2,0,0,0,0,0,0,1,1,0,5,1,4
CULBERSON COUNTY,109,85 Years,14,7,7,5,4,1,0,0,0,0,0,0,0,0,0,9,3,6
CULBERSON COUNTY,109,86 Years,12,4,8,4,2,2,0,0,0,0,0,0,0,0,0,8,2,6
CULBERSON COUNTY,109,87 Years,10,7,3,5,4,1,0,0,0,0,0,0,0,0,0,5,3,2
CULBERSON COUNTY,109,88 Years,12,7,5,4,3,1,0,0,0,0,0,0,0,0,0,8,4,4
CULBERSON COUNTY,109,89 Years,10,4,6,4,1,3,0,0,0,0,0,0,0,0,0,6,3,3
CULBERSON COUNTY,109,90 Years,7,4,3,4,2,2,0,0,0,0,0,0,0,0,0,3,2,1
CULBERSON COUNTY,109,91 Years,6,4,2,2,2,0,0,0,0,0,0,0,0,0,0,4,2,2
CULBERSON COUNTY,109,92 Years,4,2,2,1,1,0,0,0,0,0,0,0,0,0,0,3,1,2
CULBERSON COUNTY,109,93 Years,3,2,1,0,0,0,0,0,0,0,0,0,0,0,0,3,2,1
CULBERSON COUNTY,109,94 Years,6,4,2,2,2,0,0,0,0,0,0,0,0,0,0,4,2,2
CULBERSON COUNTY,109,95 Years +,8,3,5,3,1,2,0,0,0,0,0,0,0,0,0,5,2,3
DALLAM COUNTY,111,All Ages,7327,3796,3531,3640,1852,1788,92,51,41,38,17,21,235,142,93,3322,1734,1588
DALLAM COUNTY,111,< 1 Year,140,72,68,38,18,20,2,1,1,0,0,0,21,14,7,79,39,40
DALLAM COUNTY,111,1 Years,136,71,65,39,19,20,0,0,0,0,0,0,17,11,6,80,41,39
DALLAM COUNTY,111,2 Years,132,69,63,42,20,22,0,0,0,0,0,0,16,11,5,74,38,36
DALLAM COUNTY,111,3 Years,124,67,57,44,22,22,0,0,0,0,0,0,13,8,5,67,37,30
DALLAM COUNTY,111,4 Years,119,62,57,47,23,24,0,0,0,0,0,0,11,7,4,61,32,29
DALLAM COUNTY,111,5 Years,126,66,60,51,25,26,1,1,0,0,0,0,8,4,4,66,36,30
DALLAM COUNTY,111,6 Years,128,62,66,57,25,32,2,1,1,0,0,0,4,3,1,65,33,32
DALLAM COUNTY,111,7 Years,107,54,53,46,22,24,0,0,0,0,0,0,4,3,1,57,29,28
DALLAM COUNTY,111,8 Years,128,67,61,56,29,27,0,0,0,0,0,0,2,0,2,70,38,32
DALLAM COUNTY,111,9 Years,131,70,61,54,26,28,1,0,1,2,0,2,4,3,1,70,41,29
DALLAM COUNTY,111,10 Years,131,62,69,52,24,28,0,0,0,2,0,2,5,4,1,72,34,38
DALLAM COUNTY,111,11 Years,141,69,72,57,28,29,4,3,1,0,0,0,4,2,2,76,36,40
DALLAM COUNTY,111,12 Years,114,61,53,54,30,24,1,1,0,0,0,0,8,4,4,51,26,25
DALLAM COUNTY,111,13 Years,127,69,58,46,24,22,1,0,1,2,0,2,7,6,1,71,39,32
DALLAM COUNTY,111,14 Years,133,71,62,56,30,26,1,0,1,2,1,1,4,4,0,70,36,34
DALLAM COUNTY,111,15 Years,118,64,54,45,24,21,1,0,1,1,0,1,1,1,0,70,39,31
DALLAM COUNTY,111,16 Years,107,54,53,40,18,22,1,0,1,0,0,0,2,1,1,64,35,29
DALLAM COUNTY,111,17 Years,110,48,62,51,19,32,1,0,1,0,0,0,3,0,3,55,29,26
DALLAM COUNTY,111,18 Years,111,55,56,43,22,21,2,1,1,2,2,0,4,1,3,60,29,31
DALLAM COUNTY,111,19 Years,93,50,43,32,16,16,0,0,0,2,2,0,3,1,2,56,31,25
DALLAM COUNTY,111,20 Years,93,48,45,38,16,22,1,1,0,0,0,0,2,1,1,52,30,22
DALLAM COUNTY,111,21 Years,95,52,43,44,22,22,2,1,1,0,0,0,1,1,0,48,28,20
DALLAM COUNTY,111,22 Years,98,52,46,39,21,18,3,0,3,0,0,0,1,1,0,55,30,25
DALLAM COUNTY,111,23 Years,102,55,47,49,29,20,2,2,0,0,0,0,1,1,0,50,23,27
DALLAM COUNTY,111,24 Years,122,64,58,63,32,31,1,1,0,0,0,0,4,3,1,54,28,26
DALLAM COUNTY,111,25 Years,112,61,51,61,35,26,1,0,1,0,0,0,2,1,1,48,25,23
DALLAM COUNTY,111,26 Years,114,59,55,55,29,26,2,0,2,0,0,0,1,0,1,56,30,26
DALLAM COUNTY,111,27 Years,105,53,52,42,23,19,2,0,2,0,0,0,0,0,0,61,30,31
DALLAM COUNTY,111,28 Years,102,56,46,44,24,20,2,1,1,0,0,0,1,1,0,55,30,25
DALLAM COUNTY,111,29 Years,104,52,52,53,28,25,1,0,1,0,0,0,2,2,0,48,22,26
DALLAM COUNTY,111,30 Years,90,38,52,42,19,23,1,0,1,1,0,1,2,1,1,44,18,26
DALLAM COUNTY,111,31 Years,111,48,63,59,23,36,1,1,0,1,1,0,2,1,1,48,22,26
DALLAM COUNTY,111,32 Years,111,50,61,62,26,36,3,1,2,1,1,0,4,2,2,41,20,21
DALLAM COUNTY,111,33 Years,107,48,59,61,25,36,1,0,1,1,1,0,2,1,1,42,21,21
DALLAM COUNTY,111,34 Years,105,49,56,61,25,36,1,1,0,0,0,0,1,1,0,42,22,20
DALLAM COUNTY,111,35 Years,94,53,41,51,25,26,1,1,0,0,0,0,2,1,1,40,26,14
DALLAM COUNTY,111,36 Years,92,51,41,50,25,25,1,1,0,1,1,0,0,0,0,40,24,16
DALLAM COUNTY,111,37 Years,102,62,40,51,33,18,2,1,1,1,0,1,4,1,3,44,27,17
DALLAM COUNTY,111,38 Years,88,49,39,47,25,22,2,2,0,1,0,1,1,1,0,37,21,16
DALLAM COUNTY,111,39 Years,87,44,43,40,19,21,1,0,1,1,1,0,1,0,1,44,24,20
DALLAM COUNTY,111,40 Years,76,33,43,37,13,24,2,2,0,1,0,1,4,2,2,32,16,16
DALLAM COUNTY,111,41 Years,81,42,39,33,16,17,3,2,1,0,0,0,1,1,0,44,23,21
DALLAM COUNTY,111,42 Years,94,50,44,46,26,20,1,0,1,2,0,2,0,0,0,45,24,21
DALLAM COUNTY,111,43 Years,98,43,55,52,24,28,1,0,1,2,1,1,1,0,1,42,18,24
DALLAM COUNTY,111,44 Years,103,53,50,53,30,23,0,0,0,1,1,0,2,1,1,47,21,26
DALLAM COUNTY,111,45 Years,95,46,49,51,26,25,0,0,0,0,0,0,3,1,2,41,19,22
DALLAM COUNTY,111,46 Years,91,45,46,48,22,26,1,0,1,0,0,0,2,2,0,40,21,19
DALLAM COUNTY,111,47 Years,88,49,39,48,27,21,0,0,0,0,0,0,2,1,1,38,21,17
DALLAM COUNTY,111,48 Years,94,59,35,52,30,22,1,1,0,0,0,0,1,1,0,40,27,13
DALLAM COUNTY,111,49 Years,97,49,48,54,29,25,1,1,0,0,0,0,1,1,0,41,18,23
DALLAM COUNTY,111,50 Years,89,43,46,49,26,23,0,0,0,2,2,0,1,0,1,37,15,22
DALLAM COUNTY,111,51 Years,92,47,45,47,22,25,1,0,1,0,0,0,3,2,1,41,23,18
DALLAM COUNTY,111,52 Years,98,59,39,56,31,25,2,2,0,0,0,0,1,1,0,39,25,14
DALLAM COUNTY,111,53 Years,88,50,38,52,27,25,3,3,0,0,0,0,4,2,2,29,18,11
DALLAM COUNTY,111,54 Years,108,67,41,58,33,25,3,3,0,1,0,1,1,1,0,45,30,15
DALLAM COUNTY,111,55 Years,102,62,40,64,39,25,1,0,1,2,0,2,1,1,0,34,22,12
DALLAM COUNTY,111,56 Years,75,41,34,45,24,21,1,0,1,1,0,1,2,1,1,26,16,10
DALLAM COUNTY,111,57 Years,75,46,29,44,24,20,1,1,0,0,0,0,1,1,0,29,20,9
DALLAM COUNTY,111,58 Years,74,39,35,49,30,19,0,0,0,1,1,0,1,0,1,23,8,15
DALLAM COUNTY,111,59 Years,72,40,32,49,31,18,1,1,0,0,0,0,2,0,2,20,8,12
DALLAM COUNTY,111,60 Years,75,36,39,48,24,24,0,0,0,0,0,0,3,2,1,24,10,14
DALLAM COUNTY,111,61 Years,65,34,31,42,22,20,0,0,0,0,0,0,1,1,0,22,11,11
DALLAM COUNTY,111,62 Years,62,35,27,38,21,17,3,3,0,1,1,0,1,0,1,19,10,9
DALLAM COUNTY,111,63 Years,74,41,33,52,27,25,2,2,0,1,0,1,1,0,1,18,12,6
DALLAM COUNTY,111,64 Years,77,46,31,54,34,20,2,1,1,1,0,1,1,1,0,19,10,9
DALLAM COUNTY,111,65 Years,57,33,24,40,24,16,2,1,1,0,0,0,1,0,1,14,8,6
DALLAM COUNTY,111,66 Years,52,28,24,34,19,15,2,2,0,0,0,0,1,0,1,15,7,8
DALLAM COUNTY,111,67 Years,58,31,27,40,22,18,1,1,0,0,0,0,1,1,0,16,7,9
DALLAM COUNTY,111,68 Years,50,24,26,36,19,17,0,0,0,0,0,0,0,0,0,14,5,9
DALLAM COUNTY,111,69 Years,47,20,27,34,15,19,0,0,0,0,0,0,0,0,0,13,5,8
DALLAM COUNTY,111,70 Years,41,22,19,27,15,12,0,0,0,0,0,0,2,1,1,12,6,6
DALLAM COUNTY,111,71 Years,30,15,15,16,7,9,1,1,0,1,1,0,1,1,0,11,5,6
DALLAM COUNTY,111,72 Years,30,14,16,21,11,10,1,0,1,0,0,0,0,0,0,8,3,5
DALLAM COUNTY,111,73 Years,30,12,18,19,9,10,2,0,2,0,0,0,0,0,0,9,3,6
DALLAM COUNTY,111,74 Years,28,9,19,19,6,13,0,0,0,0,0,0,0,0,0,9,3,6
DALLAM COUNTY,111,75 Years,27,13,14,18,9,9,0,0,0,0,0,0,1,1,0,8,3,5
DALLAM COUNTY,111,76 Years,29,15,14,18,10,8,0,0,0,0,0,0,2,2,0,9,3,6
DALLAM COUNTY,111,77 Years,22,11,11,13,7,6,1,0,1,0,0,0,1,1,0,7,3,4
DALLAM COUNTY,111,78 Years,17,10,7,10,5,5,0,0,0,0,0,0,1,1,0,6,4,2
DALLAM COUNTY,111,79 Years,17,7,10,10,3,7,0,0,0,0,0,0,1,1,0,6,3,3
DALLAM COUNTY,111,80 Years,16,7,9,13,6,7,0,0,0,0,0,0,0,0,0,3,1,2
DALLAM COUNTY,111,81 Years,14,6,8,10,5,5,0,0,0,0,0,0,0,0,0,4,1,3
DALLAM COUNTY,111,82 Years,10,5,5,4,3,1,0,0,0,0,0,0,0,0,0,6,2,4
DALLAM COUNTY,111,83 Years,11,7,4,6,3,3,1,1,0,0,0,0,1,1,0,3,2,1
DALLAM COUNTY,111,84 Years,15,8,7,7,3,4,1,1,0,0,0,0,1,1,0,6,3,3
DALLAM COUNTY,111,85 Years,11,5,6,7,3,4,0,0,0,0,0,0,0,0,0,4,2,2
DALLAM COUNTY,111,86 Years,9,3,6,7,3,4,0,0,0,0,0,0,0,0,0,2,0,2
DALLAM COUNTY,111,87 Years,12,4,8,9,3,6,0,0,0,0,0,0,0,0,0,3,1,2
DALLAM COUNTY,111,88 Years,14,4,10,8,2,6,0,0,0,0,0,0,2,0,2,4,2,2
DALLAM COUNTY,111,89 Years,8,3,5,5,1,4,0,0,0,0,0,0,1,0,1,2,2,0
DALLAM COUNTY,111,90 Years,6,3,3,5,2,3,0,0,0,0,0,0,0,0,0,1,1,0
DALLAM COUNTY,111,91 Years,6,3,3,5,3,2,0,0,0,0,0,0,0,0,0,1,0,1
DALLAM COUNTY,111,92 Years,8,3,5,5,3,2,0,0,0,0,0,0,1,0,1,2,0,2
DALLAM COUNTY,111,93 Years,5,3,2,4,2,2,0,0,0,0,0,0,0,0,0,1,1,0
DALLAM COUNTY,111,94 Years,5,2,3,3,1,2,1,0,1,0,0,0,0,0,0,1,1,0
DALLAM COUNTY,111,95 Years +,9,4,5,4,2,2,0,0,0,0,0,0,1,0,1,4,2,2
DALLAS COUNTY,113,All Ages,2636276,1297657,1338619,773033,379657,393376,592314,274024,318290,166317,82526,83791,52800,25374,27426,1051812,536076,515736
DALLAS COUNTY,113,< 1 Year,41333,21186,20147,7513,3833,3680,8648,4462,4186,2195,1117,1078,1644,830,814,21333,10944,10389
DALLAS COUNTY,113,1 Years,41215,21055,20160,7508,3826,3682,8663,4432,4231,2327,1185,1142,1619,820,799,21098,10792,10306
DALLAS COUNTY,113,2 Years,41583,21256,20327,7702,3951,3751,8758,4453,4305,2425,1235,1190,1591,811,780,21107,10806,10301
DALLAS COUNTY,113,3 Years,41147,21063,20084,7651,3940,3711,8713,4423,4290,2467,1276,1191,1525,785,740,20791,10639,10152
DALLAS COUNTY,113,4 Years,40787,20973,19814,7465,3867,3598,8678,4435,4243,2452,1279,1173,1486,771,715,20706,10621,10085
DALLAS COUNTY,113,5 Years,40467,20785,19682,7303,3769,3534,8670,4432,4238,2406,1264,1142,1413,739,674,20675,10581,10094
DALLAS COUNTY,113,6 Years,40835,20863,19972,7250,3727,3523,8793,4481,4312,2370,1236,1134,1356,712,644,21066,10707,10359
DALLAS COUNTY,113,7 Years,37544,19042,18502,6513,3361,3152,8068,4116,3952,2019,1052,967,1147,580,567,19797,9933,9864
DALLAS COUNTY,113,8 Years,39142,19823,19319,6681,3401,3280,8524,4304,4220,2102,1072,1030,1173,574,599,20662,10472,10190
DALLAS COUNTY,113,9 Years,40067,20393,19674,6749,3408,3341,8774,4495,4279,2125,1068,1057,1205,598,607,21214,10824,10390
DALLAS COUNTY,113,10 Years,40064,20432,19632,6721,3460,3261,8902,4587,4315,2063,1025,1038,1104,529,575,21274,10831,10443
DALLAS COUNTY,113,11 Years,39426,20003,19423,6595,3393,3202,8843,4499,4344,2041,1027,1014,1056,514,542,20891,10570,10321
DALLAS COUNTY,113,12 Years,38589,19566,19023,6568,3364,3204,8583,4356,4227,2011,1021,990,951,467,484,20476,10358,10118
DALLAS COUNTY,113,13 Years,37768,19181,18587,6507,3317,3190,8382,4213,4169,2002,1046,956,912,451,461,19965,10154,9811
DALLAS COUNTY,113,14 Years,37033,18830,18203,6370,3268,3102,8196,4122,4074,1980,1006,974,874,440,434,19613,9994,9619
DALLAS COUNTY,113,15 Years,37356,19087,18269,6453,3316,3137,8267,4189,4078,1888,946,942,808,413,395,19940,10223,9717
DALLAS COUNTY,113,16 Years,38096,19507,18589,6847,3550,3297,8255,4218,4037,2065,1052,1013,797,388,409,20132,10299,9833
DALLAS COUNTY,113,17 Years,38201,19415,18786,7185,3659,3526,8392,4198,4194,2080,1039,1041,781,397,384,19763,10122,9641
DALLAS COUNTY,113,18 Years,36370,18442,17928,7124,3664,3460,7884,3972,3912,1951,997,954,776,372,404,18635,9437,9198
DALLAS COUNTY,113,19 Years,33937,17253,16684,6679,3421,3258,7444,3812,3632,1837,947,890,779,371,408,17198,8702,8496
DALLAS COUNTY,113,20 Years,34143,17252,16891,7080,3605,3475,7554,3803,3751,1925,957,968,753,357,396,16831,8530,8301
DALLAS COUNTY,113,21 Years,35114,17593,17521,7522,3792,3730,7965,4029,3936,2099,1048,1051,793,387,406,16735,8337,8398
DALLAS COUNTY,113,22 Years,37017,18591,18426,8325,4225,4100,8881,4439,4442,2304,1162,1142,881,426,455,16626,8339,8287
DALLAS COUNTY,113,23 Years,38599,19240,19359,9165,4650,4515,9506,4685,4821,2577,1234,1343,892,424,468,16459,8247,8212
DALLAS COUNTY,113,24 Years,39926,19835,20091,9718,4944,4774,10271,5007,5264,2501,1206,1295,932,422,510,16504,8256,8248
DALLAS COUNTY,113,25 Years,40917,20316,20601,10556,5324,5232,10492,5133,5359,2646,1253,1393,886,406,480,16337,8200,8137
DALLAS COUNTY,113,26 Years,41545,20632,20913,10988,5560,5428,10568,5079,5489,2753,1370,1383,903,428,475,16333,8195,8138
DALLAS COUNTY,113,27 Years,41446,20698,20748,11160,5743,5417,10478,4922,5556,2889,1434,1455,904,425,479,16015,8174,7841
DALLAS COUNTY,113,28 Years,40591,20285,20306,11070,5568,5502,10015,4687,5328,3077,1515,1562,826,366,460,15603,8149,7454
DALLAS COUNTY,113,29 Years,40884,20468,20416,11522,5719,5803,9614,4448,5166,3172,1704,1468,820,351,469,15756,8246,7510
DALLAS COUNTY,113,30 Years,41314,20473,20841,12107,5954,6153,9338,4276,5062,3176,1603,1573,821,330,491,15872,8310,7562
DALLAS COUNTY,113,31 Years,41908,20618,21290,12568,6164,6404,9289,4140,5149,3371,1681,1690,832,376,456,15848,8257,7591
DALLAS COUNTY,113,32 Years,40857,20281,20576,12243,6023,6220,8951,4016,4935,3274,1742,1532,767,342,425,15622,8158,7464
DALLAS COUNTY,113,33 Years,40120,19889,20231,11729,5926,5803,8700,3904,4796,3492,1692,1800,745,344,401,15454,8023,7431
DALLAS COUNTY,113,34 Years,40928,20234,20694,11636,5930,5706,8878,3940,4938,3643,1757,1886,793,360,433,15978,8247,7731
DALLAS COUNTY,113,35 Years,40373,20096,20277,11246,5722,5524,8791,3916,4875,3524,1749,1775,786,360,426,16026,8349,7677
DALLAS COUNTY,113,36 Years,39997,19820,20177,10906,5534,5372,8850,3918,4932,3329,1596,1733,678,323,355,16234,8449,7785
DALLAS COUNTY,113,37 Years,39931,19866,20065,10413,5338,5075,8887,3907,4980,3309,1637,1672,707,344,363,16615,8640,7975
DALLAS COUNTY,113,38 Years,37456,18689,18767,9600,4933,4667,8427,3715,4712,3054,1531,1523,642,315,327,15733,8195,7538
DALLAS COUNTY,113,39 Years,36508,18154,18354,9222,4713,4509,8027,3493,4534,2854,1439,1415,587,265,322,15818,8244,7574
DALLAS COUNTY,113,40 Years,35926,17697,18229,8999,4647,4352,7922,3424,4498,2746,1368,1378,573,268,305,15686,7990,7696
DALLAS COUNTY,113,41 Years,35652,17399,18253,8819,4527,4292,7713,3289,4424,2896,1421,1475,552,271,281,15672,7891,7781
DALLAS COUNTY,113,42 Years,36223,17889,18334,9007,4625,4382,7697,3335,4362,2880,1455,1425,550,268,282,16089,8206,7883
DALLAS COUNTY,113,43 Years,34896,17102,17794,8793,4477,4316,7590,3264,4326,2745,1401,1344,474,230,244,15294,7730,7564
DALLAS COUNTY,113,44 Years,34711,17137,17574,8955,4619,4336,7718,3361,4357,2629,1329,1300,521,253,268,14888,7575,7313
DALLAS COUNTY,113,45 Years,35106,17353,17753,9449,4844,4605,7941,3493,4448,2554,1321,1233,500,241,259,14662,7454,7208
DALLAS COUNTY,113,46 Years,35650,17519,18131,10278,5279,4999,8189,3561,4628,2507,1307,1200,514,234,280,14162,7138,7024
DALLAS COUNTY,113,47 Years,35757,17648,18109,10568,5429,5139,8071,3517,4554,2391,1194,1197,506,239,267,14221,7269,6952
DALLAS COUNTY,113,48 Years,33651,16886,16765,10136,5209,4927,7540,3397,4143,2257,1153,1104,459,219,240,13259,6908,6351
DALLAS COUNTY,113,49 Years,32657,16306,16351,9851,5025,4826,7548,3390,4158,2090,1072,1018,463,216,247,12705,6603,6102
DALLAS COUNTY,113,50 Years,31830,15876,15954,9837,5050,4787,7464,3341,4123,1887,909,978,412,194,218,12230,6382,5848
DALLAS COUNTY,113,51 Years,31790,15870,15920,10001,5116,4885,7689,3422,4267,1822,895,927,414,199,215,11864,6238,5626
DALLAS COUNTY,113,52 Years,32936,16545,16391,10956,5657,5299,8120,3626,4494,1821,906,915,464,216,248,11575,6140,5435
DALLAS COUNTY,113,53 Years,32715,16406,16309,11660,5922,5738,7967,3542,4425,1825,912,913,458,228,230,10805,5802,5003
DALLAS COUNTY,113,54 Years,32399,16022,16377,12265,6196,6069,7778,3422,4356,1777,871,906,457,226,231,10122,5307,4815
DALLAS COUNTY,113,55 Years,31891,15672,16219,12695,6307,6388,7680,3426,4254,1634,790,844,411,200,211,9471,4949,4522
DALLAS COUNTY,113,56 Years,31870,15718,16152,12855,6393,6462,7711,3452,4259,1643,813,830,426,203,223,9235,4857,4378
DALLAS COUNTY,113,57 Years,31715,15656,16059,13014,6446,6568,7679,3466,4213,1673,797,876,435,221,214,8914,4726,4188
DALLAS COUNTY,113,58 Years,30249,14760,15489,12833,6368,6465,7284,3240,4044,1582,722,860,388,190,198,8162,4240,3922
DALLAS COUNTY,113,59 Years,29445,14291,15154,12894,6387,6507,7047,3138,3909,1600,733,867,397,197,200,7507,3836,3671
DALLAS COUNTY,113,60 Years,28572,13714,14858,12691,6197,6494,6810,2983,3827,1626,757,869,376,179,197,7069,3598,3471
DALLAS COUNTY,113,61 Years,27344,13166,14178,12410,6124,6286,6404,2803,3601,1536,700,836,364,178,186,6630,3361,3269
DALLAS COUNTY,113,62 Years,26062,12513,13549,12171,5955,6216,5990,2616,3374,1452,678,774,337,152,185,6112,3112,3000
DALLAS COUNTY,113,63 Years,23866,11215,12651,11438,5431,6007,5341,2297,3044,1391,645,746,316,144,172,5380,2698,2682
DALLAS COUNTY,113,64 Years,22771,10642,12129,11083,5267,5816,5011,2130,2881,1442,660,782,322,139,183,4913,2446,2467
DALLAS COUNTY,113,65 Years,21386,9861,11525,10496,4944,5552,4802,1976,2826,1301,610,691,306,140,166,4481,2191,2290
DALLAS COUNTY,113,66 Years,20312,9376,10936,9812,4631,5181,4702,1914,2788,1299,603,696,270,128,142,4229,2100,2129
DALLAS COUNTY,113,67 Years,19204,8805,10399,9447,4414,5033,4399,1810,2589,1273,597,676,253,112,141,3832,1872,1960
DALLAS COUNTY,113,68 Years,18212,8346,9866,9172,4263,4909,4196,1746,2450,1116,529,587,227,96,131,3501,1712,1789
DALLAS COUNTY,113,69 Years,17763,8049,9714,9406,4331,5075,4000,1677,2323,960,450,510,214,101,113,3183,1490,1693
DALLAS COUNTY,113,70 Years,16938,7657,9281,9485,4399,5086,3508,1455,2053,846,400,446,208,89,119,2891,1314,1577
DALLAS COUNTY,113,71 Years,13947,6258,7689,7478,3421,4057,2981,1226,1755,734,342,392,160,76,84,2594,1193,1401
DALLAS COUNTY,113,72 Years,12974,5718,7256,6893,3075,3818,2876,1138,1738,717,343,374,159,68,91,2329,1094,1235
DALLAS COUNTY,113,73 Years,12430,5512,6918,6837,3124,3713,2606,1047,1559,665,312,353,146,60,86,2176,969,1207
DALLAS COUNTY,113,74 Years,11726,5121,6605,6648,2966,3682,2425,972,1453,631,298,333,108,48,60,1914,837,1077
DALLAS COUNTY,113,75 Years,10383,4436,5947,5926,2580,3346,2170,851,1319,526,231,295,99,43,56,1662,731,931
DALLAS COUNTY,113,76 Years,9614,4073,5541,5477,2381,3096,1993,745,1248,479,213,266,81,35,46,1584,699,885
DALLAS COUNTY,113,77 Years,8829,3710,5119,5054,2170,2884,1772,668,1104,449,208,241,72,27,45,1482,637,845
DALLAS COUNTY,113,78 Years,8122,3412,4710,4769,2056,2713,1569,592,977,410,195,215,62,20,42,1312,549,763
DALLAS COUNTY,113,79 Years,7451,3129,4322,4446,1910,2536,1386,521,865,375,180,195,50,17,33,1194,501,693
DALLAS COUNTY,113,80 Years,6789,2783,4006,4060,1695,2365,1270,467,803,356,164,192,46,16,30,1057,441,616
DALLAS COUNTY,113,81 Years,6354,2561,3793,3870,1605,2265,1155,393,762,312,145,167,50,14,36,967,404,563
DALLAS COUNTY,113,82 Years,6079,2368,3711,3793,1489,2304,1086,391,695,261,120,141,41,10,31,898,358,540
DALLAS COUNTY,113,83 Years,5538,2154,3384,3500,1372,2128,1003,350,653,215,97,118,29,9,20,791,326,465
DALLAS COUNTY,113,84 Years,5053,1909,3144,3257,1264,1993,915,283,632,185,85,100,25,7,18,671,270,401
DALLAS COUNTY,113,85 Years,4643,1739,2904,3101,1192,1909,737,225,512,175,69,106,23,7,16,607,246,361
DALLAS COUNTY,113,86 Years,4300,1563,2737,2889,1075,1814,664,197,467,154,63,91,23,4,19,570,224,346
DALLAS COUNTY,113,87 Years,3988,1395,2593,2669,961,1708,633,169,464,144,56,88,20,5,15,522,204,318
DALLAS COUNTY,113,88 Years,3487,1190,2297,2396,852,1544,546,137,409,121,48,73,18,5,13,406,148,258
DALLAS COUNTY,113,89 Years,2918,971,1947,2035,691,1344,426,116,310,96,42,54,19,4,15,342,118,224
DALLAS COUNTY,113,90 Years,2501,825,1676,1769,591,1178,350,89,261,67,25,42,14,4,10,301,116,185
DALLAS COUNTY,113,91 Years,2162,687,1475,1537,507,1030,309,75,234,63,22,41,10,3,7,243,80,163
DALLAS COUNTY,113,92 Years,1799,520,1279,1307,381,926,245,54,191,51,20,31,7,3,4,189,62,127
DALLAS COUNTY,113,93 Years,1424,392,1032,1028,284,744,192,38,154,45,15,30,7,2,5,152,53,99
DALLAS COUNTY,113,94 Years,1099,300,799,806,219,587,149,30,119,35,11,24,6,1,5,103,39,64
DALLAS COUNTY,113,95 Years +,2633,650,1983,1852,455,1397,426,81,345,75,24,51,13,2,11,267,88,179
DAWSON COUNTY,115,All Ages,12672,7064,5608,4487,2402,2085,843,619,224,42,20,22,207,113,94,7093,3910,3183
DAWSON COUNTY,115,< 1 Year,164,84,80,34,16,18,6,3,3,0,0,0,16,10,6,108,55,53
DAWSON COUNTY,115,1 Years,170,84,86,39,18,21,6,3,3,0,0,0,18,9,9,107,54,53
DAWSON COUNTY,115,2 Years,165,80,85,39,16,23,6,4,2,1,0,1,16,8,8,103,52,51
DAWSON COUNTY,115,3 Years,166,83,83,41,20,21,7,6,1,0,0,0,13,6,7,105,51,54
DAWSON COUNTY,115,4 Years,162,83,79,42,22,20,7,5,2,1,0,1,9,5,4,103,51,52
DAWSON COUNTY,115,5 Years,167,88,79,44,23,21,8,5,3,0,0,0,8,6,2,107,54,53
DAWSON COUNTY,115,6 Years,166,86,80,46,23,23,8,5,3,0,0,0,5,4,1,107,54,53
DAWSON COUNTY,115,7 Years,176,91,85,42,25,17,7,2,5,0,0,0,6,3,3,121,61,60
DAWSON COUNTY,115,8 Years,187,95,92,56,28,28,6,4,2,0,0,0,4,2,2,121,61,60
DAWSON COUNTY,115,9 Years,184,95,89,46,22,24,5,4,1,0,0,0,2,1,1,131,68,63
DAWSON COUNTY,115,10 Years,183,95,88,39,20,19,5,2,3,0,0,0,2,1,1,137,72,65
DAWSON COUNTY,115,11 Years,181,92,89,48,24,24,3,1,2,1,1,0,2,1,1,127,65,62
DAWSON COUNTY,115,12 Years,164,83,81,46,22,24,5,2,3,3,3,0,2,1,1,108,55,53
DAWSON COUNTY,115,13 Years,155,86,69,40,21,19,5,2,3,1,1,0,2,1,1,107,61,46
DAWSON COUNTY,115,14 Years,164,85,79,39,21,18,7,3,4,0,0,0,1,0,1,117,61,56
DAWSON COUNTY,115,15 Years,157,80,77,40,20,20,5,3,2,1,0,1,1,1,0,110,56,54
DAWSON COUNTY,115,16 Years,174,82,92,45,21,24,6,3,3,1,0,1,1,0,1,121,58,63
DAWSON COUNTY,115,17 Years,171,91,80,52,22,30,8,5,3,0,0,0,3,0,3,108,64,44
DAWSON COUNTY,115,18 Years,173,98,75,52,31,21,14,9,5,0,0,0,2,1,1,105,57,48
DAWSON COUNTY,115,19 Years,157,99,58,38,24,14,19,18,1,0,0,0,5,5,0,95,52,43
DAWSON COUNTY,115,20 Years,184,124,60,51,37,14,15,13,2,1,0,1,2,2,0,115,72,43
DAWSON COUNTY,115,21 Years,225,153,72,61,42,19,28,24,4,1,1,0,3,3,0,132,83,49
DAWSON COUNTY,115,22 Years,232,157,75,61,41,20,33,28,5,0,0,0,4,1,3,134,87,47
DAWSON COUNTY,115,23 Years,223,150,73,55,40,15,20,15,5,1,1,0,5,4,1,142,90,52
DAWSON COUNTY,115,24 Years,258,178,80,83,59,24,23,20,3,1,1,0,3,3,0,148,95,53
DAWSON COUNTY,115,25 Years,268,187,81,83,59,24,29,26,3,2,1,1,1,1,0,153,100,53
DAWSON COUNTY,115,26 Years,237,169,68,67,48,19,26,23,3,0,0,0,5,4,1,139,94,45
DAWSON COUNTY,115,27 Years,218,153,65,68,50,18,25,23,2,0,0,0,1,0,1,124,80,44
DAWSON COUNTY,115,28 Years,233,160,73,81,58,23,33,31,2,0,0,0,4,3,1,115,68,47
DAWSON COUNTY,115,29 Years,212,169,43,76,58,18,27,27,0,1,1,0,2,2,0,106,81,25
DAWSON COUNTY,115,30 Years,199,132,67,68,46,22,23,21,2,2,0,2,2,2,0,104,63,41
DAWSON COUNTY,115,31 Years,209,155,54,62,45,17,24,23,1,1,1,0,0,0,0,122,86,36
DAWSON COUNTY,115,32 Years,209,145,64,65,43,22,19,18,1,1,1,0,1,0,1,123,83,40
DAWSON COUNTY,115,33 Years,196,121,75,74,45,29,11,8,3,2,1,1,0,0,0,109,67,42
DAWSON COUNTY,115,34 Years,184,108,76,70,40,30,10,7,3,0,0,0,2,1,1,102,60,42
DAWSON COUNTY,115,35 Years,177,106,71,62,36,26,16,14,2,0,0,0,1,1,0,98,55,43
DAWSON COUNTY,115,36 Years,189,119,70,61,36,25,21,18,3,0,0,0,0,0,0,107,65,42
DAWSON COUNTY,115,37 Years,184,114,70,57,34,23,20,18,2,0,0,0,2,0,2,105,62,43
DAWSON COUNTY,115,38 Years,172,104,68,58,36,22,8,6,2,0,0,0,3,2,1,103,60,43
DAWSON COUNTY,115,39 Years,169,111,58,53,35,18,12,11,1,1,1,0,1,1,0,102,63,39
DAWSON COUNTY,115,40 Years,152,91,61,47,28,19,15,14,1,1,0,1,1,1,0,88,48,40
DAWSON COUNTY,115,41 Years,126,66,60,45,28,17,8,7,1,1,0,1,2,1,1,70,30,40
DAWSON COUNTY,115,42 Years,123,68,55,47,26,21,6,5,1,0,0,0,1,0,1,69,37,32
DAWSON COUNTY,115,43 Years,137,79,58,45,26,19,13,10,3,0,0,0,1,0,1,78,43,35
DAWSON COUNTY,115,44 Years,132,74,58,46,26,20,6,3,3,1,0,1,1,1,0,78,44,34
DAWSON COUNTY,115,45 Years,116,66,50,48,25,23,13,10,3,0,0,0,2,0,2,53,31,22
DAWSON COUNTY,115,46 Years,129,68,61,53,27,26,10,9,1,1,0,1,2,0,2,63,32,31
DAWSON COUNTY,115,47 Years,131,71,60,48,25,23,7,5,2,1,0,1,1,0,1,74,41,33
DAWSON COUNTY,115,48 Years,126,63,63,51,23,28,10,8,2,0,0,0,0,0,0,65,32,33
DAWSON COUNTY,115,49 Years,130,70,60,50,24,26,7,6,1,0,0,0,1,1,0,72,39,33
DAWSON COUNTY,115,50 Years,121,61,60,35,19,16,7,4,3,2,1,1,2,0,2,75,37,38
DAWSON COUNTY,115,51 Years,119,67,52,32,19,13,11,7,4,0,0,0,1,0,1,75,41,34
DAWSON COUNTY,115,52 Years,136,75,61,44,23,21,10,7,3,1,0,1,1,1,0,80,44,36
DAWSON COUNTY,115,53 Years,140,80,60,51,30,21,9,5,4,1,1,0,1,0,1,78,44,34
DAWSON COUNTY,115,54 Years,139,77,62,51,27,24,5,2,3,0,0,0,1,1,0,82,47,35
DAWSON COUNTY,115,55 Years,153,75,78,54,23,31,11,7,4,0,0,0,1,0,1,87,45,42
DAWSON COUNTY,115,56 Years,143,71,72,55,24,31,4,0,4,0,0,0,1,1,0,83,46,37
DAWSON COUNTY,115,57 Years,133,70,63,60,29,31,4,1,3,0,0,0,0,0,0,69,40,29
DAWSON COUNTY,115,58 Years,127,67,60,62,31,31,4,1,3,1,1,0,2,2,0,58,32,26
DAWSON COUNTY,115,59 Years,116,56,60,53,24,29,4,1,3,0,0,0,3,0,3,56,31,25
DAWSON COUNTY,115,60 Years,130,59,71,56,25,31,5,1,4,0,0,0,4,1,3,65,32,33
DAWSON COUNTY,115,61 Years,111,51,60,56,27,29,4,0,4,0,0,0,0,0,0,51,24,27
DAWSON COUNTY,115,62 Years,119,55,64,60,27,33,2,0,2,1,0,1,1,0,1,55,28,27
DAWSON COUNTY,115,63 Years,106,55,51,56,28,28,4,3,1,0,0,0,1,0,1,45,24,21
DAWSON COUNTY,115,64 Years,108,55,53,54,27,27,7,4,3,0,0,0,2,0,2,45,24,21
DAWSON COUNTY,115,65 Years,94,41,53,49,18,31,6,3,3,0,0,0,0,0,0,39,20,19
DAWSON COUNTY,115,66 Years,105,51,54,49,22,27,5,3,2,0,0,0,0,0,0,51,26,25
DAWSON COUNTY,115,67 Years,90,42,48,47,21,26,5,3,2,1,0,1,0,0,0,37,18,19
DAWSON COUNTY,115,68 Years,93,53,40,49,26,23,3,3,0,1,1,0,0,0,0,40,23,17
DAWSON COUNTY,115,69 Years,103,54,49,57,27,30,6,3,3,1,1,0,0,0,0,39,23,16
DAWSON COUNTY,115,70 Years,105,43,62,53,22,31,2,1,1,1,0,1,0,0,0,49,20,29
DAWSON COUNTY,115,71 Years,87,28,59,35,10,25,4,2,2,0,0,0,1,0,1,47,16,31
DAWSON COUNTY,115,72 Years,84,30,54,39,12,27,4,0,4,0,0,0,1,1,0,40,17,23
DAWSON COUNTY,115,73 Years,93,37,56,44,20,24,5,0,5,2,0,2,1,0,1,41,17,24
DAWSON COUNTY,115,74 Years,82,37,45,45,23,22,2,0,2,1,0,1,0,0,0,34,14,20
DAWSON COUNTY,115,75 Years,78,29,49,48,19,29,3,1,2,0,0,0,0,0,0,27,9,18
DAWSON COUNTY,115,76 Years,69,29,40,42,20,22,4,2,2,0,0,0,0,0,0,23,7,16
DAWSON COUNTY,115,77 Years,67,28,39,34,15,19,4,1,3,1,1,0,1,1,0,27,10,17
DAWSON COUNTY,115,78 Years,67,26,41,38,16,22,3,0,3,0,0,0,1,1,0,25,9,16
DAWSON COUNTY,115,79 Years,65,25,40,42,18,24,3,1,2,0,0,0,0,0,0,20,6,14
DAWSON COUNTY,115,80 Years,59,23,36,37,16,21,2,1,1,0,0,0,1,1,0,19,5,14
DAWSON COUNTY,115,81 Years,64,22,42,43,16,27,1,0,1,0,0,0,0,0,0,20,6,14
DAWSON COUNTY,115,82 Years,63,22,41,40,15,25,1,0,1,0,0,0,2,1,1,20,6,14
DAWSON COUNTY,115,83 Years,58,24,34,34,13,21,2,1,1,0,0,0,1,1,0,21,9,12
DAWSON COUNTY,115,84 Years,51,18,33,30,12,18,2,1,1,0,0,0,0,0,0,19,5,14
DAWSON COUNTY,115,85 Years,55,24,31,37,15,22,2,1,1,0,0,0,1,1,0,15,7,8
DAWSON COUNTY,115,86 Years,43,19,24,28,12,16,1,0,1,0,0,0,0,0,0,14,7,7
DAWSON COUNTY,115,87 Years,38,17,21,21,8,13,3,2,1,0,0,0,0,0,0,14,7,7
DAWSON COUNTY,115,88 Years,36,15,21,18,7,11,5,2,3,0,0,0,0,0,0,13,6,7
DAWSON COUNTY,115,89 Years,27,12,15,14,7,7,2,0,2,0,0,0,1,0,1,10,5,5
DAWSON COUNTY,115,90 Years,25,11,14,12,5,7,2,1,1,0,0,0,2,1,1,9,4,5
DAWSON COUNTY,115,91 Years,25,10,15,15,5,10,1,1,0,0,0,0,1,0,1,8,4,4
DAWSON COUNTY,115,92 Years,21,8,13,12,4,8,3,1,2,0,0,0,0,0,0,6,3,3
DAWSON COUNTY,115,93 Years,16,6,10,9,3,6,2,1,1,0,0,0,0,0,0,5,2,3
DAWSON COUNTY,115,94 Years,12,5,7,7,2,5,0,0,0,0,0,0,0,0,0,5,3,2
DAWSON COUNTY,115,95 Years +,30,10,20,16,5,11,3,1,2,0,0,0,0,0,0,11,4,7
DEAF SMITH COUNTY,117,All Ages,19689,9706,9983,4808,2291,2517,184,88,96,71,34,37,200,97,103,14426,7196,7230
DEAF SMITH COUNTY,117,< 1 Year,349,172,177,45,19,26,3,1,2,1,1,0,1,1,0,299,150,149
DEAF SMITH COUNTY,117,1 Years,346,170,176,40,19,21,3,2,1,2,1,1,1,1,0,300,147,153
DEAF SMITH COUNTY,117,2 Years,337,166,171,40,18,22,2,1,1,1,0,1,1,1,0,293,146,147
DEAF SMITH COUNTY,117,3 Years,334,162,172,40,20,20,3,1,2,0,0,0,1,0,1,290,141,149
DEAF SMITH COUNTY,117,4 Years,329,163,166,42,20,22,2,1,1,2,1,1,1,0,1,282,141,141
DEAF SMITH COUNTY,117,5 Years,334,164,170,42,20,22,2,1,1,2,1,1,1,0,1,287,142,145
DEAF SMITH COUNTY,117,6 Years,329,167,162,40,18,22,4,3,1,3,2,1,2,1,1,280,143,137
DEAF SMITH COUNTY,117,7 Years,318,151,167,43,21,22,1,0,1,0,0,0,1,1,0,273,129,144
DEAF SMITH COUNTY,117,8 Years,333,158,175,45,23,22,0,0,0,3,2,1,3,2,1,282,131,151
DEAF SMITH COUNTY,117,9 Years,364,176,188,48,26,22,0,0,0,1,1,0,7,3,4,308,146,162
DEAF SMITH COUNTY,117,10 Years,359,194,165,37,18,19,2,2,0,1,1,0,4,2,2,315,171,144
DEAF SMITH COUNTY,117,11 Years,328,177,151,46,25,21,1,1,0,1,1,0,3,3,0,277,147,130
DEAF SMITH COUNTY,117,12 Years,320,164,156,50,29,21,2,1,1,0,0,0,6,4,2,262,130,132
DEAF SMITH COUNTY,117,13 Years,335,164,171,46,23,23,5,1,4,0,0,0,9,5,4,275,135,140
DEAF SMITH COUNTY,117,14 Years,335,158,177,57,24,33,1,0,1,0,0,0,3,2,1,274,132,142
DEAF SMITH COUNTY,117,15 Years,335,174,161,68,39,29,0,0,0,1,1,0,3,2,1,263,132,131
DEAF SMITH COUNTY,117,16 Years,336,167,169,69,34,35,1,1,0,1,1,0,4,1,3,261,130,131
DEAF SMITH COUNTY,117,17 Years,350,168,182,63,30,33,0,0,0,2,1,1,3,0,3,282,137,145
DEAF SMITH COUNTY,117,18 Years,337,170,167,78,42,36,1,0,1,2,1,1,2,1,1,254,126,128
DEAF SMITH COUNTY,117,19 Years,306,162,144,59,29,30,2,1,1,1,1,0,2,1,1,242,130,112
DEAF SMITH COUNTY,117,20 Years,277,142,135,48,29,19,2,1,1,1,1,0,3,3,0,223,108,115
DEAF SMITH COUNTY,117,21 Years,276,143,133,57,34,23,3,2,1,0,0,0,4,4,0,212,103,109
DEAF SMITH COUNTY,117,22 Years,276,145,131,52,27,25,1,1,0,0,0,0,1,1,0,222,116,106
DEAF SMITH COUNTY,117,23 Years,287,156,131,47,24,23,2,2,0,1,0,1,2,1,1,235,129,106
DEAF SMITH COUNTY,117,24 Years,293,155,138,55,26,29,3,3,0,0,0,0,4,1,3,231,125,106
DEAF SMITH COUNTY,117,25 Years,307,154,153,53,31,22,4,2,2,1,0,1,3,1,2,246,120,126
DEAF SMITH COUNTY,117,26 Years,283,128,155,41,21,20,1,0,1,2,0,2,3,1,2,236,106,130
DEAF SMITH COUNTY,117,27 Years,247,124,123,37,17,20,2,1,1,1,0,1,2,2,0,205,104,101
DEAF SMITH COUNTY,117,28 Years,246,125,121,41,20,21,1,1,0,1,0,1,1,1,0,202,103,99
DEAF SMITH COUNTY,117,29 Years,258,135,123,50,30,20,2,1,1,2,1,1,2,1,1,202,102,100
DEAF SMITH COUNTY,117,30 Years,225,119,106,42,23,19,3,0,3,0,0,0,2,1,1,178,95,83
DEAF SMITH COUNTY,117,31 Years,234,108,126,41,17,24,5,2,3,0,0,0,2,1,1,186,88,98
DEAF SMITH COUNTY,117,32 Years,239,120,119,49,24,25,3,1,2,1,0,1,3,1,2,183,94,89
DEAF SMITH COUNTY,117,33 Years,258,123,135,57,22,35,0,0,0,2,1,1,1,1,0,198,99,99
DEAF SMITH COUNTY,117,34 Years,255,127,128,51,28,23,1,0,1,5,3,2,3,1,2,195,95,100
DEAF SMITH COUNTY,117,35 Years,246,116,130,42,24,18,2,1,1,2,1,1,3,1,2,197,89,108
DEAF SMITH COUNTY,117,36 Years,245,119,126,53,27,26,1,0,1,0,0,0,2,0,2,189,92,97
DEAF SMITH COUNTY,117,37 Years,276,133,143,55,23,32,3,0,3,0,0,0,8,4,4,210,106,104
DEAF SMITH COUNTY,117,38 Years,255,127,128,49,23,26,1,1,0,0,0,0,4,3,1,201,100,101
DEAF SMITH COUNTY,117,39 Years,238,122,116,39,18,21,2,1,1,0,0,0,2,1,1,195,102,93
DEAF SMITH COUNTY,117,40 Years,246,112,134,40,17,23,3,2,1,1,0,1,3,2,1,199,91,108
DEAF SMITH COUNTY,117,41 Years,246,117,129,48,22,26,4,3,1,1,0,1,2,1,1,191,91,100
DEAF SMITH COUNTY,117,42 Years,230,111,119,42,18,24,3,0,3,1,1,0,0,0,0,184,92,92
DEAF SMITH COUNTY,117,43 Years,205,102,103,41,22,19,1,0,1,1,1,0,2,1,1,160,78,82
DEAF SMITH COUNTY,117,44 Years,197,102,95,41,20,21,1,0,1,1,0,1,2,1,1,152,81,71
DEAF SMITH COUNTY,117,45 Years,223,105,118,44,20,24,2,1,1,0,0,0,6,2,4,171,82,89
DEAF SMITH COUNTY,117,46 Years,228,115,113,60,28,32,4,3,1,0,0,0,5,2,3,159,82,77
DEAF SMITH COUNTY,117,47 Years,230,119,111,69,31,38,8,3,5,0,0,0,1,0,1,152,85,67
DEAF SMITH COUNTY,117,48 Years,228,111,117,57,25,32,2,1,1,1,1,0,2,1,1,166,83,83
DEAF SMITH COUNTY,117,49 Years,195,93,102,40,16,24,1,1,0,1,0,1,1,0,1,152,76,76
DEAF SMITH COUNTY,117,50 Years,216,110,106,55,32,23,3,1,2,1,1,0,2,1,1,155,75,80
DEAF SMITH COUNTY,117,51 Years,213,115,98,58,28,30,3,1,2,0,0,0,1,1,0,151,85,66
DEAF SMITH COUNTY,117,52 Years,236,118,118,67,33,34,4,3,1,3,1,2,2,2,0,160,79,81
DEAF SMITH COUNTY,117,53 Years,207,110,97,63,33,30,4,2,2,2,1,1,0,0,0,138,74,64
DEAF SMITH COUNTY,117,54 Years,201,109,92,60,32,28,4,1,3,1,1,0,1,0,1,135,75,60
DEAF SMITH COUNTY,117,55 Years,208,105,103,72,33,39,2,1,1,0,0,0,2,1,1,132,70,62
DEAF SMITH COUNTY,117,56 Years,227,104,123,80,37,43,2,2,0,4,1,3,2,0,2,139,64,75
DEAF SMITH COUNTY,117,57 Years,205,102,103,72,35,37,2,1,1,1,0,1,2,0,2,128,66,62
DEAF SMITH COUNTY,117,58 Years,201,109,92,72,34,38,5,2,3,1,1,0,0,0,0,123,72,51
DEAF SMITH COUNTY,117,59 Years,225,112,113,85,42,43,3,2,1,1,0,1,1,0,1,135,68,67
DEAF SMITH COUNTY,117,60 Years,216,111,105,91,49,42,2,1,1,0,0,0,1,0,1,122,61,61
DEAF SMITH COUNTY,117,61 Years,198,95,103,80,37,43,1,1,0,0,0,0,0,0,0,117,57,60
DEAF SMITH COUNTY,117,62 Years,195,95,100,77,33,44,2,2,0,0,0,0,0,0,0,116,60,56
DEAF SMITH COUNTY,117,63 Years,199,91,108,81,38,43,4,1,3,0,0,0,3,1,2,111,51,60
DEAF SMITH COUNTY,117,64 Years,183,93,90,84,43,41,3,2,1,1,0,1,3,3,0,92,45,47
DEAF SMITH COUNTY,117,65 Years,179,89,90,81,40,41,2,2,0,1,1,0,5,3,2,90,43,47
DEAF SMITH COUNTY,117,66 Years,172,81,91,72,33,39,2,0,2,0,0,0,3,0,3,95,48,47
DEAF SMITH COUNTY,117,67 Years,162,78,84,76,34,42,2,0,2,0,0,0,1,0,1,83,44,39
DEAF SMITH COUNTY,117,68 Years,157,80,77,75,37,38,1,0,1,0,0,0,4,1,3,77,42,35
DEAF SMITH COUNTY,117,69 Years,139,66,73,68,31,37,0,0,0,1,0,1,4,1,3,66,34,32
DEAF SMITH COUNTY,117,70 Years,120,56,64,65,29,36,1,0,1,0,0,0,3,2,1,51,25,26
DEAF SMITH COUNTY,117,71 Years,96,38,58,52,23,29,1,0,1,0,0,0,3,1,2,40,14,26
DEAF SMITH COUNTY,117,72 Years,106,35,71,47,18,29,3,1,2,2,1,1,1,0,1,53,15,38
DEAF SMITH COUNTY,117,73 Years,109,43,66,56,24,32,4,2,2,0,0,0,1,1,0,48,16,32
DEAF SMITH COUNTY,117,74 Years,102,52,50,47,24,23,2,1,1,1,0,1,2,2,0,50,25,25
DEAF SMITH COUNTY,117,75 Years,81,42,39,44,23,21,1,1,0,0,0,0,2,1,1,34,17,17
DEAF SMITH COUNTY,117,76 Years,84,39,45,48,22,26,0,0,0,0,0,0,1,0,1,35,17,18
DEAF SMITH COUNTY,117,77 Years,81,35,46,48,21,27,2,1,1,0,0,0,1,1,0,30,12,18
DEAF SMITH COUNTY,117,78 Years,74,33,41,42,21,21,0,0,0,0,0,0,1,1,0,31,11,20
DEAF SMITH COUNTY,117,79 Years,75,33,42,45,20,25,1,0,1,0,0,0,1,0,1,28,13,15
DEAF SMITH COUNTY,117,80 Years,83,34,49,43,18,25,0,0,0,1,0,1,1,1,0,38,15,23
DEAF SMITH COUNTY,117,81 Years,69,30,39,41,17,24,2,1,1,0,0,0,2,1,1,24,11,13
DEAF SMITH COUNTY,117,82 Years,62,29,33,38,17,21,0,0,0,0,0,0,1,0,1,23,12,11
DEAF SMITH COUNTY,117,83 Years,64,24,40,41,14,27,1,0,1,0,0,0,0,0,0,22,10,12
DEAF SMITH COUNTY,117,84 Years,53,22,31,31,13,18,2,0,2,0,0,0,0,0,0,20,9,11
DEAF SMITH COUNTY,117,85 Years,48,22,26,30,11,19,2,1,1,0,0,0,0,0,0,16,10,6
DEAF SMITH COUNTY,117,86 Years,46,18,28,32,10,22,0,0,0,0,0,0,0,0,0,14,8,6
DEAF SMITH COUNTY,117,87 Years,43,17,26,30,10,20,0,0,0,0,0,0,1,0,1,12,7,5
DEAF SMITH COUNTY,117,88 Years,41,15,26,26,7,19,0,0,0,0,0,0,2,1,1,13,7,6
DEAF SMITH COUNTY,117,89 Years,28,13,15,20,8,12,0,0,0,0,0,0,0,0,0,8,5,3
DEAF SMITH COUNTY,117,90 Years,25,12,13,15,6,9,2,2,0,0,0,0,1,0,1,7,4,3
DEAF SMITH COUNTY,117,91 Years,20,8,12,14,5,9,1,1,0,0,0,0,1,0,1,4,2,2
DEAF SMITH COUNTY,117,92 Years,18,5,13,11,2,9,0,0,0,0,0,0,0,0,0,7,3,4
DEAF SMITH COUNTY,117,93 Years,15,5,10,9,2,7,0,0,0,0,0,0,0,0,0,6,3,3
DEAF SMITH COUNTY,117,94 Years,12,6,6,7,3,4,0,0,0,0,0,0,0,0,0,5,3,2
DEAF SMITH COUNTY,117,95 Years +,32,12,20,18,5,13,2,1,1,0,0,0,1,0,1,11,6,5
DELTA COUNTY,119,All Ages,5334,2630,2704,4293,2118,2175,427,199,228,28,13,15,211,91,120,375,209,166
DELTA COUNTY,119,< 1 Year,65,36,29,40,20,20,8,4,4,0,0,0,0,0,0,17,12,5
DELTA COUNTY,119,1 Years,61,33,28,39,20,19,5,3,2,0,0,0,3,1,2,14,9,5
DELTA COUNTY,119,2 Years,65,36,29,42,23,19,8,2,6,0,0,0,0,0,0,15,11,4
DELTA COUNTY,119,3 Years,61,31,30,36,20,16,8,4,4,0,0,0,4,1,3,13,6,7
DELTA COUNTY,119,4 Years,59,28,31,34,17,17,8,4,4,0,0,0,4,3,1,13,4,9
DELTA COUNTY,119,5 Years,57,26,31,34,15,19,7,4,3,0,0,0,5,4,1,11,3,8
DELTA COUNTY,119,6 Years,59,24,35,39,16,23,8,4,4,0,0,0,5,4,1,7,0,7
DELTA COUNTY,119,7 Years,61,22,39,42,18,24,8,2,6,1,1,0,3,1,2,7,0,7
DELTA COUNTY,119,8 Years,67,31,36,43,18,25,7,3,4,2,1,1,5,4,1,10,5,5
DELTA COUNTY,119,9 Years,53,23,30,39,16,23,5,3,2,1,0,1,3,2,1,5,2,3
DELTA COUNTY,119,10 Years,67,30,37,51,21,30,7,4,3,1,0,1,3,1,2,5,4,1
DELTA COUNTY,119,11 Years,72,39,33,51,26,25,5,2,3,0,0,0,5,2,3,11,9,2
DELTA COUNTY,119,12 Years,61,29,32,48,23,25,2,0,2,1,0,1,4,2,2,6,4,2
DELTA COUNTY,119,13 Years,58,25,33,42,19,23,3,0,3,0,0,0,5,2,3,8,4,4
DELTA COUNTY,119,14 Years,69,34,35,47,24,23,4,1,3,0,0,0,7,4,3,11,5,6
DELTA COUNTY,119,15 Years,64,36,28,53,30,23,2,1,1,0,0,0,2,1,1,7,4,3
DELTA COUNTY,119,16 Years,60,35,25,47,29,18,4,2,2,1,0,1,6,3,3,2,1,1
DELTA COUNTY,119,17 Years,64,34,30,47,27,20,7,4,3,0,0,0,5,2,3,5,1,4
DELTA COUNTY,119,18 Years,57,25,32,42,20,22,6,2,4,0,0,0,3,1,2,6,2,4
DELTA COUNTY,119,19 Years,44,19,25,31,14,17,3,1,2,0,0,0,4,0,4,6,4,2
DELTA COUNTY,119,20 Years,44,26,18,30,15,15,5,4,1,0,0,0,5,3,2,4,4,0
DELTA COUNTY,119,21 Years,50,29,21,34,19,15,5,4,1,0,0,0,3,1,2,8,5,3
DELTA COUNTY,119,22 Years,57,28,29,34,17,17,10,3,7,0,0,0,4,3,1,9,5,4
DELTA COUNTY,119,23 Years,59,28,31,38,18,20,12,5,7,0,0,0,2,1,1,7,4,3
DELTA COUNTY,119,24 Years,55,28,27,41,20,21,6,3,3,0,0,0,4,2,2,4,3,1
DELTA COUNTY,119,25 Years,57,31,26,38,20,18,10,5,5,0,0,0,5,3,2,4,3,1
DELTA COUNTY,119,26 Years,53,29,24,37,21,16,8,3,5,0,0,0,2,1,1,6,4,2
DELTA COUNTY,119,27 Years,62,32,30,44,22,22,8,4,4,0,0,0,2,2,0,8,4,4
DELTA COUNTY,119,28 Years,58,31,27,49,25,24,5,3,2,1,1,0,1,1,0,2,1,1
DELTA COUNTY,119,29 Years,45,19,26,36,13,23,5,3,2,1,1,0,2,1,1,1,1,0
DELTA COUNTY,119,30 Years,62,27,35,49,23,26,8,2,6,1,0,1,1,1,0,3,1,2
DELTA COUNTY,119,31 Years,55,24,31,43,22,21,8,1,7,0,0,0,0,0,0,4,1,3
DELTA COUNTY,119,32 Years,54,29,25,46,25,21,4,1,3,0,0,0,2,1,1,2,2,0
DELTA COUNTY,119,33 Years,66,35,31,58,31,27,3,1,2,0,0,0,1,0,1,4,3,1
DELTA COUNTY,119,34 Years,67,35,32,54,28,26,4,1,3,1,1,0,2,2,0,6,3,3
DELTA COUNTY,119,35 Years,51,29,22,43,25,18,2,1,1,0,0,0,3,1,2,3,2,1
DELTA COUNTY,119,36 Years,44,17,27,35,14,21,3,1,2,1,0,1,2,1,1,3,1,2
DELTA COUNTY,119,37 Years,67,28,39,57,23,34,3,1,2,1,0,1,2,1,1,4,3,1
DELTA COUNTY,119,38 Years,53,29,24,47,25,22,1,1,0,1,0,1,0,0,0,4,3,1
DELTA COUNTY,119,39 Years,44,26,18,41,23,18,2,2,0,0,0,0,0,0,0,1,1,0
DELTA COUNTY,119,40 Years,47,24,23,38,19,19,3,1,2,1,1,0,1,0,1,4,3,1
DELTA COUNTY,119,41 Years,49,27,22,41,23,18,4,2,2,0,0,0,0,0,0,4,2,2
DELTA COUNTY,119,42 Years,47,23,24,42,21,21,2,1,1,0,0,0,1,0,1,2,1,1
DELTA COUNTY,119,43 Years,62,30,32,45,25,20,7,2,5,0,0,0,5,0,5,5,3,2
DELTA COUNTY,119,44 Years,55,31,24,42,25,17,6,2,4,0,0,0,2,0,2,5,4,1
DELTA COUNTY,119,45 Years,57,27,30,47,25,22,4,0,4,0,0,0,3,0,3,3,2,1
DELTA COUNTY,119,46 Years,60,27,33,50,24,26,4,2,2,0,0,0,2,0,2,4,1,3
DELTA COUNTY,119,47 Years,64,30,34,57,26,31,4,3,1,0,0,0,0,0,0,3,1,2
DELTA COUNTY,119,48 Years,73,34,39,58,26,32,9,5,4,0,0,0,3,1,2,3,2,1
DELTA COUNTY,119,49 Years,65,36,29,53,28,25,8,5,3,1,0,1,2,2,0,1,1,0
DELTA COUNTY,119,50 Years,70,35,35,59,28,31,6,5,1,0,0,0,2,1,1,3,1,2
DELTA COUNTY,119,51 Years,78,35,43,69,30,39,6,4,2,0,0,0,1,0,1,2,1,1
DELTA COUNTY,119,52 Years,84,36,48,73,31,42,4,2,2,1,0,1,1,1,0,5,2,3
DELTA COUNTY,119,53 Years,75,36,39,65,30,35,6,4,2,1,0,1,1,1,0,2,1,1
DELTA COUNTY,119,54 Years,69,33,36,58,28,30,5,1,4,1,0,1,1,0,1,4,4,0
DELTA COUNTY,119,55 Years,68,36,32,62,32,30,2,1,1,0,0,0,2,1,1,2,2,0
DELTA COUNTY,119,56 Years,77,44,33,68,38,30,3,3,0,0,0,0,3,1,2,3,2,1
DELTA COUNTY,119,57 Years,70,38,32,61,33,28,2,1,1,2,2,0,4,1,3,1,1,0
DELTA COUNTY,119,58 Years,76,32,44,60,25,35,7,5,2,0,0,0,2,0,2,7,2,5
DELTA COUNTY,119,59 Years,86,47,39,72,39,33,6,4,2,0,0,0,4,3,1,4,1,3
DELTA COUNTY,119,60 Years,93,47,46,80,40,40,5,3,2,1,1,0,5,2,3,2,1,1
DELTA COUNTY,119,61 Years,94,46,48,75,39,36,7,3,4,1,0,1,6,2,4,5,2,3
DELTA COUNTY,119,62 Years,68,34,34,56,29,27,5,3,2,0,0,0,4,1,3,3,1,2
DELTA COUNTY,119,63 Years,70,35,35,59,29,30,3,2,1,0,0,0,3,1,2,5,3,2
DELTA COUNTY,119,64 Years,78,38,40,71,34,37,3,2,1,0,0,0,2,1,1,2,1,1
DELTA COUNTY,119,65 Years,69,33,36,57,26,31,7,5,2,2,1,1,2,1,1,1,0,1
DELTA COUNTY,119,66 Years,66,32,34,60,28,32,3,2,1,0,0,0,2,1,1,1,1,0
DELTA COUNTY,119,67 Years,74,36,38,63,28,35,5,2,3,0,0,0,2,2,0,4,4,0
DELTA COUNTY,119,68 Years,74,31,43,67,28,39,5,2,3,0,0,0,1,0,1,1,1,0
DELTA COUNTY,119,69 Years,76,39,37,68,36,32,4,1,3,0,0,0,2,0,2,2,2,0
DELTA COUNTY,119,70 Years,78,39,39,72,36,36,3,2,1,0,0,0,2,0,2,1,1,0
DELTA COUNTY,119,71 Years,70,32,38,64,28,36,3,2,1,1,1,0,1,0,1,1,1,0
DELTA COUNTY,119,72 Years,65,31,34,59,29,30,4,1,3,0,0,0,2,1,1,0,0,0
DELTA COUNTY,119,73 Years,66,34,32,60,32,28,4,1,3,1,1,0,1,0,1,0,0,0
DELTA COUNTY,119,74 Years,68,35,33,56,29,27,5,2,3,1,1,0,4,2,2,2,1,1
DELTA COUNTY,119,75 Years,57,29,28,50,27,23,3,0,3,0,0,0,2,1,1,2,1,1
DELTA COUNTY,119,76 Years,48,24,24,42,22,20,3,1,2,0,0,0,2,0,2,1,1,0
DELTA COUNTY,119,77 Years,63,29,34,57,26,31,4,2,2,0,0,0,1,0,1,1,1,0
DELTA COUNTY,119,78 Years,46,25,21,43,23,20,2,1,1,0,0,0,1,1,0,0,0,0
DELTA COUNTY,119,79 Years,37,21,16,33,19,14,3,2,1,0,0,0,0,0,0,1,0,1
DELTA COUNTY,119,80 Years,39,20,19,34,19,15,3,1,2,0,0,0,1,0,1,1,0,1
DELTA COUNTY,119,81 Years,38,18,20,33,15,18,4,3,1,0,0,0,1,0,1,0,0,0
DELTA COUNTY,119,82 Years,33,19,14,28,16,12,2,1,1,0,0,0,1,0,1,2,2,0
DELTA COUNTY,119,83 Years,31,19,12,28,17,11,1,0,1,0,0,0,0,0,0,2,2,0
DELTA COUNTY,119,84 Years,22,12,10,20,12,8,1,0,1,0,0,0,1,0,1,0,0,0
DELTA COUNTY,119,85 Years,22,11,11,18,9,9,1,1,0,0,0,0,2,0,2,1,1,0
DELTA COUNTY,119,86 Years,18,8,10,15,6,9,1,1,0,0,0,0,1,0,1,1,1,0
DELTA COUNTY,119,87 Years,19,6,13,18,6,12,1,0,1,0,0,0,0,0,0,0,0,0
DELTA COUNTY,119,88 Years,15,6,9,14,6,8,1,0,1,0,0,0,0,0,0,0,0,0
DELTA COUNTY,119,89 Years,14,4,10,13,4,9,1,0,1,0,0,0,0,0,0,0,0,0
DELTA COUNTY,119,90 Years,15,3,12,14,3,11,1,0,1,0,0,0,0,0,0,0,0,0
DELTA COUNTY,119,91 Years,11,4,7,11,4,7,0,0,0,0,0,0,0,0,0,0,0,0
DELTA COUNTY,119,92 Years,9,2,7,8,2,6,1,0,1,0,0,0,0,0,0,0,0,0
DELTA COUNTY,119,93 Years,6,2,4,6,2,4,0,0,0,0,0,0,0,0,0,0,0,0
DELTA COUNTY,119,94 Years,4,2,2,4,2,2,0,0,0,0,0,0,0,0,0,0,0,0
DELTA COUNTY,119,95 Years +,19,7,12,16,6,10,3,1,2,0,0,0,0,0,0,0,0,0
DENTON COUNTY,121,All Ages,832492,408174,424318,495769,243836,251933,83369,38741,44628,68867,33889,34978,24659,11978,12681,159828,79730,80098
DENTON COUNTY,121,< 1 Year,9706,4976,4730,4739,2443,2296,973,479,494,753,407,346,611,318,293,2630,1329,1301
DENTON COUNTY,121,1 Years,9916,5060,4856,4806,2470,2336,1015,505,510,836,440,396,614,309,305,2645,1336,1309
DENTON COUNTY,121,2 Years,10217,5225,4992,5008,2570,2438,1002,502,500,885,463,422,608,302,306,2714,1388,1326
DENTON COUNTY,121,3 Years,10273,5233,5040,5050,2570,2480,1004,520,484,916,470,446,582,287,295,2721,1386,1335
DENTON COUNTY,121,4 Years,10267,5216,5051,5056,2555,2501,1003,527,476,918,470,448,568,278,290,2722,1386,1336
DENTON COUNTY,121,5 Years,10273,5222,5051,5069,2573,2496,1013,523,490,921,469,452,554,271,283,2716,1386,1330
DENTON COUNTY,121,6 Years,10308,5259,5049,5094,2618,2476,1002,506,496,935,470,465,543,265,278,2734,1400,1334
DENTON COUNTY,121,7 Years,9933,5146,4787,4904,2532,2372,970,510,460,890,464,426,503,249,254,2666,1391,1275
DENTON COUNTY,121,8 Years,11631,5961,5670,5717,2920,2797,1142,592,550,991,508,483,659,327,332,3122,1614,1508
DENTON COUNTY,121,9 Years,12033,6042,5991,5995,3010,2985,1204,592,612,1022,514,508,620,306,314,3192,1620,1572
DENTON COUNTY,121,10 Years,12297,6204,6093,6245,3218,3027,1190,567,623,1033,513,520,604,306,298,3225,1600,1625
DENTON COUNTY,121,11 Years,12492,6317,6175,6527,3370,3157,1215,591,624,963,479,484,593,296,297,3194,1581,1613
DENTON COUNTY,121,12 Years,12739,6576,6163,6801,3521,3280,1222,632,590,1026,538,488,565,290,275,3125,1595,1530
DENTON COUNTY,121,13 Years,12820,6593,6227,6912,3550,3362,1305,673,632,983,501,482,523,278,245,3097,1591,1506
DENTON COUNTY,121,14 Years,12843,6484,6359,7071,3612,3459,1266,633,633,971,474,497,518,268,250,3017,1497,1520
DENTON COUNTY,121,15 Years,12700,6383,6317,7143,3650,3493,1280,626,654,916,452,464,485,251,234,2876,1404,1472
DENTON COUNTY,121,16 Years,12909,6630,6279,7369,3789,3580,1308,715,593,927,474,453,455,237,218,2850,1415,1435
DENTON COUNTY,121,17 Years,13074,6718,6356,7575,3879,3696,1371,700,671,1022,558,464,416,223,193,2690,1358,1332
DENTON COUNTY,121,18 Years,13608,6780,6828,7877,3971,3906,1418,663,755,959,516,443,408,213,195,2946,1417,1529
DENTON COUNTY,121,19 Years,13638,6826,6812,7787,3914,3873,1277,595,682,996,468,528,459,228,231,3119,1621,1498
DENTON COUNTY,121,20 Years,13666,6686,6980,7976,3889,4087,1327,610,717,943,466,477,422,207,215,2998,1514,1484
DENTON COUNTY,121,21 Years,14198,6855,7343,8491,4045,4446,1295,604,691,1007,513,494,414,196,218,2991,1497,1494
DENTON COUNTY,121,22 Years,14385,7054,7331,8557,4136,4421,1366,658,708,1100,552,548,406,192,214,2956,1516,1440
DENTON COUNTY,121,23 Years,14456,6937,7519,8391,4008,4383,1367,627,740,1266,574,692,428,194,234,3004,1534,1470
DENTON COUNTY,121,24 Years,13748,6651,7097,7691,3697,3994,1362,640,722,1192,507,685,466,244,222,3037,1563,1474
DENTON COUNTY,121,25 Years,12514,6160,6354,6792,3334,3458,1241,621,620,1069,443,626,481,211,270,2931,1551,1380
DENTON COUNTY,121,26 Years,11618,5307,6311,6169,2855,3314,1467,668,799,897,409,488,418,182,236,2667,1193,1474
DENTON COUNTY,121,27 Years,11015,5047,5968,5455,2557,2898,1596,704,892,998,475,523,447,173,274,2519,1138,1381
DENTON COUNTY,121,28 Years,10574,5090,5484,5051,2462,2589,1578,694,884,1038,548,490,431,183,248,2476,1203,1273
DENTON COUNTY,121,29 Years,9926,4891,5035,4578,2343,2235,1538,729,809,941,462,479,395,185,210,2474,1172,1302
DENTON COUNTY,121,30 Years,9594,4913,4681,4591,2431,2160,1380,650,730,886,469,417,342,156,186,2395,1207,1188
DENTON COUNTY,121,31 Years,10115,5219,4896,5013,2642,2371,1336,662,674,1062,587,475,352,167,185,2352,1161,1191
DENTON COUNTY,121,32 Years,10787,5416,5371,5592,2878,2714,1519,696,823,1028,549,479,347,169,178,2301,1124,1177
DENTON COUNTY,121,33 Years,11084,5600,5484,5628,2895,2733,1506,691,815,1224,621,603,337,170,167,2389,1223,1166
DENTON COUNTY,121,34 Years,11792,5892,5900,6122,3086,3036,1471,669,802,1306,627,679,328,164,164,2565,1346,1219
DENTON COUNTY,121,35 Years,11858,5789,6069,6197,3069,3128,1451,640,811,1296,580,716,304,157,147,2610,1343,1267
DENTON COUNTY,121,36 Years,11963,5844,6119,6298,3094,3204,1506,675,831,1242,589,653,307,158,149,2610,1328,1282
DENTON COUNTY,121,37 Years,12157,6043,6114,6456,3233,3223,1494,695,799,1225,589,636,330,162,168,2652,1364,1288
DENTON COUNTY,121,38 Years,11855,5742,6113,6292,3126,3166,1403,611,792,1299,596,703,311,142,169,2550,1267,1283
DENTON COUNTY,121,39 Years,11755,5552,6203,6344,3024,3320,1366,583,783,1222,544,678,296,137,159,2527,1264,1263
DENTON COUNTY,121,40 Years,12019,5756,6263,6494,3105,3389,1407,635,772,1243,578,665,295,139,156,2580,1299,1281
DENTON COUNTY,121,41 Years,12148,5991,6157,6592,3277,3315,1357,593,764,1290,616,674,340,189,151,2569,1316,1253
DENTON COUNTY,121,42 Years,12333,5989,6344,6760,3310,3450,1282,567,715,1354,645,709,291,148,143,2646,1319,1327
DENTON COUNTY,121,43 Years,12251,5921,6330,6833,3333,3500,1303,600,703,1402,662,740,264,127,137,2449,1199,1250
DENTON COUNTY,121,44 Years,12495,6164,6331,6981,3467,3514,1372,619,753,1442,716,726,278,137,141,2422,1225,1197
DENTON COUNTY,121,45 Years,13009,6456,6553,7609,3837,3772,1377,622,755,1341,665,676,276,131,145,2406,1201,1205
DENTON COUNTY,121,46 Years,13746,6749,6997,8482,4197,4285,1385,607,778,1327,671,656,271,126,145,2281,1148,1133
DENTON COUNTY,121,47 Years,13537,6653,6884,8541,4186,4355,1319,610,709,1200,607,593,274,124,150,2203,1126,1077
DENTON COUNTY,121,48 Years,12694,6249,6445,8052,3973,4079,1234,566,668,1114,565,549,227,109,118,2067,1036,1031
DENTON COUNTY,121,49 Years,11813,5838,5975,7491,3711,3780,1186,522,664,992,521,471,207,95,112,1937,989,948
DENTON COUNTY,121,50 Years,11503,5685,5818,7405,3699,3706,1186,528,658,915,481,434,189,86,103,1808,891,917
DENTON COUNTY,121,51 Years,11349,5574,5775,7322,3596,3726,1216,566,650,854,440,414,210,92,118,1747,880,867
DENTON COUNTY,121,52 Years,11816,5780,6036,7782,3802,3980,1236,585,651,843,427,416,222,94,128,1733,872,861
DENTON COUNTY,121,53 Years,12116,5989,6127,8236,4114,4122,1174,524,650,844,435,409,200,92,108,1662,824,838
DENTON COUNTY,121,54 Years,11938,5839,6099,8190,4069,4121,1150,512,638,851,408,443,211,97,114,1536,753,783
DENTON COUNTY,121,55 Years,11366,5584,5782,7823,3921,3902,1087,483,604,772,359,413,209,94,115,1475,727,748
DENTON COUNTY,121,56 Years,11109,5497,5612,7841,3944,3897,1019,463,556,723,358,365,197,84,113,1329,648,681
DENTON COUNTY,121,57 Years,10669,5259,5410,7590,3790,3800,999,457,542,686,325,361,164,79,85,1230,608,622
DENTON COUNTY,121,58 Years,9914,4856,5058,7102,3528,3574,918,400,518,619,304,315,166,77,89,1109,547,562
DENTON COUNTY,121,59 Years,9561,4718,4843,6912,3450,3462,831,364,467,607,301,306,171,91,80,1040,512,528
DENTON COUNTY,121,60 Years,9078,4390,4688,6614,3223,3391,784,351,433,567,277,290,157,80,77,956,459,497
DENTON COUNTY,121,61 Years,8484,4086,4398,6152,3000,3152,724,323,401,585,283,302,143,67,76,880,413,467
DENTON COUNTY,121,62 Years,8175,3973,4202,6030,2965,3065,650,286,364,557,263,294,122,59,63,816,400,416
DENTON COUNTY,121,63 Years,7738,3608,4130,5860,2730,3130,563,245,318,503,233,270,109,57,52,703,343,360
DENTON COUNTY,121,64 Years,7223,3388,3835,5482,2583,2899,506,210,296,484,235,249,100,43,57,651,317,334
DENTON COUNTY,121,65 Years,6809,3239,3570,5181,2498,2683,457,193,264,455,211,244,92,39,53,624,298,326
DENTON COUNTY,121,66 Years,6455,3026,3429,4884,2287,2597,456,199,257,430,203,227,84,35,49,601,302,299
DENTON COUNTY,121,67 Years,6419,2958,3461,4907,2269,2638,448,182,266,424,207,217,84,34,50,556,266,290
DENTON COUNTY,121,68 Years,6115,2851,3264,4771,2267,2504,388,147,241,377,176,201,80,34,46,499,227,272
DENTON COUNTY,121,69 Years,6073,2856,3217,4808,2289,2519,382,159,223,344,157,187,77,35,42,462,216,246
DENTON COUNTY,121,70 Years,5863,2736,3127,4805,2254,2551,299,131,168,275,123,152,60,31,29,424,197,227
DENTON COUNTY,121,71 Years,4620,2132,2488,3691,1719,1972,249,105,144,261,119,142,46,24,22,373,165,208
DENTON COUNTY,121,72 Years,4162,1899,2263,3378,1546,1832,171,69,102,241,113,128,45,25,20,327,146,181
DENTON COUNTY,121,73 Years,4056,1825,2231,3346,1531,1815,167,67,100,210,91,119,40,21,19,293,115,178
DENTON COUNTY,121,74 Years,3812,1729,2083,3178,1455,1723,140,57,83,190,91,99,42,19,23,262,107,155
DENTON COUNTY,121,75 Years,3265,1525,1740,2679,1254,1425,149,62,87,178,87,91,34,17,17,225,105,120
DENTON COUNTY,121,76 Years,2899,1351,1548,2378,1097,1281,116,49,67,156,81,75,30,14,16,219,110,109
DENTON COUNTY,121,77 Years,2581,1164,1417,2075,938,1137,119,42,77,154,83,71,28,14,14,205,87,118
DENTON COUNTY,121,78 Years,2310,1035,1275,1858,854,1004,109,42,67,136,69,67,26,11,15,181,59,122
DENTON COUNTY,121,79 Years,2109,922,1187,1717,759,958,99,42,57,104,47,57,20,8,12,169,66,103
DENTON COUNTY,121,80 Years,1938,829,1109,1566,679,887,98,35,63,104,46,58,18,6,12,152,63,89
DENTON COUNTY,121,81 Years,1732,760,972,1369,614,755,82,30,52,107,48,59,17,6,11,157,62,95
DENTON COUNTY,121,82 Years,1555,630,925,1237,522,715,76,22,54,94,43,51,15,6,9,133,37,96
DENTON COUNTY,121,83 Years,1381,542,839,1113,447,666,66,16,50,84,37,47,10,6,4,108,36,72
DENTON COUNTY,121,84 Years,1177,484,693,939,395,544,55,18,37,68,29,39,8,4,4,107,38,69
DENTON COUNTY,121,85 Years,1040,432,608,843,355,488,43,12,31,55,31,24,9,5,4,90,29,61
DENTON COUNTY,121,86 Years,929,346,583,753,288,465,34,8,26,50,21,29,11,4,7,81,25,56
DENTON COUNTY,121,87 Years,810,290,520,673,246,427,25,6,19,43,15,28,9,3,6,60,20,40
DENTON COUNTY,121,88 Years,685,240,445,577,206,371,21,6,15,24,8,16,7,3,4,56,17,39
DENTON COUNTY,121,89 Years,586,197,389,491,168,323,24,6,18,19,5,14,6,3,3,46,15,31
DENTON COUNTY,121,90 Years,505,160,345,425,136,289,18,4,14,17,5,12,4,1,3,41,14,27
DENTON COUNTY,121,91 Years,437,123,314,375,106,269,13,3,10,12,5,7,4,1,3,33,8,25
DENTON COUNTY,121,92 Years,361,102,259,308,88,220,12,2,10,8,3,5,3,1,2,30,8,22
DENTON COUNTY,121,93 Years,270,77,193,232,67,165,8,3,5,7,3,4,2,0,2,21,4,17
DENTON COUNTY,121,94 Years,220,63,157,187,54,133,9,3,6,6,3,3,2,0,2,16,3,13
DENTON COUNTY,121,95 Years +,497,120,377,420,99,321,22,5,17,15,6,9,3,0,3,37,10,27
DE WITT COUNTY,123,All Ages,21090,11091,9999,11501,5774,5727,1770,1068,702,52,21,31,381,178,203,7386,4050,3336
DE WITT COUNTY,123,< 1 Year,247,123,124,92,44,48,10,5,5,1,0,1,21,8,13,123,66,57
DE WITT COUNTY,123,1 Years,251,125,126,103,48,55,9,5,4,1,0,1,17,6,11,121,66,55
DE WITT COUNTY,123,2 Years,273,137,136,120,55,65,10,6,4,1,0,1,15,5,10,127,71,56
DE WITT COUNTY,123,3 Years,279,144,135,130,61,69,8,5,3,2,1,1,12,7,5,127,70,57
DE WITT COUNTY,123,4 Years,275,144,131,119,57,62,9,5,4,1,1,0,9,7,2,137,74,63
DE WITT COUNTY,123,5 Years,256,139,117,104,53,51,8,4,4,1,1,0,9,7,2,134,74,60
DE WITT COUNTY,123,6 Years,242,130,112,95,47,48,8,4,4,1,1,0,8,7,1,130,71,59
DE WITT COUNTY,123,7 Years,243,122,121,92,45,47,8,5,3,1,0,1,10,8,2,132,64,68
DE WITT COUNTY,123,8 Years,247,132,115,95,54,41,16,8,8,0,0,0,11,5,6,125,65,60
DE WITT COUNTY,123,9 Years,259,138,121,105,59,46,23,8,15,0,0,0,10,4,6,121,67,54
DE WITT COUNTY,123,10 Years,270,142,128,115,64,51,20,11,9,0,0,0,8,5,3,127,62,65
DE WITT COUNTY,123,11 Years,253,125,128,107,58,49,20,9,11,1,0,1,8,4,4,117,54,63
DE WITT COUNTY,123,12 Years,237,117,120,102,51,51,22,12,10,0,0,0,6,3,3,107,51,56
DE WITT COUNTY,123,13 Years,260,136,124,106,53,53,22,14,8,0,0,0,8,3,5,124,66,58
DE WITT COUNTY,123,14 Years,261,132,129,109,54,55,22,10,12,0,0,0,10,6,4,120,62,58
DE WITT COUNTY,123,15 Years,208,103,105,84,45,39,19,7,12,1,0,1,7,4,3,97,47,50
DE WITT COUNTY,123,16 Years,236,131,105,102,53,49,19,11,8,0,0,0,8,6,2,107,61,46
DE WITT COUNTY,123,17 Years,248,135,113,104,58,46,24,14,10,1,1,0,8,4,4,111,58,53
DE WITT COUNTY,123,18 Years,215,113,102,90,51,39,20,12,8,1,1,0,7,2,5,97,47,50
DE WITT COUNTY,123,19 Years,203,111,92,91,50,41,19,13,6,1,0,1,7,3,4,85,45,40
DE WITT COUNTY,123,20 Years,208,113,95,89,51,38,19,13,6,2,2,0,8,2,6,90,45,45
DE WITT COUNTY,123,21 Years,206,107,99,96,51,45,13,7,6,2,0,2,10,4,6,85,45,40
DE WITT COUNTY,123,22 Years,217,117,100,99,54,45,17,11,6,3,1,2,9,5,4,89,46,43
DE WITT COUNTY,123,23 Years,230,118,112,112,54,58,20,13,7,1,0,1,9,5,4,88,46,42
DE WITT COUNTY,123,24 Years,249,123,126,129,66,63,16,7,9,1,0,1,8,2,6,95,48,47
DE WITT COUNTY,123,25 Years,296,156,140,157,78,79,24,11,13,0,0,0,4,1,3,111,66,45
DE WITT COUNTY,123,26 Years,259,143,116,129,69,60,27,17,10,0,0,0,3,2,1,100,55,45
DE WITT COUNTY,123,27 Years,249,137,112,132,64,68,28,19,9,1,1,0,4,3,1,84,50,34
DE WITT COUNTY,123,28 Years,265,152,113,148,72,76,28,20,8,1,1,0,4,3,1,84,56,28
DE WITT COUNTY,123,29 Years,257,147,110,111,61,50,24,20,4,1,1,0,4,1,3,117,64,53
DE WITT COUNTY,123,30 Years,251,132,119,100,48,52,26,19,7,0,0,0,3,0,3,122,65,57
DE WITT COUNTY,123,31 Years,264,142,122,119,59,60,27,20,7,0,0,0,3,1,2,115,62,53
DE WITT COUNTY,123,32 Years,274,151,123,130,73,57,19,10,9,0,0,0,1,0,1,124,68,56
DE WITT COUNTY,123,33 Years,250,144,106,105,58,47,27,19,8,0,0,0,2,1,1,116,66,50
DE WITT COUNTY,123,34 Years,257,158,99,110,62,48,29,24,5,0,0,0,3,2,1,115,70,45
DE WITT COUNTY,123,35 Years,289,183,106,123,72,51,39,34,5,0,0,0,2,0,2,125,77,48
DE WITT COUNTY,123,36 Years,277,165,112,128,68,60,37,28,9,0,0,0,1,0,1,111,69,42
DE WITT COUNTY,123,37 Years,250,148,102,109,54,55,33,23,10,0,0,0,3,3,0,105,68,37
DE WITT COUNTY,123,38 Years,256,152,104,120,66,54,27,20,7,0,0,0,7,6,1,102,60,42
DE WITT COUNTY,123,39 Years,260,162,98,121,72,49,22,16,6,1,0,1,2,1,1,114,73,41
DE WITT COUNTY,123,40 Years,275,167,108,135,79,56,25,18,7,0,0,0,3,1,2,112,69,43
DE WITT COUNTY,123,41 Years,266,154,112,127,68,59,24,19,5,0,0,0,3,1,2,112,66,46
DE WITT COUNTY,123,42 Years,245,148,97,125,71,54,17,15,2,0,0,0,2,1,1,101,61,40
DE WITT COUNTY,123,43 Years,237,140,97,121,65,56,27,24,3,0,0,0,3,0,3,86,51,35
DE WITT COUNTY,123,44 Years,237,146,91,121,65,56,28,21,7,0,0,0,2,1,1,86,59,27
DE WITT COUNTY,123,45 Years,253,147,106,126,66,60,34,25,9,1,1,0,2,2,0,90,53,37
DE WITT COUNTY,123,46 Years,273,153,120,136,69,67,32,21,11,0,0,0,2,1,1,103,62,41
DE WITT COUNTY,123,47 Years,267,143,124,156,75,81,22,14,8,1,0,1,3,1,2,85,53,32
DE WITT COUNTY,123,48 Years,272,150,122,139,63,76,34,22,12,0,0,0,3,0,3,96,65,31
DE WITT COUNTY,123,49 Years,256,148,108,132,73,59,28,16,12,0,0,0,4,1,3,92,58,34
DE WITT COUNTY,123,50 Years,247,135,112,139,76,63,24,13,11,1,0,1,4,3,1,79,43,36
DE WITT COUNTY,123,51 Years,271,146,125,147,74,73,24,15,9,2,0,2,4,1,3,94,56,38
DE WITT COUNTY,123,52 Years,286,167,119,164,94,70,27,17,10,1,0,1,3,1,2,91,55,36
DE WITT COUNTY,123,53 Years,308,179,129,186,103,83,25,17,8,1,0,1,3,1,2,93,58,35
DE WITT COUNTY,123,54 Years,290,159,131,176,95,81,27,15,12,0,0,0,2,0,2,85,49,36
DE WITT COUNTY,123,55 Years,276,148,128,161,84,77,28,18,10,0,0,0,4,1,3,83,45,38
DE WITT COUNTY,123,56 Years,287,169,118,177,100,77,28,22,6,0,0,0,3,1,2,79,46,33
DE WITT COUNTY,123,57 Years,296,154,142,181,95,86,22,14,8,2,0,2,2,1,1,89,44,45
DE WITT COUNTY,123,58 Years,313,168,145,189,105,84,25,15,10,1,1,0,2,0,2,96,47,49
DE WITT COUNTY,123,59 Years,298,156,142,195,95,100,21,12,9,0,0,0,2,1,1,80,48,32
DE WITT COUNTY,123,60 Years,289,137,152,190,80,110,19,9,10,1,0,1,2,1,1,77,47,30
DE WITT COUNTY,123,61 Years,268,133,135,163,79,84,23,9,14,1,0,1,1,0,1,80,45,35
DE WITT COUNTY,123,62 Years,278,155,123,188,108,80,23,9,14,2,2,0,1,1,0,64,35,29
DE WITT COUNTY,123,63 Years,271,136,135,181,91,90,22,11,11,0,0,0,1,0,1,67,34,33
DE WITT COUNTY,123,64 Years,266,137,129,184,93,91,25,11,14,0,0,0,1,1,0,56,32,24
DE WITT COUNTY,123,65 Years,245,114,131,171,77,94,18,8,10,3,2,1,0,0,0,53,27,26
DE WITT COUNTY,123,66 Years,241,113,128,161,71,90,27,14,13,2,1,1,0,0,0,51,27,24
DE WITT COUNTY,123,67 Years,240,117,123,168,81,87,23,13,10,0,0,0,1,0,1,48,23,25
DE WITT COUNTY,123,68 Years,252,118,134,186,91,95,13,5,8,0,0,0,2,0,2,51,22,29
DE WITT COUNTY,123,69 Years,237,116,121,172,86,86,16,9,7,0,0,0,1,0,1,48,21,27
DE WITT COUNTY,123,70 Years,226,111,115,169,88,81,12,5,7,0,0,0,2,0,2,43,18,25
DE WITT COUNTY,123,71 Years,212,96,116,154,77,77,14,6,8,1,0,1,2,0,2,41,13,28
DE WITT COUNTY,123,72 Years,229,102,127,154,72,82,25,10,15,0,0,0,3,1,2,47,19,28
DE WITT COUNTY,123,73 Years,194,88,106,139,64,75,11,5,6,0,0,0,0,0,0,44,19,25
DE WITT COUNTY,123,74 Years,187,86,101,148,66,82,7,5,2,0,0,0,2,1,1,30,14,16
DE WITT COUNTY,123,75 Years,163,68,95,124,50,74,12,5,7,1,0,1,1,1,0,25,12,13
DE WITT COUNTY,123,76 Years,155,76,79,118,59,59,10,5,5,0,0,0,0,0,0,27,12,15
DE WITT COUNTY,123,77 Years,139,66,73,105,51,54,10,5,5,1,1,0,2,0,2,21,9,12
DE WITT COUNTY,123,78 Years,144,69,75,109,55,54,10,3,7,1,1,0,2,0,2,22,10,12
DE WITT COUNTY,123,79 Years,139,61,78,104,45,59,13,6,7,0,0,0,1,0,1,21,10,11
DE WITT COUNTY,123,80 Years,143,64,79,117,52,65,9,6,3,0,0,0,0,0,0,17,6,11
DE WITT COUNTY,123,81 Years,130,55,75,102,44,58,8,3,5,1,0,1,2,1,1,17,7,10
DE WITT COUNTY,123,82 Years,117,50,67,90,39,51,10,4,6,0,0,0,1,1,0,16,6,10
DE WITT COUNTY,123,83 Years,99,43,56,76,33,43,8,4,4,0,0,0,1,1,0,14,5,9
DE WITT COUNTY,123,84 Years,103,35,68,72,26,46,6,2,4,0,0,0,1,0,1,24,7,17
DE WITT COUNTY,123,85 Years,91,40,51,66,30,36,8,4,4,0,0,0,2,1,1,15,5,10
DE WITT COUNTY,123,86 Years,90,35,55,70,25,45,7,3,4,0,0,0,1,1,0,12,6,6
DE WITT COUNTY,123,87 Years,78,30,48,60,20,40,7,4,3,0,0,0,1,1,0,10,5,5
DE WITT COUNTY,123,88 Years,72,27,45,56,20,36,6,2,4,0,0,0,1,1,0,9,4,5
DE WITT COUNTY,123,89 Years,54,20,34,41,15,26,6,2,4,0,0,0,0,0,0,7,3,4
DE WITT COUNTY,123,90 Years,44,17,27,34,13,21,3,1,2,0,0,0,0,0,0,7,3,4
DE WITT COUNTY,123,91 Years,54,16,38,42,11,31,5,2,3,1,0,1,0,0,0,6,3,3
DE WITT COUNTY,123,92 Years,40,16,24,33,11,22,3,2,1,0,0,0,0,0,0,4,3,1
DE WITT COUNTY,123,93 Years,28,11,17,22,8,14,2,1,1,0,0,0,0,0,0,4,2,2
DE WITT COUNTY,123,94 Years,27,9,18,20,6,14,3,1,2,0,0,0,0,0,0,4,2,2
DE WITT COUNTY,123,95 Years +,65,18,47,47,10,37,6,2,4,0,0,0,1,0,1,11,6,5
DICKENS COUNTY,125,All Ages,2219,1280,939,1370,727,643,93,82,11,16,10,6,39,26,13,701,435,266
DICKENS COUNTY,125,< 1 Year,16,7,9,8,4,4,0,0,0,0,0,0,0,0,0,8,3,5
DICKENS COUNTY,125,1 Years,18,9,9,11,6,5,0,0,0,0,0,0,1,1,0,6,2,4
DICKENS COUNTY,125,2 Years,17,8,9,10,5,5,0,0,0,0,0,0,0,0,0,7,3,4
DICKENS COUNTY,125,3 Years,18,9,9,11,6,5,0,0,0,0,0,0,0,0,0,7,3,4
DICKENS COUNTY,125,4 Years,15,8,7,8,3,5,0,0,0,0,0,0,0,0,0,7,5,2
DICKENS COUNTY,125,5 Years,16,8,8,11,5,6,0,0,0,0,0,0,0,0,0,5,3,2
DICKENS COUNTY,125,6 Years,17,8,9,11,4,7,0,0,0,0,0,0,0,0,0,6,4,2
DICKENS COUNTY,125,7 Years,20,11,9,13,6,7,0,0,0,0,0,0,0,0,0,7,5,2
DICKENS COUNTY,125,8 Years,12,8,4,6,3,3,0,0,0,0,0,0,0,0,0,6,5,1
DICKENS COUNTY,125,9 Years,18,9,9,9,4,5,0,0,0,0,0,0,0,0,0,9,5,4
DICKENS COUNTY,125,10 Years,23,11,12,10,4,6,0,0,0,0,0,0,2,1,1,11,6,5
DICKENS COUNTY,125,11 Years,23,10,13,12,4,8,0,0,0,0,0,0,0,0,0,11,6,5
DICKENS COUNTY,125,12 Years,24,12,12,10,5,5,0,0,0,0,0,0,1,0,1,13,7,6
DICKENS COUNTY,125,13 Years,24,10,14,12,5,7,0,0,0,0,0,0,1,0,1,11,5,6
DICKENS COUNTY,125,14 Years,24,12,12,12,7,5,1,1,0,0,0,0,0,0,0,11,4,7
DICKENS COUNTY,125,15 Years,25,11,14,12,6,6,1,1,0,0,0,0,0,0,0,12,4,8
DICKENS COUNTY,125,16 Years,26,12,14,14,8,6,0,0,0,0,0,0,1,0,1,11,4,7
DICKENS COUNTY,125,17 Years,20,8,12,10,5,5,0,0,0,0,0,0,1,1,0,9,2,7
DICKENS COUNTY,125,18 Years,25,18,7,12,9,3,2,1,1,0,0,0,0,0,0,11,8,3
DICKENS COUNTY,125,19 Years,30,25,5,12,9,3,5,5,0,0,0,0,0,0,0,13,11,2
DICKENS COUNTY,125,20 Years,27,20,7,8,6,2,3,3,0,0,0,0,4,1,3,12,10,2
DICKENS COUNTY,125,21 Years,31,24,7,9,6,3,4,4,0,0,0,0,1,0,1,17,14,3
DICKENS COUNTY,125,22 Years,25,20,5,12,9,3,1,1,0,0,0,0,1,1,0,11,9,2
DICKENS COUNTY,125,23 Years,24,18,6,9,5,4,1,1,0,0,0,0,2,2,0,12,10,2
DICKENS COUNTY,125,24 Years,29,23,6,13,9,4,2,2,0,0,0,0,1,1,0,13,11,2
DICKENS COUNTY,125,25 Years,28,19,9,12,8,4,3,3,0,0,0,0,0,0,0,13,8,5
DICKENS COUNTY,125,26 Years,33,25,8,14,9,5,8,8,0,0,0,0,0,0,0,11,8,3
DICKENS COUNTY,125,27 Years,31,23,8,13,8,5,5,5,0,0,0,0,0,0,0,13,10,3
DICKENS COUNTY,125,28 Years,30,24,6,13,9,4,3,3,0,0,0,0,0,0,0,14,12,2
DICKENS COUNTY,125,29 Years,33,25,8,15,8,7,2,2,0,0,0,0,0,0,0,16,15,1
DICKENS COUNTY,125,30 Years,32,23,9,13,8,5,5,5,0,1,0,1,0,0,0,13,10,3
DICKENS COUNTY,125,31 Years,29,21,8,12,9,3,4,4,0,1,0,1,0,0,0,12,8,4
DICKENS COUNTY,125,32 Years,26,20,6,8,6,2,3,3,0,1,1,0,0,0,0,14,10,4
DICKENS COUNTY,125,33 Years,27,20,7,10,8,2,3,2,1,0,0,0,0,0,0,14,10,4
DICKENS COUNTY,125,34 Years,23,16,7,10,6,4,2,2,0,0,0,0,0,0,0,11,8,3
DICKENS COUNTY,125,35 Years,26,15,11,14,8,6,3,2,1,0,0,0,0,0,0,9,5,4
DICKENS COUNTY,125,36 Years,20,14,6,11,6,5,0,0,0,0,0,0,0,0,0,9,8,1
DICKENS COUNTY,125,37 Years,29,17,12,18,8,10,1,1,0,0,0,0,0,0,0,10,8,2
DICKENS COUNTY,125,38 Years,33,22,11,16,11,5,4,3,1,1,0,1,0,0,0,12,8,4
DICKENS COUNTY,125,39 Years,25,15,10,14,7,7,0,0,0,1,0,1,0,0,0,10,8,2
DICKENS COUNTY,125,40 Years,29,21,8,15,10,5,0,0,0,2,1,1,0,0,0,12,10,2
DICKENS COUNTY,125,41 Years,24,15,9,11,5,6,1,1,0,1,1,0,1,1,0,10,7,3
DICKENS COUNTY,125,42 Years,33,20,13,19,8,11,2,2,0,1,1,0,1,1,0,10,8,2
DICKENS COUNTY,125,43 Years,34,22,12,23,12,11,2,2,0,0,0,0,1,1,0,8,7,1
DICKENS COUNTY,125,44 Years,33,21,12,23,14,9,2,2,0,1,1,0,0,0,0,7,4,3
DICKENS COUNTY,125,45 Years,28,15,13,16,9,7,2,2,0,0,0,0,0,0,0,10,4,6
DICKENS COUNTY,125,46 Years,26,15,11,14,8,6,1,1,0,0,0,0,2,1,1,9,5,4
DICKENS COUNTY,125,47 Years,26,17,9,16,12,4,0,0,0,0,0,0,1,0,1,9,5,4
DICKENS COUNTY,125,48 Years,20,13,7,13,8,5,0,0,0,0,0,0,0,0,0,7,5,2
DICKENS COUNTY,125,49 Years,19,12,7,9,5,4,0,0,0,0,0,0,0,0,0,10,7,3
DICKENS COUNTY,125,50 Years,21,11,10,11,5,6,2,2,0,0,0,0,0,0,0,8,4,4
DICKENS COUNTY,125,51 Years,21,9,12,14,6,8,0,0,0,0,0,0,0,0,0,7,3,4
DICKENS COUNTY,125,52 Years,18,6,12,14,5,9,0,0,0,0,0,0,0,0,0,4,1,3
DICKENS COUNTY,125,53 Years,24,12,12,17,8,9,0,0,0,0,0,0,2,2,0,5,2,3
DICKENS COUNTY,125,54 Years,29,17,12,19,10,9,0,0,0,0,0,0,2,2,0,8,5,3
DICKENS COUNTY,125,55 Years,28,16,12,18,9,9,1,1,0,0,0,0,1,1,0,8,5,3
DICKENS COUNTY,125,56 Years,31,16,15,18,9,9,0,0,0,0,0,0,0,0,0,13,7,6
DICKENS COUNTY,125,57 Years,34,17,17,21,9,12,0,0,0,2,2,0,0,0,0,11,6,5
DICKENS COUNTY,125,58 Years,32,18,14,22,12,10,0,0,0,2,2,0,0,0,0,8,4,4
DICKENS COUNTY,125,59 Years,30,13,17,21,10,11,1,0,1,1,0,1,0,0,0,7,3,4
DICKENS COUNTY,125,60 Years,31,15,16,24,11,13,1,0,1,0,0,0,2,2,0,4,2,2
DICKENS COUNTY,125,61 Years,38,19,19,29,13,16,0,0,0,0,0,0,1,1,0,8,5,3
DICKENS COUNTY,125,62 Years,38,22,16,33,19,14,1,1,0,0,0,0,0,0,0,4,2,2
DICKENS COUNTY,125,63 Years,27,17,10,23,14,9,1,1,0,0,0,0,0,0,0,3,2,1
DICKENS COUNTY,125,64 Years,29,13,16,25,10,15,1,0,1,0,0,0,0,0,0,3,3,0
DICKENS COUNTY,125,65 Years,30,13,17,22,9,13,1,0,1,0,0,0,1,1,0,6,3,3
DICKENS COUNTY,125,66 Years,24,11,13,19,9,10,1,1,0,0,0,0,0,0,0,4,1,3
DICKENS COUNTY,125,67 Years,28,10,18,21,8,13,0,0,0,0,0,0,0,0,0,7,2,5
DICKENS COUNTY,125,68 Years,25,11,14,21,9,12,0,0,0,0,0,0,0,0,0,4,2,2
DICKENS COUNTY,125,69 Years,29,15,14,21,10,11,1,1,0,0,0,0,1,1,0,6,3,3
DICKENS COUNTY,125,70 Years,24,10,14,18,8,10,0,0,0,0,0,0,1,1,0,5,1,4
DICKENS COUNTY,125,71 Years,23,10,13,18,8,10,0,0,0,0,0,0,0,0,0,5,2,3
DICKENS COUNTY,125,72 Years,24,12,12,20,10,10,0,0,0,0,0,0,0,0,0,4,2,2
DICKENS COUNTY,125,73 Years,26,12,14,23,11,12,0,0,0,0,0,0,0,0,0,3,1,2
DICKENS COUNTY,125,74 Years,24,12,12,21,9,12,0,0,0,1,1,0,0,0,0,2,2,0
DICKENS COUNTY,125,75 Years,26,14,12,24,12,12,0,0,0,0,0,0,0,0,0,2,2,0
DICKENS COUNTY,125,76 Years,26,11,15,22,10,12,0,0,0,0,0,0,0,0,0,4,1,3
DICKENS COUNTY,125,77 Years,20,11,9,19,10,9,0,0,0,0,0,0,0,0,0,1,1,0
DICKENS COUNTY,125,78 Years,22,12,10,20,10,10,0,0,0,0,0,0,0,0,0,2,2,0
DICKENS COUNTY,125,79 Years,22,10,12,20,9,11,0,0,0,0,0,0,0,0,0,2,1,1
DICKENS COUNTY,125,80 Years,24,11,13,20,10,10,2,1,1,0,0,0,0,0,0,2,0,2
DICKENS COUNTY,125,81 Years,21,10,11,16,9,7,1,0,1,0,0,0,0,0,0,4,1,3
DICKENS COUNTY,125,82 Years,12,8,4,10,7,3,0,0,0,0,0,0,0,0,0,2,1,1
DICKENS COUNTY,125,83 Years,12,8,4,10,7,3,0,0,0,0,0,0,0,0,0,2,1,1
DICKENS COUNTY,125,84 Years,14,10,4,12,9,3,0,0,0,0,0,0,1,1,0,1,0,1
DICKENS COUNTY,125,85 Years,11,5,6,9,5,4,0,0,0,0,0,0,1,0,1,1,0,1
DICKENS COUNTY,125,86 Years,12,7,5,12,7,5,0,0,0,0,0,0,0,0,0,0,0,0
DICKENS COUNTY,125,87 Years,11,6,5,8,5,3,0,0,0,0,0,0,1,1,0,2,0,2
DICKENS COUNTY,125,88 Years,8,6,2,7,5,2,0,0,0,0,0,0,0,0,0,1,1,0
DICKENS COUNTY,125,89 Years,9,4,5,6,4,2,0,0,0,0,0,0,2,0,2,1,0,1
DICKENS COUNTY,125,90 Years,7,4,3,4,2,2,0,0,0,0,0,0,1,1,0,2,1,1
DICKENS COUNTY,125,91 Years,7,3,4,5,3,2,1,0,1,0,0,0,0,0,0,1,0,1
DICKENS COUNTY,125,92 Years,7,4,3,4,2,2,0,0,0,0,0,0,0,0,0,3,2,1
DICKENS COUNTY,125,93 Years,4,3,1,2,1,1,1,1,0,0,0,0,0,0,0,1,1,0
DICKENS COUNTY,125,94 Years,3,2,1,2,1,1,1,1,0,0,0,0,0,0,0,0,0,0
DICKENS COUNTY,125,95 Years +,9,5,4,8,5,3,0,0,0,0,0,0,0,0,0,1,0,1
DIMMIT COUNTY,127,All Ages,10913,5369,5544,1345,697,648,80,45,35,53,25,28,52,30,22,9383,4572,4811
DIMMIT COUNTY,127,< 1 Year,150,78,72,22,12,10,0,0,0,1,0,1,3,1,2,124,65,59
DIMMIT COUNTY,127,1 Years,154,82,72,25,15,10,0,0,0,0,0,0,3,1,2,126,66,60
DIMMIT COUNTY,127,2 Years,181,95,86,27,16,11,0,0,0,0,0,0,2,1,1,152,78,74
DIMMIT COUNTY,127,3 Years,195,100,95,29,15,14,0,0,0,1,1,0,3,2,1,162,82,80
DIMMIT COUNTY,127,4 Years,206,106,100,28,13,15,0,0,0,1,1,0,3,2,1,174,90,84
DIMMIT COUNTY,127,5 Years,208,108,100,34,17,17,0,0,0,2,1,1,3,2,1,169,88,81
DIMMIT COUNTY,127,6 Years,184,97,87,26,15,11,2,1,1,0,0,0,2,1,1,154,80,74
DIMMIT COUNTY,127,7 Years,172,81,91,20,9,11,1,0,1,0,0,0,3,1,2,148,71,77
DIMMIT COUNTY,127,8 Years,173,89,84,16,9,7,0,0,0,0,0,0,2,1,1,155,79,76
DIMMIT COUNTY,127,9 Years,161,82,79,12,8,4,1,1,0,1,1,0,1,0,1,146,72,74
DIMMIT COUNTY,127,10 Years,181,87,94,13,7,6,2,1,1,1,1,0,0,0,0,165,78,87
DIMMIT COUNTY,127,11 Years,196,93,103,15,7,8,3,1,2,0,0,0,0,0,0,178,85,93
DIMMIT COUNTY,127,12 Years,188,91,97,14,6,8,2,1,1,1,1,0,0,0,0,171,83,88
DIMMIT COUNTY,127,13 Years,181,89,92,13,5,8,3,2,1,0,0,0,0,0,0,165,82,83
DIMMIT COUNTY,127,14 Years,159,79,80,13,7,6,2,1,1,1,0,1,0,0,0,143,71,72
DIMMIT COUNTY,127,15 Years,161,88,73,15,9,6,2,1,1,1,1,0,0,0,0,143,77,66
DIMMIT COUNTY,127,16 Years,178,87,91,8,5,3,1,0,1,0,0,0,0,0,0,169,82,87
DIMMIT COUNTY,127,17 Years,156,77,79,11,4,7,0,0,0,1,1,0,0,0,0,144,72,72
DIMMIT COUNTY,127,18 Years,157,76,81,16,8,8,1,0,1,2,2,0,0,0,0,138,66,72
DIMMIT COUNTY,127,19 Years,143,64,79,10,2,8,1,1,0,1,1,0,0,0,0,131,60,71
DIMMIT COUNTY,127,20 Years,140,61,79,7,1,6,1,1,0,1,1,0,0,0,0,131,58,73
DIMMIT COUNTY,127,21 Years,141,67,74,11,4,7,0,0,0,1,1,0,0,0,0,129,62,67
DIMMIT COUNTY,127,22 Years,151,78,73,9,4,5,0,0,0,1,0,1,0,0,0,141,74,67
DIMMIT COUNTY,127,23 Years,169,86,83,9,4,5,2,1,1,0,0,0,0,0,0,158,81,77
DIMMIT COUNTY,127,24 Years,175,91,84,11,5,6,2,1,1,2,0,2,0,0,0,160,85,75
DIMMIT COUNTY,127,25 Years,174,87,87,13,7,6,2,1,1,1,1,0,0,0,0,158,78,80
DIMMIT COUNTY,127,26 Years,128,65,63,12,5,7,1,0,1,0,0,0,0,0,0,115,60,55
DIMMIT COUNTY,127,27 Years,142,77,65,13,5,8,0,0,0,1,1,0,0,0,0,128,71,57
DIMMIT COUNTY,127,28 Years,152,86,66,8,3,5,2,1,1,1,1,0,2,2,0,139,79,60
DIMMIT COUNTY,127,29 Years,175,102,73,15,11,4,1,1,0,0,0,0,1,1,0,158,89,69
DIMMIT COUNTY,127,30 Years,139,77,62,14,9,5,0,0,0,0,0,0,1,1,0,124,67,57
DIMMIT COUNTY,127,31 Years,141,71,70,11,7,4,2,1,1,0,0,0,1,1,0,127,62,65
DIMMIT COUNTY,127,32 Years,122,70,52,10,7,3,1,1,0,0,0,0,0,0,0,111,62,49
DIMMIT COUNTY,127,33 Years,129,75,54,18,12,6,0,0,0,1,0,1,1,1,0,109,62,47
DIMMIT COUNTY,127,34 Years,130,61,69,15,7,8,1,0,1,1,0,1,1,1,0,112,53,59
DIMMIT COUNTY,127,35 Years,130,56,74,16,5,11,1,1,0,2,0,2,1,0,1,110,50,60
DIMMIT COUNTY,127,36 Years,119,56,63,13,7,6,1,0,1,1,0,1,0,0,0,104,49,55
DIMMIT COUNTY,127,37 Years,137,67,70,12,4,8,1,0,1,1,1,0,0,0,0,123,62,61
DIMMIT COUNTY,127,38 Years,114,62,52,14,7,7,0,0,0,1,1,0,0,0,0,99,54,45
DIMMIT COUNTY,127,39 Years,101,48,53,14,10,4,0,0,0,0,0,0,0,0,0,87,38,49
DIMMIT COUNTY,127,40 Years,128,59,69,15,11,4,0,0,0,1,0,1,0,0,0,112,48,64
DIMMIT COUNTY,127,41 Years,138,60,78,18,7,11,1,0,1,0,0,0,0,0,0,119,53,66
DIMMIT COUNTY,127,42 Years,128,65,63,15,9,6,0,0,0,1,0,1,0,0,0,112,56,56
DIMMIT COUNTY,127,43 Years,116,54,62,16,10,6,0,0,0,1,1,0,0,0,0,99,43,56
DIMMIT COUNTY,127,44 Years,93,44,49,10,5,5,0,0,0,1,0,1,0,0,0,82,39,43
DIMMIT COUNTY,127,45 Years,105,49,56,13,6,7,1,1,0,1,0,1,1,0,1,89,42,47
DIMMIT COUNTY,127,46 Years,114,60,54,13,9,4,1,1,0,0,0,0,0,0,0,100,50,50
DIMMIT COUNTY,127,47 Years,131,66,65,16,5,11,1,1,0,0,0,0,0,0,0,114,60,54
DIMMIT COUNTY,127,48 Years,111,56,55,14,7,7,1,1,0,0,0,0,0,0,0,96,48,48
DIMMIT COUNTY,127,49 Years,109,50,59,17,8,9,0,0,0,1,1,0,0,0,0,91,41,50
DIMMIT COUNTY,127,50 Years,114,51,63,18,8,10,1,1,0,2,0,2,0,0,0,93,42,51
DIMMIT COUNTY,127,51 Years,114,53,61,10,6,4,1,1,0,1,0,1,0,0,0,102,46,56
DIMMIT COUNTY,127,52 Years,119,54,65,8,2,6,1,0,1,1,0,1,0,0,0,109,52,57
DIMMIT COUNTY,127,53 Years,120,62,58,16,12,4,1,1,0,1,0,1,1,1,0,101,48,53
DIMMIT COUNTY,127,54 Years,109,57,52,12,8,4,1,1,0,0,0,0,1,1,0,95,47,48
DIMMIT COUNTY,127,55 Years,122,69,53,13,8,5,2,2,0,0,0,0,2,2,0,105,57,48
DIMMIT COUNTY,127,56 Years,130,63,67,21,10,11,2,2,0,0,0,0,0,0,0,107,51,56
DIMMIT COUNTY,127,57 Years,125,64,61,23,16,7,2,2,0,1,1,0,0,0,0,99,45,54
DIMMIT COUNTY,127,58 Years,106,57,49,16,12,4,1,0,1,0,0,0,1,0,1,88,45,43
DIMMIT COUNTY,127,59 Years,114,58,56,20,12,8,1,1,0,0,0,0,1,0,1,92,45,47
DIMMIT COUNTY,127,60 Years,117,58,59,14,6,8,2,1,1,1,0,1,1,1,0,99,50,49
DIMMIT COUNTY,127,61 Years,112,55,57,17,10,7,2,1,1,0,0,0,1,0,1,92,44,48
DIMMIT COUNTY,127,62 Years,110,55,55,15,9,6,2,1,1,2,0,2,2,2,0,89,43,46
DIMMIT COUNTY,127,63 Years,106,49,57,19,7,12,3,2,1,1,0,1,1,1,0,82,39,43
DIMMIT COUNTY,127,64 Years,112,54,58,19,10,9,1,1,0,0,0,0,0,0,0,92,43,49
DIMMIT COUNTY,127,65 Years,113,53,60,14,6,8,2,2,0,1,1,0,0,0,0,96,44,52
DIMMIT COUNTY,127,66 Years,106,53,53,23,13,10,1,1,0,1,1,0,0,0,0,81,38,43
DIMMIT COUNTY,127,67 Years,103,39,64,14,9,5,1,0,1,0,0,0,0,0,0,88,30,58
DIMMIT COUNTY,127,68 Years,125,46,79,20,10,10,1,0,1,1,0,1,1,0,1,102,36,66
DIMMIT COUNTY,127,69 Years,105,50,55,22,11,11,0,0,0,1,0,1,0,0,0,82,39,43
DIMMIT COUNTY,127,70 Years,112,54,58,21,10,11,1,0,1,0,0,0,0,0,0,90,44,46
DIMMIT COUNTY,127,71 Years,94,46,48,18,10,8,0,0,0,1,1,0,0,0,0,75,35,40
DIMMIT COUNTY,127,72 Years,85,40,45,17,7,10,0,0,0,1,1,0,0,0,0,67,32,35
DIMMIT COUNTY,127,73 Years,71,38,33,13,6,7,0,0,0,0,0,0,0,0,0,58,32,26
DIMMIT COUNTY,127,74 Years,68,29,39,13,8,5,0,0,0,0,0,0,0,0,0,55,21,34
DIMMIT COUNTY,127,75 Years,66,27,39,12,6,6,1,1,0,0,0,0,0,0,0,53,20,33
DIMMIT COUNTY,127,76 Years,61,25,36,16,9,7,1,0,1,0,0,0,0,0,0,44,16,28
DIMMIT COUNTY,127,77 Years,52,21,31,14,7,7,1,0,1,1,0,1,0,0,0,36,14,22
DIMMIT COUNTY,127,78 Years,49,22,27,8,4,4,0,0,0,0,0,0,0,0,0,41,18,23
DIMMIT COUNTY,127,79 Years,47,22,25,3,1,2,0,0,0,0,0,0,0,0,0,44,21,23
DIMMIT COUNTY,127,80 Years,45,25,20,4,3,1,1,1,0,0,0,0,1,0,1,39,21,18
DIMMIT COUNTY,127,81 Years,41,20,21,11,7,4,0,0,0,0,0,0,2,2,0,28,11,17
DIMMIT COUNTY,127,82 Years,43,18,25,12,4,8,0,0,0,0,0,0,1,1,0,30,13,17
DIMMIT COUNTY,127,83 Years,44,18,26,9,4,5,0,0,0,0,0,0,0,0,0,35,14,21
DIMMIT COUNTY,127,84 Years,39,19,20,12,6,6,0,0,0,0,0,0,0,0,0,27,13,14
DIMMIT COUNTY,127,85 Years,37,17,20,11,5,6,0,0,0,0,0,0,0,0,0,26,12,14
DIMMIT COUNTY,127,86 Years,34,12,22,7,3,4,0,0,0,0,0,0,0,0,0,27,9,18
DIMMIT COUNTY,127,87 Years,28,12,16,6,3,3,0,0,0,0,0,0,0,0,0,22,9,13
DIMMIT COUNTY,127,88 Years,28,9,19,7,3,4,0,0,0,0,0,0,0,0,0,21,6,15
DIMMIT COUNTY,127,89 Years,19,6,13,5,3,2,1,0,1,0,0,0,1,0,1,12,3,9
DIMMIT COUNTY,127,90 Years,16,7,9,5,3,2,0,0,0,0,0,0,0,0,0,11,4,7
DIMMIT COUNTY,127,91 Years,17,5,12,5,2,3,0,0,0,0,0,0,0,0,0,12,3,9
DIMMIT COUNTY,127,92 Years,13,5,8,5,2,3,0,0,0,1,0,1,0,0,0,7,3,4
DIMMIT COUNTY,127,93 Years,15,4,11,4,1,3,1,0,1,0,0,0,0,0,0,10,3,7
DIMMIT COUNTY,127,94 Years,13,5,8,5,2,3,0,0,0,0,0,0,0,0,0,8,3,5
DIMMIT COUNTY,127,95 Years +,28,8,20,9,3,6,1,0,1,0,0,0,1,0,1,17,5,12
DONLEY COUNTY,129,All Ages,3344,1640,1704,2749,1347,1402,203,104,99,7,3,4,62,23,39,323,163,160
DONLEY COUNTY,129,< 1 Year,42,25,17,39,23,16,0,0,0,0,0,0,0,0,0,3,2,1
DONLEY COUNTY,129,1 Years,42,25,17,33,19,14,4,3,1,0,0,0,0,0,0,5,3,2
DONLEY COUNTY,129,2 Years,39,22,17,27,15,12,8,5,3,0,0,0,0,0,0,4,2,2
DONLEY COUNTY,129,3 Years,35,20,15,23,12,11,9,6,3,0,0,0,0,0,0,3,2,1
DONLEY COUNTY,129,4 Years,39,22,17,26,14,12,8,6,2,0,0,0,0,0,0,5,2,3
DONLEY COUNTY,129,5 Years,41,23,18,28,15,13,9,6,3,0,0,0,0,0,0,4,2,2
DONLEY COUNTY,129,6 Years,38,19,19,28,12,16,5,4,1,0,0,0,0,0,0,5,3,2
DONLEY COUNTY,129,7 Years,41,18,23,31,15,16,5,3,2,0,0,0,0,0,0,5,0,5
DONLEY COUNTY,129,8 Years,45,18,27,37,18,19,1,0,1,0,0,0,2,0,2,5,0,5
DONLEY COUNTY,129,9 Years,34,18,16,25,13,12,2,2,0,0,0,0,0,0,0,7,3,4
DONLEY COUNTY,129,10 Years,31,16,15,23,12,11,2,1,1,0,0,0,0,0,0,6,3,3
DONLEY COUNTY,129,11 Years,31,16,15,22,12,10,3,1,2,0,0,0,2,0,2,4,3,1
DONLEY COUNTY,129,12 Years,27,12,15,17,8,9,2,1,1,0,0,0,2,0,2,6,3,3
DONLEY COUNTY,129,13 Years,35,14,21,25,8,17,4,3,1,0,0,0,1,1,0,5,2,3
DONLEY COUNTY,129,14 Years,35,16,19,25,9,16,4,3,1,0,0,0,1,1,0,5,3,2
DONLEY COUNTY,129,15 Years,32,16,16,24,13,11,3,1,2,0,0,0,1,0,1,4,2,2
DONLEY COUNTY,129,16 Years,35,19,16,22,14,8,4,2,2,0,0,0,1,0,1,8,3,5
DONLEY COUNTY,129,17 Years,31,18,13,23,15,8,3,0,3,0,0,0,1,1,0,4,2,2
DONLEY COUNTY,129,18 Years,84,41,43,64,33,31,2,0,2,0,0,0,2,0,2,16,8,8
DONLEY COUNTY,129,19 Years,100,57,43,80,45,35,1,0,1,0,0,0,2,0,2,17,12,5
DONLEY COUNTY,129,20 Years,79,46,33,61,38,23,2,0,2,1,0,1,1,0,1,14,8,6
DONLEY COUNTY,129,21 Years,24,12,12,15,10,5,4,1,3,0,0,0,0,0,0,5,1,4
DONLEY COUNTY,129,22 Years,32,16,16,22,12,10,4,0,4,0,0,0,0,0,0,6,4,2
DONLEY COUNTY,129,23 Years,38,17,21,24,12,12,4,0,4,0,0,0,2,0,2,8,5,3
DONLEY COUNTY,129,24 Years,38,17,21,27,13,14,4,2,2,0,0,0,1,0,1,6,2,4
DONLEY COUNTY,129,25 Years,36,17,19,23,10,13,6,4,2,1,1,0,1,0,1,5,2,3
DONLEY COUNTY,129,26 Years,50,21,29,33,14,19,9,4,5,1,0,1,1,0,1,6,3,3
DONLEY COUNTY,129,27 Years,46,24,22,31,16,15,10,5,5,0,0,0,1,0,1,4,3,1
DONLEY COUNTY,129,28 Years,37,18,19,28,12,16,5,3,2,0,0,0,0,0,0,4,3,1
DONLEY COUNTY,129,29 Years,38,22,16,29,15,14,4,4,0,0,0,0,0,0,0,5,3,2
DONLEY COUNTY,129,30 Years,24,14,10,18,10,8,1,0,1,0,0,0,2,2,0,3,2,1
DONLEY COUNTY,129,31 Years,27,16,11,23,13,10,0,0,0,0,0,0,2,2,0,2,1,1
DONLEY COUNTY,129,32 Years,33,17,16,26,15,11,1,0,1,0,0,0,0,0,0,6,2,4
DONLEY COUNTY,129,33 Years,33,20,13,28,18,10,1,1,0,0,0,0,0,0,0,4,1,3
DONLEY COUNTY,129,34 Years,33,20,13,28,18,10,0,0,0,0,0,0,0,0,0,5,2,3
DONLEY COUNTY,129,35 Years,45,23,22,35,19,16,1,0,1,0,0,0,1,0,1,8,4,4
DONLEY COUNTY,129,36 Years,32,17,15,26,14,12,2,1,1,0,0,0,1,1,0,3,1,2
DONLEY COUNTY,129,37 Years,37,18,19,30,14,16,1,0,1,0,0,0,0,0,0,6,4,2
DONLEY COUNTY,129,38 Years,30,15,15,24,13,11,1,0,1,0,0,0,0,0,0,5,2,3
DONLEY COUNTY,129,39 Years,27,15,12,23,13,10,2,1,1,0,0,0,0,0,0,2,1,1
DONLEY COUNTY,129,40 Years,29,13,16,23,11,12,1,0,1,0,0,0,1,1,0,4,1,3
DONLEY COUNTY,129,41 Years,29,11,18,24,10,14,2,0,2,0,0,0,0,0,0,3,1,2
DONLEY COUNTY,129,42 Years,27,14,13,23,12,11,0,0,0,0,0,0,0,0,0,4,2,2
DONLEY COUNTY,129,43 Years,27,10,17,23,9,14,2,1,1,0,0,0,0,0,0,2,0,2
DONLEY COUNTY,129,44 Years,28,12,16,21,7,14,2,1,1,1,1,0,0,0,0,4,3,1
DONLEY COUNTY,129,45 Years,30,14,16,23,10,13,3,2,1,0,0,0,1,1,0,3,1,2
DONLEY COUNTY,129,46 Years,33,15,18,30,13,17,3,2,1,0,0,0,0,0,0,0,0,0
DONLEY COUNTY,129,47 Years,34,16,18,30,13,17,2,2,0,0,0,0,1,1,0,1,0,1
DONLEY COUNTY,129,48 Years,31,17,14,27,14,13,1,1,0,1,0,1,1,1,0,1,1,0
DONLEY COUNTY,129,49 Years,31,15,16,24,13,11,1,0,1,1,0,1,2,1,1,3,1,2
DONLEY COUNTY,129,50 Years,32,15,17,27,13,14,0,0,0,0,0,0,2,1,1,3,1,2
DONLEY COUNTY,129,51 Years,40,17,23,34,13,21,2,1,1,0,0,0,0,0,0,4,3,1
DONLEY COUNTY,129,52 Years,34,17,17,31,15,16,2,1,1,0,0,0,0,0,0,1,1,0
DONLEY COUNTY,129,53 Years,39,17,22,36,16,20,1,1,0,0,0,0,1,0,1,1,0,1
DONLEY COUNTY,129,54 Years,50,23,27,44,22,22,1,1,0,0,0,0,3,0,3,2,0,2
DONLEY COUNTY,129,55 Years,50,25,25,42,22,20,4,2,2,0,0,0,2,0,2,2,1,1
DONLEY COUNTY,129,56 Years,46,23,23,38,19,19,2,1,1,0,0,0,0,0,0,6,3,3
DONLEY COUNTY,129,57 Years,46,21,25,38,17,21,2,1,1,0,0,0,0,0,0,6,3,3
DONLEY COUNTY,129,58 Years,47,22,25,39,17,22,2,1,1,0,0,0,1,1,0,5,3,2
DONLEY COUNTY,129,59 Years,41,18,23,36,16,20,2,1,1,0,0,0,0,0,0,3,1,2
DONLEY COUNTY,129,60 Years,43,22,21,37,18,19,0,0,0,0,0,0,2,1,1,4,3,1
DONLEY COUNTY,129,61 Years,52,27,25,48,24,24,0,0,0,0,0,0,1,1,0,3,2,1
DONLEY COUNTY,129,62 Years,54,32,22,49,29,20,3,1,2,0,0,0,1,1,0,1,1,0
DONLEY COUNTY,129,63 Years,45,23,22,42,22,20,2,0,2,0,0,0,0,0,0,1,1,0
DONLEY COUNTY,129,64 Years,41,21,20,38,20,18,2,1,1,0,0,0,0,0,0,1,0,1
DONLEY COUNTY,129,65 Years,40,21,19,37,19,18,2,1,1,0,0,0,0,0,0,1,1,0
DONLEY COUNTY,129,66 Years,46,22,24,43,20,23,1,1,0,0,0,0,0,0,0,2,1,1
DONLEY COUNTY,129,67 Years,49,25,24,45,25,20,0,0,0,0,0,0,1,0,1,3,0,3
DONLEY COUNTY,129,68 Years,54,30,24,49,27,22,1,1,0,0,0,0,1,0,1,3,2,1
DONLEY COUNTY,129,69 Years,47,17,30,44,16,28,1,1,0,0,0,0,1,0,1,1,0,1
DONLEY COUNTY,129,70 Years,45,21,24,43,20,23,0,0,0,1,1,0,1,0,1,0,0,0
DONLEY COUNTY,129,71 Years,39,16,23,36,14,22,0,0,0,0,0,0,0,0,0,3,2,1
DONLEY COUNTY,129,72 Years,35,16,19,31,13,18,2,1,1,0,0,0,0,0,0,2,2,0
DONLEY COUNTY,129,73 Years,44,17,27,42,16,26,0,0,0,0,0,0,0,0,0,2,1,1
DONLEY COUNTY,129,74 Years,39,17,22,37,15,22,0,0,0,0,0,0,1,1,0,1,1,0
DONLEY COUNTY,129,75 Years,32,10,22,30,9,21,0,0,0,0,0,0,1,0,1,1,1,0
DONLEY COUNTY,129,76 Years,34,15,19,31,13,18,2,1,1,0,0,0,0,0,0,1,1,0
DONLEY COUNTY,129,77 Years,36,16,20,32,14,18,2,1,1,0,0,0,0,0,0,2,1,1
DONLEY COUNTY,129,78 Years,28,13,15,26,12,14,1,1,0,0,0,0,0,0,0,1,0,1
DONLEY COUNTY,129,79 Years,26,11,15,26,11,15,0,0,0,0,0,0,0,0,0,0,0,0
DONLEY COUNTY,129,80 Years,31,12,19,30,12,18,0,0,0,0,0,0,1,0,1,0,0,0
DONLEY COUNTY,129,81 Years,24,10,14,22,9,13,0,0,0,0,0,0,1,0,1,1,1,0
DONLEY COUNTY,129,82 Years,25,13,12,22,11,11,0,0,0,0,0,0,2,1,1,1,1,0
DONLEY COUNTY,129,83 Years,19,10,9,15,7,8,1,1,0,0,0,0,2,1,1,1,1,0
DONLEY COUNTY,129,84 Years,13,6,7,11,6,5,1,0,1,0,0,0,1,0,1,0,0,0
DONLEY COUNTY,129,85 Years,14,7,7,13,7,6,1,0,1,0,0,0,0,0,0,0,0,0
DONLEY COUNTY,129,86 Years,14,5,9,14,5,9,0,0,0,0,0,0,0,0,0,0,0,0
DONLEY COUNTY,129,87 Years,15,7,8,15,7,8,0,0,0,0,0,0,0,0,0,0,0,0
DONLEY COUNTY,129,88 Years,13,5,8,13,5,8,0,0,0,0,0,0,0,0,0,0,0,0
DONLEY COUNTY,129,89 Years,10,5,5,9,4,5,0,0,0,0,0,0,1,1,0,0,0,0
DONLEY COUNTY,129,90 Years,13,4,9,9,3,6,3,0,3,0,0,0,1,1,0,0,0,0
DONLEY COUNTY,129,91 Years,6,1,5,5,1,4,1,0,1,0,0,0,0,0,0,0,0,0
DONLEY COUNTY,129,92 Years,4,2,2,4,2,2,0,0,0,0,0,0,0,0,0,0,0,0
DONLEY COUNTY,129,93 Years,3,2,1,3,2,1,0,0,0,0,0,0,0,0,0,0,0,0
DONLEY COUNTY,129,94 Years,3,1,2,3,1,2,0,0,0,0,0,0,0,0,0,0,0,0
DONLEY COUNTY,129,95 Years +,8,3,5,6,2,4,1,1,0,0,0,0,0,0,0,1,0,1
DUVAL COUNTY,131,All Ages,11144,5732,5412,1149,643,506,72,68,4,19,9,10,55,23,32,9849,4989,4860
DUVAL COUNTY,131,< 1 Year,159,84,75,11,7,4,0,0,0,1,0,1,1,0,1,146,77,69
DUVAL COUNTY,131,1 Years,166,85,81,10,4,6,0,0,0,0,0,0,2,1,1,154,80,74
DUVAL COUNTY,131,2 Years,179,90,89,9,5,4,0,0,0,0,0,0,0,0,0,170,85,85
DUVAL COUNTY,131,3 Years,179,85,94,7,3,4,0,0,0,0,0,0,0,0,0,172,82,90
DUVAL COUNTY,131,4 Years,173,84,89,8,5,3,0,0,0,0,0,0,0,0,0,165,79,86
DUVAL COUNTY,131,5 Years,168,81,87,12,7,5,0,0,0,0,0,0,0,0,0,156,74,82
DUVAL COUNTY,131,6 Years,174,87,87,12,7,5,0,0,0,0,0,0,1,1,0,161,79,82
DUVAL COUNTY,131,7 Years,173,81,92,11,6,5,1,1,0,0,0,0,1,1,0,160,73,87
DUVAL COUNTY,131,8 Years,157,81,76,13,6,7,0,0,0,0,0,0,1,1,0,143,74,69
DUVAL COUNTY,131,9 Years,154,68,86,12,5,7,1,1,0,0,0,0,2,0,2,139,62,77
DUVAL COUNTY,131,10 Years,147,75,72,10,4,6,0,0,0,0,0,0,2,1,1,135,70,65
DUVAL COUNTY,131,11 Years,135,58,77,9,5,4,0,0,0,0,0,0,1,0,1,125,53,72
DUVAL COUNTY,131,12 Years,167,86,81,17,9,8,0,0,0,0,0,0,1,1,0,149,76,73
DUVAL COUNTY,131,13 Years,152,84,68,12,7,5,0,0,0,0,0,0,0,0,0,140,77,63
DUVAL COUNTY,131,14 Years,152,92,60,16,11,5,0,0,0,0,0,0,0,0,0,136,81,55
DUVAL COUNTY,131,15 Years,141,79,62,12,10,2,0,0,0,0,0,0,0,0,0,129,69,60
DUVAL COUNTY,131,16 Years,132,69,63,10,7,3,0,0,0,0,0,0,1,0,1,121,62,59
DUVAL COUNTY,131,17 Years,166,77,89,20,9,11,0,0,0,1,0,1,0,0,0,145,68,77
DUVAL COUNTY,131,18 Years,148,80,68,17,9,8,1,1,0,0,0,0,0,0,0,130,70,60
DUVAL COUNTY,131,19 Years,140,79,61,14,10,4,1,1,0,0,0,0,1,0,1,124,68,56
DUVAL COUNTY,131,20 Years,150,87,63,13,11,2,0,0,0,0,0,0,0,0,0,137,76,61
DUVAL COUNTY,131,21 Years,157,90,67,18,10,8,1,1,0,0,0,0,3,2,1,135,77,58
DUVAL COUNTY,131,22 Years,159,96,63,16,10,6,2,2,0,0,0,0,2,1,1,139,83,56
DUVAL COUNTY,131,23 Years,171,101,70,18,9,9,3,2,1,0,0,0,1,0,1,149,90,59
DUVAL COUNTY,131,24 Years,159,99,60,14,10,4,1,1,0,0,0,0,2,2,0,142,86,56
DUVAL COUNTY,131,25 Years,154,83,71,13,9,4,1,1,0,1,1,0,0,0,0,139,72,67
DUVAL COUNTY,131,26 Years,168,92,76,14,11,3,2,2,0,1,1,0,0,0,0,151,78,73
DUVAL COUNTY,131,27 Years,147,81,66,12,7,5,1,1,0,0,0,0,0,0,0,134,73,61
DUVAL COUNTY,131,28 Years,153,90,63,12,7,5,3,3,0,0,0,0,0,0,0,138,80,58
DUVAL COUNTY,131,29 Years,138,79,59,8,6,2,0,0,0,0,0,0,0,0,0,130,73,57
DUVAL COUNTY,131,30 Years,139,79,60,8,4,4,1,1,0,0,0,0,0,0,0,130,74,56
DUVAL COUNTY,131,31 Years,133,68,65,8,5,3,1,1,0,0,0,0,1,1,0,123,61,62
DUVAL COUNTY,131,32 Years,124,67,57,7,5,2,1,1,0,0,0,0,1,1,0,115,60,55
DUVAL COUNTY,131,33 Years,133,73,60,14,9,5,1,1,0,0,0,0,2,2,0,116,61,55
DUVAL COUNTY,131,34 Years,120,63,57,13,7,6,0,0,0,0,0,0,1,0,1,106,56,50
DUVAL COUNTY,131,35 Years,113,65,48,14,8,6,1,1,0,0,0,0,1,1,0,97,55,42
DUVAL COUNTY,131,36 Years,121,59,62,10,5,5,0,0,0,0,0,0,1,0,1,110,54,56
DUVAL COUNTY,131,37 Years,127,63,64,13,7,6,1,0,1,0,0,0,0,0,0,113,56,57
DUVAL COUNTY,131,38 Years,115,60,55,17,12,5,1,1,0,1,1,0,0,0,0,96,46,50
DUVAL COUNTY,131,39 Years,116,57,59,14,5,9,1,1,0,0,0,0,0,0,0,101,51,50
DUVAL COUNTY,131,40 Years,129,69,60,16,9,7,1,1,0,0,0,0,0,0,0,112,59,53
DUVAL COUNTY,131,41 Years,123,66,57,13,6,7,1,1,0,0,0,0,1,0,1,108,59,49
DUVAL COUNTY,131,42 Years,115,60,55,13,9,4,2,2,0,1,1,0,0,0,0,99,48,51
DUVAL COUNTY,131,43 Years,129,62,67,15,10,5,1,1,0,1,1,0,0,0,0,112,50,62
DUVAL COUNTY,131,44 Years,127,62,65,14,7,7,1,1,0,2,0,2,0,0,0,110,54,56
DUVAL COUNTY,131,45 Years,123,74,49,19,14,5,2,2,0,0,0,0,1,0,1,101,58,43
DUVAL COUNTY,131,46 Years,126,61,65,13,6,7,4,3,1,0,0,0,0,0,0,109,52,57
DUVAL COUNTY,131,47 Years,110,58,52,8,6,2,2,2,0,0,0,0,0,0,0,100,50,50
DUVAL COUNTY,131,48 Years,116,56,60,11,7,4,1,1,0,0,0,0,1,0,1,103,48,55
DUVAL COUNTY,131,49 Years,122,67,55,12,10,2,1,1,0,1,1,0,1,0,1,107,55,52
DUVAL COUNTY,131,50 Years,118,65,53,11,6,5,3,3,0,0,0,0,2,1,1,102,55,47
DUVAL COUNTY,131,51 Years,120,61,59,10,7,3,3,2,1,1,0,1,1,0,1,105,52,53
DUVAL COUNTY,131,52 Years,130,69,61,13,11,2,2,2,0,1,0,1,2,1,1,112,55,57
DUVAL COUNTY,131,53 Years,125,69,56,15,10,5,2,2,0,0,0,0,0,0,0,108,57,51
DUVAL COUNTY,131,54 Years,140,71,69,17,10,7,3,3,0,1,0,1,0,0,0,119,58,61
DUVAL COUNTY,131,55 Years,147,78,69,16,9,7,2,2,0,1,1,0,1,1,0,127,65,62
DUVAL COUNTY,131,56 Years,156,88,68,18,11,7,2,2,0,1,0,1,0,0,0,135,75,60
DUVAL COUNTY,131,57 Years,147,76,71,16,10,6,2,2,0,1,1,0,2,1,1,126,62,64
DUVAL COUNTY,131,58 Years,128,69,59,18,13,5,1,1,0,0,0,0,1,0,1,108,55,53
DUVAL COUNTY,131,59 Years,131,70,61,17,10,7,2,2,0,0,0,0,0,0,0,112,58,54
DUVAL COUNTY,131,60 Years,124,63,61,17,7,10,1,1,0,0,0,0,0,0,0,106,55,51
DUVAL COUNTY,131,61 Years,106,52,54,14,4,10,1,1,0,0,0,0,0,0,0,91,47,44
DUVAL COUNTY,131,62 Years,111,51,60,17,7,10,1,1,0,0,0,0,0,0,0,93,43,50
DUVAL COUNTY,131,63 Years,111,55,56,12,7,5,1,1,0,0,0,0,0,0,0,98,47,51
DUVAL COUNTY,131,64 Years,111,66,45,14,11,3,1,1,0,0,0,0,0,0,0,96,54,42
DUVAL COUNTY,131,65 Years,98,62,36,13,10,3,1,1,0,0,0,0,0,0,0,84,51,33
DUVAL COUNTY,131,66 Years,105,51,54,11,6,5,1,1,0,0,0,0,0,0,0,93,44,49
DUVAL COUNTY,131,67 Years,109,46,63,16,4,12,0,0,0,0,0,0,1,0,1,92,42,50
DUVAL COUNTY,131,68 Years,116,58,58,13,7,6,1,1,0,0,0,0,2,1,1,100,49,51
DUVAL COUNTY,131,69 Years,113,57,56,14,7,7,0,0,0,0,0,0,2,1,1,97,49,48
DUVAL COUNTY,131,70 Years,109,58,51,14,6,8,0,0,0,0,0,0,0,0,0,95,52,43
DUVAL COUNTY,131,71 Years,117,52,65,15,7,8,0,0,0,0,0,0,1,1,0,101,44,57
DUVAL COUNTY,131,72 Years,130,58,72,15,8,7,0,0,0,1,0,1,0,0,0,114,50,64
DUVAL COUNTY,131,73 Years,120,56,64,16,8,8,0,0,0,1,1,0,1,0,1,102,47,55
DUVAL COUNTY,131,74 Years,100,50,50,8,4,4,0,0,0,0,0,0,0,0,0,92,46,46
DUVAL COUNTY,131,75 Years,85,42,43,9,5,4,0,0,0,0,0,0,0,0,0,76,37,39
DUVAL COUNTY,131,76 Years,84,39,45,12,6,6,0,0,0,0,0,0,1,0,1,71,33,38
DUVAL COUNTY,131,77 Years,73,34,39,12,3,9,0,0,0,1,0,1,2,0,2,58,31,27
DUVAL COUNTY,131,78 Years,88,37,51,14,4,10,0,0,0,0,0,0,1,0,1,73,33,40
DUVAL COUNTY,131,79 Years,64,26,38,13,5,8,0,0,0,0,0,0,0,0,0,51,21,30
DUVAL COUNTY,131,80 Years,58,25,33,10,5,5,0,0,0,0,0,0,0,0,0,48,20,28
DUVAL COUNTY,131,81 Years,68,28,40,11,5,6,0,0,0,0,0,0,0,0,0,57,23,34
DUVAL COUNTY,131,82 Years,59,23,36,9,4,5,0,0,0,0,0,0,0,0,0,50,19,31
DUVAL COUNTY,131,83 Years,42,17,25,7,4,3,0,0,0,0,0,0,0,0,0,35,13,22
DUVAL COUNTY,131,84 Years,49,18,31,8,4,4,0,0,0,0,0,0,1,0,1,40,14,26
DUVAL COUNTY,131,85 Years,45,17,28,8,4,4,0,0,0,0,0,0,0,0,0,37,13,24
DUVAL COUNTY,131,86 Years,47,21,26,8,3,5,0,0,0,0,0,0,0,0,0,39,18,21
DUVAL COUNTY,131,87 Years,29,10,19,5,1,4,0,0,0,0,0,0,0,0,0,24,9,15
DUVAL COUNTY,131,88 Years,31,11,20,5,2,3,0,0,0,0,0,0,0,0,0,26,9,17
DUVAL COUNTY,131,89 Years,26,9,17,5,2,3,0,0,0,0,0,0,0,0,0,21,7,14
DUVAL COUNTY,131,90 Years,20,8,12,5,2,3,0,0,0,0,0,0,0,0,0,15,6,9
DUVAL COUNTY,131,91 Years,16,7,9,4,2,2,0,0,0,0,0,0,0,0,0,12,5,7
DUVAL COUNTY,131,92 Years,12,3,9,2,1,1,0,0,0,0,0,0,0,0,0,10,2,8
DUVAL COUNTY,131,93 Years,11,4,7,3,2,1,0,0,0,0,0,0,0,0,0,8,2,6
DUVAL COUNTY,131,94 Years,13,3,10,3,1,2,0,0,0,0,0,0,1,0,1,9,2,7
DUVAL COUNTY,131,95 Years +,23,7,16,4,1,3,0,0,0,0,0,0,0,0,0,19,6,13
EASTLAND COUNTY,133,All Ages,18537,9299,9238,14765,7282,7483,328,197,131,76,30,46,315,167,148,3053,1623,1430
EASTLAND COUNTY,133,< 1 Year,259,131,128,202,104,98,3,2,1,4,1,3,8,5,3,42,19,23
EASTLAND COUNTY,133,1 Years,244,128,116,190,101,89,4,3,1,2,1,1,7,3,4,41,20,21
EASTLAND COUNTY,133,2 Years,248,130,118,193,99,94,4,2,2,2,1,1,9,6,3,40,22,18
EASTLAND COUNTY,133,3 Years,238,129,109,189,102,87,2,1,1,0,0,0,9,5,4,38,21,17
EASTLAND COUNTY,133,4 Years,222,119,103,176,96,80,3,1,2,0,0,0,8,5,3,35,17,18
EASTLAND COUNTY,133,5 Years,215,113,102,163,86,77,2,1,1,0,0,0,10,5,5,40,21,19
EASTLAND COUNTY,133,6 Years,216,112,104,165,83,82,2,1,1,0,0,0,5,4,1,44,24,20
EASTLAND COUNTY,133,7 Years,232,127,105,174,92,82,2,2,0,0,0,0,4,2,2,52,31,21
EASTLAND COUNTY,133,8 Years,197,104,93,132,68,64,2,2,0,0,0,0,4,2,2,59,32,27
EASTLAND COUNTY,133,9 Years,208,104,104,134,64,70,3,1,2,1,0,1,5,2,3,65,37,28
EASTLAND COUNTY,133,10 Years,193,92,101,129,65,64,2,1,1,1,1,0,5,2,3,56,23,33
EASTLAND COUNTY,133,11 Years,224,102,122,154,71,83,1,1,0,1,1,0,5,4,1,63,25,38
EASTLAND COUNTY,133,12 Years,222,103,119,152,69,83,3,2,1,0,0,0,5,2,3,62,30,32
EASTLAND COUNTY,133,13 Years,236,114,122,159,75,84,3,1,2,2,1,1,4,2,2,68,35,33
EASTLAND COUNTY,133,14 Years,265,146,119,191,108,83,2,1,1,1,0,1,4,2,2,67,35,32
EASTLAND COUNTY,133,15 Years,256,144,112,188,107,81,1,0,1,0,0,0,4,0,4,63,37,26
EASTLAND COUNTY,133,16 Years,242,144,98,174,106,68,3,1,2,1,0,1,3,1,2,61,36,25
EASTLAND COUNTY,133,17 Years,248,148,100,179,113,66,10,7,3,2,0,2,2,1,1,55,27,28
EASTLAND COUNTY,133,18 Years,282,159,123,166,96,70,25,10,15,1,0,1,7,5,2,83,48,35
EASTLAND COUNTY,133,19 Years,266,144,122,121,65,56,58,38,20,0,0,0,3,2,1,84,39,45
EASTLAND COUNTY,133,20 Years,230,130,100,128,66,62,23,16,7,0,0,0,3,2,1,76,46,30
EASTLAND COUNTY,133,21 Years,204,116,88,132,67,65,23,19,4,0,0,0,2,1,1,47,29,18
EASTLAND COUNTY,133,22 Years,180,91,89,111,50,61,13,8,5,0,0,0,4,2,2,52,31,21
EASTLAND COUNTY,133,23 Years,187,96,91,121,60,61,10,7,3,0,0,0,4,3,1,52,26,26
EASTLAND COUNTY,133,24 Years,182,99,83,129,70,59,2,1,1,0,0,0,3,2,1,48,26,22
EASTLAND COUNTY,133,25 Years,216,113,103,169,82,87,2,1,1,1,0,1,1,1,0,43,29,14
EASTLAND COUNTY,133,26 Years,330,194,136,255,150,105,6,4,2,6,5,1,9,7,2,54,28,26
EASTLAND COUNTY,133,27 Years,270,152,118,210,120,90,4,2,2,3,2,1,9,5,4,44,23,21
EASTLAND COUNTY,133,28 Years,203,108,95,156,82,74,2,2,0,2,1,1,4,3,1,39,20,19
EASTLAND COUNTY,133,29 Years,170,89,81,127,63,64,2,2,0,1,1,0,1,0,1,39,23,16
EASTLAND COUNTY,133,30 Years,161,88,73,113,61,52,1,1,0,0,0,0,2,2,0,45,24,21
EASTLAND COUNTY,133,31 Years,179,86,93,134,63,71,2,1,1,0,0,0,1,1,0,42,21,21
EASTLAND COUNTY,133,32 Years,204,94,110,155,68,87,1,1,0,2,1,1,3,2,1,43,22,21
EASTLAND COUNTY,133,33 Years,167,87,80,130,68,62,1,1,0,0,0,0,3,2,1,33,16,17
EASTLAND COUNTY,133,34 Years,204,98,106,151,71,80,3,2,1,2,0,2,1,0,1,47,25,22
EASTLAND COUNTY,133,35 Years,204,108,96,165,85,80,2,1,1,1,0,1,1,1,0,35,21,14
EASTLAND COUNTY,133,36 Years,201,106,95,160,89,71,4,3,1,0,0,0,3,1,2,34,13,21
EASTLAND COUNTY,133,37 Years,211,99,112,166,76,90,3,3,0,0,0,0,4,1,3,38,19,19
EASTLAND COUNTY,133,38 Years,203,105,98,155,75,80,1,0,1,0,0,0,6,4,2,41,26,15
EASTLAND COUNTY,133,39 Years,175,85,90,132,65,67,1,0,1,1,0,1,3,1,2,38,19,19
EASTLAND COUNTY,133,40 Years,184,99,85,140,74,66,1,1,0,2,1,1,1,0,1,40,23,17
EASTLAND COUNTY,133,41 Years,205,105,100,168,78,90,2,2,0,0,0,0,1,1,0,34,24,10
EASTLAND COUNTY,133,42 Years,196,103,93,159,78,81,2,1,1,0,0,0,2,1,1,33,23,10
EASTLAND COUNTY,133,43 Years,174,92,82,138,72,66,1,1,0,3,1,2,2,1,1,30,17,13
EASTLAND COUNTY,133,44 Years,164,68,96,129,56,73,0,0,0,2,1,1,3,2,1,30,9,21
EASTLAND COUNTY,133,45 Years,192,92,100,158,77,81,0,0,0,1,1,0,2,1,1,31,13,18
EASTLAND COUNTY,133,46 Years,185,84,101,147,69,78,0,0,0,3,1,2,2,1,1,33,13,20
EASTLAND COUNTY,133,47 Years,196,99,97,148,76,72,0,0,0,1,1,0,1,1,0,46,21,25
EASTLAND COUNTY,133,48 Years,194,97,97,152,75,77,0,0,0,0,0,0,5,4,1,37,18,19
EASTLAND COUNTY,133,49 Years,180,82,98,148,68,80,1,0,1,2,0,2,3,1,2,26,13,13
EASTLAND COUNTY,133,50 Years,190,81,109,158,66,92,2,1,1,0,0,0,3,0,3,27,14,13
EASTLAND COUNTY,133,51 Years,198,98,100,166,79,87,1,1,0,1,1,0,2,1,1,28,16,12
EASTLAND COUNTY,133,52 Years,216,111,105,186,94,92,1,1,0,1,0,1,2,0,2,26,16,10
EASTLAND COUNTY,133,53 Years,228,108,120,189,91,98,3,2,1,3,1,2,4,1,3,29,13,16
EASTLAND COUNTY,133,54 Years,253,132,121,197,106,91,1,0,1,1,0,1,6,1,5,48,25,23
EASTLAND COUNTY,133,55 Years,271,142,129,233,121,112,5,4,1,0,0,0,4,2,2,29,15,14
EASTLAND COUNTY,133,56 Years,258,137,121,214,106,108,4,3,1,1,1,0,3,3,0,36,24,12
EASTLAND COUNTY,133,57 Years,263,134,129,217,106,111,3,1,2,1,1,0,4,3,1,38,23,15
EASTLAND COUNTY,133,58 Years,300,140,160,259,117,142,3,2,1,0,0,0,6,4,2,32,17,15
EASTLAND COUNTY,133,59 Years,301,151,150,261,129,132,5,2,3,0,0,0,7,5,2,28,15,13
EASTLAND COUNTY,133,60 Years,272,137,135,236,118,118,4,2,2,0,0,0,5,3,2,27,14,13
EASTLAND COUNTY,133,61 Years,262,128,134,232,111,121,4,2,2,0,0,0,2,1,1,24,14,10
EASTLAND COUNTY,133,62 Years,250,123,127,221,109,112,2,0,2,2,0,2,3,0,3,22,14,8
EASTLAND COUNTY,133,63 Years,218,111,107,195,97,98,2,2,0,3,1,2,1,0,1,17,11,6
EASTLAND COUNTY,133,64 Years,222,113,109,190,94,96,4,3,1,2,1,1,3,2,1,23,13,10
EASTLAND COUNTY,133,65 Years,253,125,128,223,110,113,2,1,1,1,0,1,4,3,1,23,11,12
EASTLAND COUNTY,133,66 Years,252,121,131,227,108,119,2,1,1,0,0,0,4,2,2,19,10,9
EASTLAND COUNTY,133,67 Years,245,117,128,225,104,121,4,2,2,0,0,0,1,1,0,15,10,5
EASTLAND COUNTY,133,68 Years,214,100,114,201,94,107,3,1,2,0,0,0,2,1,1,8,4,4
EASTLAND COUNTY,133,69 Years,260,120,140,232,106,126,1,0,1,0,0,0,5,1,4,22,13,9
EASTLAND COUNTY,133,70 Years,278,127,151,249,108,141,1,0,1,2,1,1,3,2,1,23,16,7
EASTLAND COUNTY,133,71 Years,221,102,119,195,86,109,0,0,0,1,1,0,4,2,2,21,13,8
EASTLAND COUNTY,133,72 Years,202,99,103,191,93,98,0,0,0,0,0,0,1,0,1,10,6,4
EASTLAND COUNTY,133,73 Years,194,103,91,180,96,84,2,1,1,0,0,0,2,2,0,10,4,6
EASTLAND COUNTY,133,74 Years,205,95,110,190,89,101,1,1,0,0,0,0,5,2,3,9,3,6
EASTLAND COUNTY,133,75 Years,184,85,99,168,80,88,0,0,0,0,0,0,5,2,3,11,3,8
EASTLAND COUNTY,133,76 Years,155,67,88,146,63,83,0,0,0,0,0,0,1,1,0,8,3,5
EASTLAND COUNTY,133,77 Years,158,73,85,145,68,77,4,2,2,0,0,0,3,1,2,6,2,4
EASTLAND COUNTY,133,78 Years,160,74,86,145,68,77,1,1,0,2,0,2,2,1,1,10,4,6
EASTLAND COUNTY,133,79 Years,137,64,73,128,61,67,1,0,1,1,0,1,2,1,1,5,2,3
EASTLAND COUNTY,133,80 Years,128,54,74,116,49,67,2,0,2,0,0,0,3,1,2,7,4,3
EASTLAND COUNTY,133,81 Years,114,47,67,103,43,60,1,0,1,0,0,0,1,0,1,9,4,5
EASTLAND COUNTY,133,82 Years,110,46,64,102,42,60,0,0,0,0,0,0,1,0,1,7,4,3
EASTLAND COUNTY,133,83 Years,96,43,53,86,38,48,3,2,1,0,0,0,0,0,0,7,3,4
EASTLAND COUNTY,133,84 Years,92,41,51,81,35,46,2,1,1,0,0,0,2,1,1,7,4,3
EASTLAND COUNTY,133,85 Years,84,35,49,76,31,45,1,0,1,0,0,0,2,0,2,5,4,1
EASTLAND COUNTY,133,86 Years,70,29,41,63,28,35,1,0,1,0,0,0,1,0,1,5,1,4
EASTLAND COUNTY,133,87 Years,61,23,38,56,22,34,0,0,0,0,0,0,0,0,0,5,1,4
EASTLAND COUNTY,133,88 Years,56,24,32,52,21,31,0,0,0,0,0,0,1,1,0,3,2,1
EASTLAND COUNTY,133,89 Years,47,16,31,43,13,30,0,0,0,0,0,0,1,1,0,3,2,1
EASTLAND COUNTY,133,90 Years,37,16,21,33,14,19,0,0,0,1,0,1,2,1,1,1,1,0
EASTLAND COUNTY,133,91 Years,36,15,21,33,15,18,0,0,0,0,0,0,1,0,1,2,0,2
EASTLAND COUNTY,133,92 Years,31,11,20,27,10,17,0,0,0,1,0,1,0,0,0,3,1,2
EASTLAND COUNTY,133,93 Years,27,8,19,25,7,18,0,0,0,1,0,1,0,0,0,1,1,0
EASTLAND COUNTY,133,94 Years,19,4,15,16,3,13,1,0,1,0,0,0,0,0,0,2,1,1
EASTLAND COUNTY,133,95 Years +,45,11,34,37,9,28,3,0,3,0,0,0,1,0,1,4,2,2
ECTOR COUNTY,135,All Ages,159797,81839,77958,52567,26527,26040,6922,3612,3310,1581,724,857,2438,1228,1210,96289,49748,46541
ECTOR COUNTY,135,< 1 Year,2455,1282,1173,511,272,239,111,55,56,18,10,8,89,46,43,1726,899,827
ECTOR COUNTY,135,1 Years,2567,1327,1240,549,286,263,107,53,54,21,11,10,91,47,44,1799,930,869
ECTOR COUNTY,135,2 Years,2761,1439,1322,612,319,293,108,57,51,24,12,12,102,53,49,1915,998,917
ECTOR COUNTY,135,3 Years,2866,1482,1384,649,334,315,101,59,42,25,13,12,102,54,48,1989,1022,967
ECTOR COUNTY,135,4 Years,2868,1487,1381,653,340,313,106,63,43,24,13,11,93,52,41,1992,1019,973
ECTOR COUNTY,135,5 Years,2705,1390,1315,620,322,298,109,61,48,24,13,11,66,35,31,1886,959,927
ECTOR COUNTY,135,6 Years,2600,1339,1261,596,310,286,115,59,56,20,11,9,58,31,27,1811,928,883
ECTOR COUNTY,135,7 Years,2580,1339,1241,573,309,264,117,58,59,17,14,3,58,29,29,1815,929,886
ECTOR COUNTY,135,8 Years,2775,1396,1379,683,353,330,112,59,53,18,7,11,41,20,21,1921,957,964
ECTOR COUNTY,135,9 Years,2735,1376,1359,669,349,320,132,69,63,19,6,13,42,20,22,1873,932,941
ECTOR COUNTY,135,10 Years,2690,1374,1316,656,323,333,120,60,60,19,4,15,40,23,17,1855,964,891
ECTOR COUNTY,135,11 Years,2526,1296,1230,595,294,301,109,61,48,21,6,15,34,18,16,1767,917,850
ECTOR COUNTY,135,12 Years,2536,1300,1236,577,296,281,111,60,51,29,13,16,42,21,21,1777,910,867
ECTOR COUNTY,135,13 Years,2562,1306,1256,610,310,300,109,61,48,32,17,15,38,21,17,1773,897,876
ECTOR COUNTY,135,14 Years,2581,1287,1294,579,284,295,118,62,56,25,9,16,37,20,17,1822,912,910
ECTOR COUNTY,135,15 Years,2472,1239,1233,570,306,264,113,57,56,18,3,15,32,11,21,1739,862,877
ECTOR COUNTY,135,16 Years,2434,1249,1185,562,296,266,98,53,45,24,6,18,33,17,16,1717,877,840
ECTOR COUNTY,135,17 Years,2516,1313,1203,571,303,268,116,69,47,35,16,19,33,17,16,1761,908,853
ECTOR COUNTY,135,18 Years,2489,1333,1156,580,329,251,106,64,42,26,9,17,33,21,12,1744,910,834
ECTOR COUNTY,135,19 Years,2368,1278,1090,571,312,259,97,55,42,19,11,8,37,21,16,1644,879,765
ECTOR COUNTY,135,20 Years,2354,1280,1074,554,300,254,85,52,33,27,14,13,30,18,12,1658,896,762
ECTOR COUNTY,135,21 Years,2316,1273,1043,560,289,271,95,53,42,18,13,5,20,9,11,1623,909,714
ECTOR COUNTY,135,22 Years,2306,1262,1044,537,288,249,89,46,43,18,15,3,33,15,18,1629,898,731
ECTOR COUNTY,135,23 Years,2405,1319,1086,607,336,271,95,55,40,8,5,3,22,10,12,1673,913,760
ECTOR COUNTY,135,24 Years,2586,1392,1194,688,369,319,111,59,52,13,11,2,27,15,12,1747,938,809
ECTOR COUNTY,135,25 Years,2789,1504,1285,819,436,383,110,54,56,18,7,11,43,25,18,1799,982,817
ECTOR COUNTY,135,26 Years,2926,1538,1388,940,469,471,117,62,55,10,3,7,46,25,21,1813,979,834
ECTOR COUNTY,135,27 Years,2903,1548,1355,922,454,468,117,64,53,10,4,6,38,16,22,1816,1010,806
ECTOR COUNTY,135,28 Years,2893,1562,1331,888,485,403,117,62,55,9,5,4,37,15,22,1842,995,847
ECTOR COUNTY,135,29 Years,2700,1418,1282,888,474,414,116,56,60,18,6,12,25,8,17,1653,874,779
ECTOR COUNTY,135,30 Years,2754,1441,1313,877,469,408,115,65,50,30,15,15,28,10,18,1704,882,822
ECTOR COUNTY,135,31 Years,2709,1443,1266,867,458,409,108,56,52,23,17,6,34,11,23,1677,901,776
ECTOR COUNTY,135,32 Years,2562,1322,1240,841,435,406,107,56,51,19,8,11,30,11,19,1565,812,753
ECTOR COUNTY,135,33 Years,2446,1289,1157,782,418,364,98,54,44,11,3,8,26,11,15,1529,803,726
ECTOR COUNTY,135,34 Years,2562,1387,1175,826,440,386,96,47,49,12,6,6,22,12,10,1606,882,724
ECTOR COUNTY,135,35 Years,2427,1314,1113,760,395,365,96,56,40,20,6,14,28,14,14,1523,843,680
ECTOR COUNTY,135,36 Years,2304,1241,1063,740,385,355,94,55,39,27,12,15,28,15,13,1415,774,641
ECTOR COUNTY,135,37 Years,2213,1202,1011,732,377,355,81,45,36,33,16,17,23,13,10,1344,751,593
ECTOR COUNTY,135,38 Years,1993,1051,942,647,350,297,84,44,40,26,7,19,17,6,11,1219,644,575
ECTOR COUNTY,135,39 Years,1885,975,910,606,329,277,82,41,41,23,6,17,21,8,13,1153,591,562
ECTOR COUNTY,135,40 Years,1893,971,922,575,303,272,73,37,36,21,7,14,19,8,11,1205,616,589
ECTOR COUNTY,135,41 Years,1881,986,895,544,294,250,70,37,33,31,16,15,19,9,10,1217,630,587
ECTOR COUNTY,135,42 Years,1847,962,885,553,289,264,77,43,34,22,16,6,16,7,9,1179,607,572
ECTOR COUNTY,135,43 Years,1759,864,895,543,277,266,73,38,35,29,16,13,11,5,6,1103,528,575
ECTOR COUNTY,135,44 Years,1728,870,858,575,291,284,66,35,31,30,16,14,17,8,9,1040,520,520
ECTOR COUNTY,135,45 Years,1816,908,908,584,293,291,78,38,40,33,17,16,23,11,12,1098,549,549
ECTOR COUNTY,135,46 Years,1870,971,899,627,314,313,77,42,35,38,16,22,24,11,13,1104,588,516
ECTOR COUNTY,135,47 Years,1750,921,829,604,320,284,70,37,33,24,14,10,21,11,10,1031,539,492
ECTOR COUNTY,135,48 Years,1641,821,820,591,293,298,65,31,34,15,9,6,12,7,5,958,481,477
ECTOR COUNTY,135,49 Years,1643,828,815,564,278,286,70,35,35,27,14,13,13,8,5,969,493,476
ECTOR COUNTY,135,50 Years,1581,805,776,533,261,272,71,32,39,28,14,14,11,8,3,938,490,448
ECTOR COUNTY,135,51 Years,1591,805,786,585,290,295,62,35,27,29,15,14,11,8,3,904,457,447
ECTOR COUNTY,135,52 Years,1676,861,815,643,336,307,83,49,34,11,6,5,23,12,11,916,458,458
ECTOR COUNTY,135,53 Years,1657,820,837,689,345,344,92,44,48,9,4,5,20,9,11,847,418,429
ECTOR COUNTY,135,54 Years,1717,853,864,766,368,398,76,37,39,16,5,11,25,14,11,834,429,405
ECTOR COUNTY,135,55 Years,1718,873,845,751,379,372,80,38,42,20,5,15,24,16,8,843,435,408
ECTOR COUNTY,135,56 Years,1725,867,858,772,384,388,95,45,50,21,4,17,24,12,12,813,422,391
ECTOR COUNTY,135,57 Years,1690,856,834,746,380,366,93,48,45,21,13,8,25,11,14,805,404,401
ECTOR COUNTY,135,58 Years,1643,807,836,788,402,386,88,39,49,14,8,6,24,10,14,729,348,381
ECTOR COUNTY,135,59 Years,1604,786,818,757,379,378,81,37,44,23,7,16,27,12,15,716,351,365
ECTOR COUNTY,135,60 Years,1602,799,803,747,377,370,91,48,43,40,13,27,30,14,16,694,347,347
ECTOR COUNTY,135,61 Years,1560,771,789,755,375,380,81,47,34,33,15,18,22,11,11,669,323,346
ECTOR COUNTY,135,62 Years,1446,722,724,708,351,357,74,40,34,29,14,15,20,11,9,615,306,309
ECTOR COUNTY,135,63 Years,1348,663,685,669,337,332,76,39,37,31,16,15,23,14,9,549,257,292
ECTOR COUNTY,135,64 Years,1292,654,638,649,332,317,60,32,28,17,9,8,21,12,9,545,269,276
ECTOR COUNTY,135,65 Years,1212,597,615,630,300,330,53,28,25,10,6,4,22,12,10,497,251,246
ECTOR COUNTY,135,66 Years,1106,534,572,556,257,299,58,34,24,15,3,12,17,9,8,460,231,229
ECTOR COUNTY,135,67 Years,1114,551,563,565,286,279,56,32,24,10,3,7,21,11,10,462,219,243
ECTOR COUNTY,135,68 Years,1014,497,517,536,271,265,51,26,25,9,4,5,14,5,9,404,191,213
ECTOR COUNTY,135,69 Years,948,446,502,518,242,276,41,20,21,6,2,4,14,9,5,369,173,196
ECTOR COUNTY,135,70 Years,909,436,473,515,244,271,32,16,16,6,2,4,13,8,5,343,166,177
ECTOR COUNTY,135,71 Years,799,375,424,419,200,219,32,15,17,8,4,4,11,7,4,329,149,180
ECTOR COUNTY,135,72 Years,742,363,379,397,191,206,33,15,18,5,2,3,11,5,6,296,150,146
ECTOR COUNTY,135,73 Years,741,361,380,427,203,224,36,15,21,6,4,2,13,7,6,259,132,127
ECTOR COUNTY,135,74 Years,703,300,403,398,169,229,30,14,16,14,3,11,13,6,7,248,108,140
ECTOR COUNTY,135,75 Years,626,263,363,383,166,217,26,11,15,5,0,5,9,6,3,203,80,123
ECTOR COUNTY,135,76 Years,598,258,340,354,149,205,24,12,12,3,1,2,9,7,2,208,89,119
ECTOR COUNTY,135,77 Years,535,234,301,298,127,171,34,14,20,6,3,3,9,3,6,188,87,101
ECTOR COUNTY,135,78 Years,521,230,291,321,138,183,31,12,19,2,1,1,9,5,4,158,74,84
ECTOR COUNTY,135,79 Years,510,221,289,323,135,188,22,9,13,2,2,0,9,5,4,154,70,84
ECTOR COUNTY,135,80 Years,466,216,250,278,121,157,24,11,13,4,3,1,10,5,5,150,76,74
ECTOR COUNTY,135,81 Years,432,175,257,266,107,159,26,10,16,5,1,4,7,3,4,128,54,74
ECTOR COUNTY,135,82 Years,411,156,255,260,97,163,26,11,15,2,1,1,7,3,4,116,44,72
ECTOR COUNTY,135,83 Years,364,140,224,233,90,143,18,6,12,1,0,1,7,2,5,105,42,63
ECTOR COUNTY,135,84 Years,328,128,200,221,89,132,17,7,10,1,0,1,5,1,4,84,31,53
ECTOR COUNTY,135,85 Years,299,126,173,198,83,115,16,7,9,2,1,1,5,3,2,78,32,46
ECTOR COUNTY,135,86 Years,273,107,166,186,73,113,9,5,4,2,0,2,5,1,4,71,28,43
ECTOR COUNTY,135,87 Years,254,95,159,174,66,108,14,5,9,2,1,1,1,0,1,63,23,40
ECTOR COUNTY,135,88 Years,227,86,141,154,61,93,17,4,13,0,0,0,2,1,1,54,20,34
ECTOR COUNTY,135,89 Years,185,66,119,124,48,76,10,3,7,1,1,0,1,0,1,49,14,35
ECTOR COUNTY,135,90 Years,176,67,109,123,49,74,7,3,4,2,1,1,3,1,2,41,13,28
ECTOR COUNTY,135,91 Years,138,48,90,90,33,57,8,2,6,1,0,1,1,0,1,38,13,25
ECTOR COUNTY,135,92 Years,105,36,69,64,23,41,6,2,4,2,0,2,1,0,1,32,11,21
ECTOR COUNTY,135,93 Years,81,26,55,53,19,34,3,0,3,1,0,1,2,0,2,22,7,15
ECTOR COUNTY,135,94 Years,60,22,38,40,14,26,3,0,3,2,1,1,1,0,1,14,7,7
ECTOR COUNTY,135,95 Years +,123,42,81,78,25,53,9,3,6,3,2,1,2,0,2,31,12,19
EDWARDS COUNTY,137,All Ages,1921,994,927,844,431,413,16,15,1,4,1,3,14,6,8,1043,541,502
EDWARDS COUNTY,137,< 1 Year,22,11,11,7,4,3,0,0,0,0,0,0,0,0,0,15,7,8
EDWARDS COUNTY,137,1 Years,19,9,10,5,3,2,0,0,0,0,0,0,0,0,0,14,6,8
EDWARDS COUNTY,137,2 Years,24,12,12,7,3,4,0,0,0,0,0,0,0,0,0,17,9,8
EDWARDS COUNTY,137,3 Years,22,11,11,5,2,3,0,0,0,0,0,0,0,0,0,17,9,8
EDWARDS COUNTY,137,4 Years,20,11,9,5,2,3,0,0,0,0,0,0,0,0,0,15,9,6
EDWARDS COUNTY,137,5 Years,22,14,8,8,4,4,0,0,0,0,0,0,0,0,0,14,10,4
EDWARDS COUNTY,137,6 Years,22,13,9,8,4,4,0,0,0,0,0,0,0,0,0,14,9,5
EDWARDS COUNTY,137,7 Years,22,10,12,7,4,3,0,0,0,0,0,0,0,0,0,15,6,9
EDWARDS COUNTY,137,8 Years,24,10,14,6,2,4,0,0,0,0,0,0,0,0,0,18,8,10
EDWARDS COUNTY,137,9 Years,17,8,9,6,3,3,0,0,0,0,0,0,0,0,0,11,5,6
EDWARDS COUNTY,137,10 Years,18,11,7,6,4,2,0,0,0,0,0,0,0,0,0,12,7,5
EDWARDS COUNTY,137,11 Years,24,13,11,7,3,4,0,0,0,0,0,0,1,1,0,16,9,7
EDWARDS COUNTY,137,12 Years,27,16,11,8,5,3,0,0,0,0,0,0,1,1,0,18,10,8
EDWARDS COUNTY,137,13 Years,22,15,7,8,5,3,1,1,0,0,0,0,0,0,0,13,9,4
EDWARDS COUNTY,137,14 Years,23,13,10,9,4,5,1,1,0,0,0,0,0,0,0,13,8,5
EDWARDS COUNTY,137,15 Years,29,19,10,14,9,5,0,0,0,0,0,0,0,0,0,15,10,5
EDWARDS COUNTY,137,16 Years,22,16,6,8,5,3,0,0,0,0,0,0,0,0,0,14,11,3
EDWARDS COUNTY,137,17 Years,16,7,9,4,1,3,0,0,0,0,0,0,0,0,0,12,6,6
EDWARDS COUNTY,137,18 Years,14,6,8,2,0,2,0,0,0,0,0,0,0,0,0,12,6,6
EDWARDS COUNTY,137,19 Years,12,5,7,0,0,0,0,0,0,0,0,0,0,0,0,12,5,7
EDWARDS COUNTY,137,20 Years,11,4,7,2,0,2,0,0,0,0,0,0,1,0,1,8,4,4
EDWARDS COUNTY,137,21 Years,20,10,10,5,3,2,0,0,0,0,0,0,1,0,1,14,7,7
EDWARDS COUNTY,137,22 Years,17,10,7,5,4,1,0,0,0,0,0,0,0,0,0,12,6,6
EDWARDS COUNTY,137,23 Years,20,11,9,8,6,2,0,0,0,0,0,0,0,0,0,12,5,7
EDWARDS COUNTY,137,24 Years,28,17,11,10,6,4,5,5,0,0,0,0,0,0,0,13,6,7
EDWARDS COUNTY,137,25 Years,30,19,11,11,9,2,2,2,0,0,0,0,0,0,0,17,8,9
EDWARDS COUNTY,137,26 Years,21,11,10,4,3,1,0,0,0,0,0,0,1,1,0,16,7,9
EDWARDS COUNTY,137,27 Years,21,11,10,4,2,2,0,0,0,0,0,0,0,0,0,17,9,8
EDWARDS COUNTY,137,28 Years,15,10,5,2,1,1,0,0,0,0,0,0,0,0,0,13,9,4
EDWARDS COUNTY,137,29 Years,12,7,5,2,1,1,0,0,0,0,0,0,0,0,0,10,6,4
EDWARDS COUNTY,137,30 Years,16,8,8,2,1,1,0,0,0,0,0,0,0,0,0,14,7,7
EDWARDS COUNTY,137,31 Years,25,14,11,7,3,4,0,0,0,0,0,0,0,0,0,18,11,7
EDWARDS COUNTY,137,32 Years,19,7,12,7,2,5,1,1,0,0,0,0,0,0,0,11,4,7
EDWARDS COUNTY,137,33 Years,18,7,11,7,2,5,1,1,0,0,0,0,0,0,0,10,4,6
EDWARDS COUNTY,137,34 Years,17,12,5,5,4,1,0,0,0,0,0,0,0,0,0,12,8,4
EDWARDS COUNTY,137,35 Years,15,9,6,5,3,2,0,0,0,0,0,0,0,0,0,10,6,4
EDWARDS COUNTY,137,36 Years,16,7,9,6,3,3,0,0,0,0,0,0,0,0,0,10,4,6
EDWARDS COUNTY,137,37 Years,20,9,11,5,1,4,0,0,0,0,0,0,0,0,0,15,8,7
EDWARDS COUNTY,137,38 Years,18,7,11,5,3,2,0,0,0,0,0,0,0,0,0,13,4,9
EDWARDS COUNTY,137,39 Years,18,10,8,7,5,2,0,0,0,0,0,0,0,0,0,11,5,6
EDWARDS COUNTY,137,40 Years,13,8,5,7,4,3,0,0,0,0,0,0,0,0,0,6,4,2
EDWARDS COUNTY,137,41 Years,12,6,6,7,3,4,0,0,0,0,0,0,0,0,0,5,3,2
EDWARDS COUNTY,137,42 Years,11,4,7,4,1,3,0,0,0,0,0,0,0,0,0,7,3,4
EDWARDS COUNTY,137,43 Years,15,7,8,3,3,0,0,0,0,0,0,0,0,0,0,12,4,8
EDWARDS COUNTY,137,44 Years,18,6,12,6,2,4,0,0,0,0,0,0,0,0,0,12,4,8
EDWARDS COUNTY,137,45 Years,21,7,14,8,4,4,0,0,0,0,0,0,0,0,0,13,3,10
EDWARDS COUNTY,137,46 Years,19,11,8,7,3,4,0,0,0,0,0,0,1,1,0,11,7,4
EDWARDS COUNTY,137,47 Years,20,10,10,8,2,6,0,0,0,0,0,0,0,0,0,12,8,4
EDWARDS COUNTY,137,48 Years,22,13,9,12,6,6,0,0,0,0,0,0,0,0,0,10,7,3
EDWARDS COUNTY,137,49 Years,20,9,11,11,5,6,0,0,0,0,0,0,0,0,0,9,4,5
EDWARDS COUNTY,137,50 Years,16,3,13,5,1,4,0,0,0,0,0,0,0,0,0,11,2,9
EDWARDS COUNTY,137,51 Years,19,9,10,8,3,5,0,0,0,0,0,0,0,0,0,11,6,5
EDWARDS COUNTY,137,52 Years,23,9,14,12,2,10,0,0,0,0,0,0,0,0,0,11,7,4
EDWARDS COUNTY,137,53 Years,34,18,16,14,7,7,0,0,0,0,0,0,2,0,2,18,11,7
EDWARDS COUNTY,137,54 Years,30,13,17,10,4,6,0,0,0,0,0,0,0,0,0,20,9,11
EDWARDS COUNTY,137,55 Years,29,12,17,10,5,5,0,0,0,0,0,0,0,0,0,19,7,12
EDWARDS COUNTY,137,56 Years,24,11,13,8,2,6,0,0,0,0,0,0,0,0,0,16,9,7
EDWARDS COUNTY,137,57 Years,28,14,14,13,7,6,0,0,0,0,0,0,1,0,1,14,7,7
EDWARDS COUNTY,137,58 Years,26,14,12,14,9,5,1,0,1,0,0,0,1,0,1,10,5,5
EDWARDS COUNTY,137,59 Years,26,15,11,13,6,7,0,0,0,0,0,0,0,0,0,13,9,4
EDWARDS COUNTY,137,60 Years,29,12,17,16,6,10,0,0,0,0,0,0,0,0,0,13,6,7
EDWARDS COUNTY,137,61 Years,27,13,14,17,7,10,1,1,0,0,0,0,0,0,0,9,5,4
EDWARDS COUNTY,137,62 Years,30,16,14,15,9,6,0,0,0,0,0,0,1,1,0,14,6,8
EDWARDS COUNTY,137,63 Years,31,14,17,18,8,10,0,0,0,1,0,1,0,0,0,12,6,6
EDWARDS COUNTY,137,64 Years,40,22,18,26,12,14,0,0,0,1,0,1,1,1,0,12,9,3
EDWARDS COUNTY,137,65 Years,35,17,18,24,11,13,0,0,0,1,0,1,0,0,0,10,6,4
EDWARDS COUNTY,137,66 Years,38,21,17,26,15,11,0,0,0,0,0,0,1,0,1,11,6,5
EDWARDS COUNTY,137,67 Years,30,13,17,18,8,10,0,0,0,0,0,0,0,0,0,12,5,7
EDWARDS COUNTY,137,68 Years,23,10,13,12,5,7,0,0,0,0,0,0,0,0,0,11,5,6
EDWARDS COUNTY,137,69 Years,35,25,10,23,18,5,0,0,0,0,0,0,0,0,0,12,7,5
EDWARDS COUNTY,137,70 Years,32,20,12,20,13,7,0,0,0,0,0,0,0,0,0,12,7,5
EDWARDS COUNTY,137,71 Years,27,15,12,16,9,7,0,0,0,1,1,0,0,0,0,10,5,5
EDWARDS COUNTY,137,72 Years,25,12,13,17,9,8,0,0,0,0,0,0,0,0,0,8,3,5
EDWARDS COUNTY,137,73 Years,27,14,13,19,10,9,0,0,0,0,0,0,0,0,0,8,4,4
EDWARDS COUNTY,137,74 Years,24,13,11,15,9,6,0,0,0,0,0,0,0,0,0,9,4,5
EDWARDS COUNTY,137,75 Years,25,14,11,16,9,7,0,0,0,0,0,0,0,0,0,9,5,4
EDWARDS COUNTY,137,76 Years,20,9,11,12,6,6,0,0,0,0,0,0,0,0,0,8,3,5
EDWARDS COUNTY,137,77 Years,19,8,11,12,6,6,0,0,0,0,0,0,1,0,1,6,2,4
EDWARDS COUNTY,137,78 Years,17,9,8,11,6,5,0,0,0,0,0,0,0,0,0,6,3,3
EDWARDS COUNTY,137,79 Years,14,9,5,9,4,5,0,0,0,0,0,0,0,0,0,5,5,0
EDWARDS COUNTY,137,80 Years,15,9,6,7,5,2,0,0,0,0,0,0,0,0,0,8,4,4
EDWARDS COUNTY,137,81 Years,14,7,7,8,4,4,1,1,0,0,0,0,0,0,0,5,2,3
EDWARDS COUNTY,137,82 Years,12,7,5,8,4,4,1,1,0,0,0,0,0,0,0,3,2,1
EDWARDS COUNTY,137,83 Years,12,7,5,7,3,4,0,0,0,0,0,0,0,0,0,5,4,1
EDWARDS COUNTY,137,84 Years,12,5,7,7,4,3,0,0,0,0,0,0,0,0,0,5,1,4
EDWARDS COUNTY,137,85 Years,11,6,5,6,3,3,0,0,0,0,0,0,0,0,0,5,3,2
EDWARDS COUNTY,137,86 Years,11,5,6,7,3,4,0,0,0,0,0,0,0,0,0,4,2,2
EDWARDS COUNTY,137,87 Years,11,7,4,6,3,3,0,0,0,0,0,0,0,0,0,5,4,1
EDWARDS COUNTY,137,88 Years,11,5,6,6,3,3,0,0,0,0,0,0,0,0,0,5,2,3
EDWARDS COUNTY,137,89 Years,6,2,4,5,2,3,0,0,0,0,0,0,0,0,0,1,0,1
EDWARDS COUNTY,137,90 Years,5,3,2,3,2,1,0,0,0,0,0,0,0,0,0,2,1,1
EDWARDS COUNTY,137,91 Years,6,5,1,3,2,1,0,0,0,0,0,0,0,0,0,3,3,0
EDWARDS COUNTY,137,92 Years,7,1,6,2,1,1,0,0,0,0,0,0,0,0,0,5,0,5
EDWARDS COUNTY,137,93 Years,6,3,3,2,1,1,0,0,0,0,0,0,0,0,0,4,2,2
EDWARDS COUNTY,137,94 Years,3,2,1,2,1,1,0,0,0,0,0,0,0,0,0,1,1,0
EDWARDS COUNTY,137,95 Years +,7,5,2,4,2,2,1,1,0,0,0,0,0,0,0,2,2,0
ELLIS COUNTY,139,All Ages,172341,84864,87477,106931,52136,54795,16532,7860,8672,863,354,509,3235,1609,1626,44780,22905,21875
ELLIS COUNTY,139,< 1 Year,2335,1227,1108,1173,622,551,213,107,106,4,2,2,88,52,36,857,444,413
ELLIS COUNTY,139,1 Years,2321,1209,1112,1187,610,577,209,110,99,4,2,2,81,47,34,840,440,400
ELLIS COUNTY,139,2 Years,2335,1219,1116,1202,623,579,208,106,102,3,2,1,73,43,30,849,445,404
ELLIS COUNTY,139,3 Years,2307,1171,1136,1216,612,604,200,101,99,3,1,2,68,34,34,820,423,397
ELLIS COUNTY,139,4 Years,2237,1140,1097,1165,601,564,193,97,96,3,1,2,70,36,34,806,405,401
ELLIS COUNTY,139,5 Years,2205,1140,1065,1145,595,550,184,93,91,3,2,1,68,35,33,805,415,390
ELLIS COUNTY,139,6 Years,2250,1204,1046,1146,614,532,199,107,92,3,2,1,72,42,30,830,439,391
ELLIS COUNTY,139,7 Years,2377,1245,1132,1205,627,578,218,111,107,3,2,1,63,27,36,888,478,410
ELLIS COUNTY,139,8 Years,2379,1248,1131,1166,607,559,245,125,120,8,4,4,67,38,29,893,474,419
ELLIS COUNTY,139,9 Years,2499,1310,1189,1218,630,588,264,132,132,14,5,9,76,46,30,927,497,430
ELLIS COUNTY,139,10 Years,2568,1339,1229,1257,651,606,264,145,119,14,5,9,74,44,30,959,494,465
ELLIS COUNTY,139,11 Years,2652,1341,1311,1310,636,674,302,157,145,11,2,9,70,29,41,959,517,442
ELLIS COUNTY,139,12 Years,2641,1328,1313,1347,661,686,271,140,131,11,4,7,75,29,46,937,494,443
ELLIS COUNTY,139,13 Years,2599,1297,1302,1341,672,669,252,131,121,17,5,12,55,24,31,934,465,469
ELLIS COUNTY,139,14 Years,2722,1375,1347,1419,730,689,275,130,145,20,10,10,67,30,37,941,475,466
ELLIS COUNTY,139,15 Years,2816,1435,1381,1516,796,720,294,132,162,14,6,8,62,31,31,930,470,460
ELLIS COUNTY,139,16 Years,2768,1410,1358,1525,781,744,293,151,142,23,18,5,57,30,27,870,430,440
ELLIS COUNTY,139,17 Years,2803,1452,1351,1568,807,761,272,137,135,18,7,11,58,27,31,887,474,413
ELLIS COUNTY,139,18 Years,2671,1398,1273,1523,802,721,262,132,130,15,5,10,70,40,30,801,419,382
ELLIS COUNTY,139,19 Years,2467,1302,1165,1368,725,643,232,123,109,15,9,6,76,43,33,776,402,374
ELLIS COUNTY,139,20 Years,2440,1275,1165,1376,719,657,224,116,108,12,6,6,76,40,36,752,394,358
ELLIS COUNTY,139,21 Years,2488,1307,1181,1401,735,666,257,135,122,16,6,10,69,35,34,745,396,349
ELLIS COUNTY,139,22 Years,2447,1249,1198,1385,709,676,232,122,110,11,5,6,69,36,33,750,377,373
ELLIS COUNTY,139,23 Years,2458,1252,1206,1425,722,703,220,125,95,13,7,6,61,26,35,739,372,367
ELLIS COUNTY,139,24 Years,2494,1253,1241,1422,719,703,248,117,131,13,6,7,68,34,34,743,377,366
ELLIS COUNTY,139,25 Years,2452,1225,1227,1387,694,693,269,131,138,9,5,4,69,35,34,718,360,358
ELLIS COUNTY,139,26 Years,2443,1185,1258,1367,691,676,275,132,143,11,5,6,50,19,31,740,338,402
ELLIS COUNTY,139,27 Years,2342,1153,1189,1250,622,628,271,128,143,9,6,3,46,27,19,766,370,396
ELLIS COUNTY,139,28 Years,2266,1172,1094,1211,603,608,241,123,118,7,4,3,47,33,14,760,409,351
ELLIS COUNTY,139,29 Years,2146,1112,1034,1187,584,603,230,130,100,11,4,7,39,25,14,679,369,310
ELLIS COUNTY,139,30 Years,2095,1021,1074,1158,553,605,252,113,139,9,4,5,28,9,19,648,342,306
ELLIS COUNTY,139,31 Years,2104,1039,1065,1221,583,638,220,108,112,5,2,3,21,10,11,637,336,301
ELLIS COUNTY,139,32 Years,2084,989,1095,1191,539,652,237,121,116,5,2,3,21,9,12,630,318,312
ELLIS COUNTY,139,33 Years,2067,974,1093,1175,541,634,211,103,108,11,4,7,23,8,15,647,318,329
ELLIS COUNTY,139,34 Years,2050,992,1058,1178,562,616,190,81,109,16,5,11,26,13,13,640,331,309
ELLIS COUNTY,139,35 Years,2078,952,1126,1181,537,644,205,78,127,13,7,6,24,11,13,655,319,336
ELLIS COUNTY,139,36 Years,2146,1013,1133,1235,582,653,202,91,111,11,3,8,31,15,16,667,322,345
ELLIS COUNTY,139,37 Years,2088,1032,1056,1208,601,607,206,90,116,10,6,4,26,15,11,638,320,318
ELLIS COUNTY,139,38 Years,2030,991,1039,1187,554,633,212,95,117,11,5,6,25,11,14,595,326,269
ELLIS COUNTY,139,39 Years,2031,998,1033,1188,560,628,219,107,112,11,4,7,21,6,15,592,321,271
ELLIS COUNTY,139,40 Years,2107,1006,1101,1239,587,652,233,114,119,13,8,5,16,8,8,606,289,317
ELLIS COUNTY,139,41 Years,2157,1038,1119,1269,624,645,226,104,122,18,6,12,24,11,13,620,293,327
ELLIS COUNTY,139,42 Years,2163,1042,1121,1306,627,679,212,94,118,15,3,12,26,10,16,604,308,296
ELLIS COUNTY,139,43 Years,2125,963,1162,1272,567,705,232,98,134,15,8,7,27,14,13,579,276,303
ELLIS COUNTY,139,44 Years,2145,1024,1121,1313,619,694,238,107,131,14,5,9,33,14,19,547,279,268
ELLIS COUNTY,139,45 Years,2227,1063,1164,1420,692,728,227,91,136,16,4,12,27,14,13,537,262,275
ELLIS COUNTY,139,46 Years,2440,1220,1220,1587,809,778,243,105,138,20,9,11,27,12,15,563,285,278
ELLIS COUNTY,139,47 Years,2403,1165,1238,1573,771,802,231,100,131,21,9,12,27,11,16,551,274,277
ELLIS COUNTY,139,48 Years,2216,1090,1126,1447,706,741,221,110,111,15,8,7,33,15,18,500,251,249
ELLIS COUNTY,139,49 Years,2190,1094,1096,1367,685,682,219,106,113,16,8,8,41,18,23,547,277,270
ELLIS COUNTY,139,50 Years,2226,1089,1137,1421,698,723,212,95,117,15,6,9,32,15,17,546,275,271
ELLIS COUNTY,139,51 Years,2251,1090,1161,1434,692,742,253,103,150,17,4,13,23,12,11,524,279,245
ELLIS COUNTY,139,52 Years,2291,1124,1167,1515,745,770,242,110,132,20,4,16,25,11,14,489,254,235
ELLIS COUNTY,139,53 Years,2298,1142,1156,1623,798,825,214,107,107,16,6,10,34,18,16,411,213,198
ELLIS COUNTY,139,54 Years,2301,1138,1163,1621,795,826,222,106,116,17,6,11,33,18,15,408,213,195
ELLIS COUNTY,139,55 Years,2402,1143,1259,1705,795,910,221,91,130,13,5,8,25,14,11,438,238,200
ELLIS COUNTY,139,56 Years,2382,1130,1252,1748,813,935,210,96,114,14,6,8,29,12,17,381,203,178
ELLIS COUNTY,139,57 Years,2393,1137,1256,1789,842,947,198,90,108,11,2,9,34,14,20,361,189,172
ELLIS COUNTY,139,58 Years,2201,1058,1143,1650,773,877,199,87,112,7,2,5,34,12,22,311,184,127
ELLIS COUNTY,139,59 Years,2245,1078,1167,1688,804,884,192,87,105,10,4,6,37,15,22,318,168,150
ELLIS COUNTY,139,60 Years,2189,1075,1114,1641,797,844,191,97,94,12,6,6,36,20,16,309,155,154
ELLIS COUNTY,139,61 Years,2129,1081,1048,1610,823,787,190,90,100,10,4,6,26,15,11,293,149,144
ELLIS COUNTY,139,62 Years,2060,1018,1042,1546,763,783,200,95,105,8,2,6,21,11,10,285,147,138
ELLIS COUNTY,139,63 Years,1959,945,1014,1506,725,781,181,83,98,10,5,5,23,12,11,239,120,119
ELLIS COUNTY,139,64 Years,1801,855,946,1382,645,737,165,75,90,11,5,6,24,12,12,219,118,101
ELLIS COUNTY,139,65 Years,1704,816,888,1310,622,688,160,76,84,12,3,9,22,10,12,200,105,95
ELLIS COUNTY,139,66 Years,1671,784,887,1295,610,685,143,61,82,4,1,3,26,11,15,203,101,102
ELLIS COUNTY,139,67 Years,1599,767,832,1210,580,630,153,66,87,8,4,4,26,10,16,202,107,95
ELLIS COUNTY,139,68 Years,1532,724,808,1201,569,632,134,66,68,7,3,4,17,8,9,173,78,95
ELLIS COUNTY,139,69 Years,1530,718,812,1224,581,643,112,51,61,6,1,5,20,8,12,168,77,91
ELLIS COUNTY,139,70 Years,1522,712,810,1232,573,659,100,44,56,3,0,3,25,11,14,162,84,78
ELLIS COUNTY,139,71 Years,1201,558,643,947,439,508,98,40,58,7,3,4,16,8,8,133,68,65
ELLIS COUNTY,139,72 Years,1118,529,589,875,422,453,94,38,56,5,2,3,13,4,9,131,63,68
ELLIS COUNTY,139,73 Years,1095,526,569,887,428,459,76,35,41,4,0,4,15,7,8,113,56,57
ELLIS COUNTY,139,74 Years,1022,482,540,826,396,430,72,32,40,2,1,1,18,9,9,104,44,60
ELLIS COUNTY,139,75 Years,908,423,485,751,354,397,57,25,32,2,2,0,12,6,6,86,36,50
ELLIS COUNTY,139,76 Years,828,393,435,684,332,352,52,20,32,3,1,2,8,5,3,81,35,46
ELLIS COUNTY,139,77 Years,785,351,434,655,299,356,42,11,31,4,1,3,9,3,6,75,37,38
ELLIS COUNTY,139,78 Years,706,319,387,597,276,321,41,14,27,2,0,2,6,3,3,60,26,34
ELLIS COUNTY,139,79 Years,647,292,355,537,242,295,44,18,26,1,0,1,7,5,2,58,27,31
ELLIS COUNTY,139,80 Years,566,249,317,466,208,258,40,15,25,1,0,1,7,3,4,52,23,29
ELLIS COUNTY,139,81 Years,515,222,293,431,186,245,28,13,15,3,1,2,7,5,2,46,17,29
ELLIS COUNTY,139,82 Years,486,204,282,400,169,231,34,15,19,1,1,0,3,2,1,48,17,31
ELLIS COUNTY,139,83 Years,430,174,256,352,143,209,33,13,20,3,1,2,5,2,3,37,15,22
ELLIS COUNTY,139,84 Years,364,131,233,300,110,190,25,8,17,2,1,1,6,2,4,31,10,21
ELLIS COUNTY,139,85 Years,333,120,213,279,103,176,20,5,15,2,1,1,4,0,4,28,11,17
ELLIS COUNTY,139,86 Years,321,118,203,273,100,173,20,4,16,2,1,1,2,1,1,24,12,12
ELLIS COUNTY,139,87 Years,291,105,186,238,85,153,25,10,15,1,0,1,3,1,2,24,9,15
ELLIS COUNTY,139,88 Years,223,83,140,181,71,110,17,5,12,0,0,0,4,1,3,21,6,15
ELLIS COUNTY,139,89 Years,194,66,128,162,57,105,13,3,10,1,1,0,2,1,1,16,4,12
ELLIS COUNTY,139,90 Years,176,55,121,144,47,97,14,3,11,1,0,1,2,1,1,15,4,11
ELLIS COUNTY,139,91 Years,149,46,103,128,38,90,8,3,5,0,0,0,1,0,1,12,5,7
ELLIS COUNTY,139,92 Years,105,32,73,88,27,61,6,2,4,2,0,2,0,0,0,9,3,6
ELLIS COUNTY,139,93 Years,84,25,59,70,21,49,6,2,4,0,0,0,1,0,1,7,2,5
ELLIS COUNTY,139,94 Years,65,20,45,53,14,39,5,3,2,0,0,0,0,0,0,7,3,4
ELLIS COUNTY,139,95 Years +,169,38,131,133,27,106,17,5,12,0,0,0,1,0,1,18,6,12
EL PASO COUNTY,141,All Ages,845954,413930,432024,110769,58846,51923,27197,15995,11202,9940,4579,5361,13428,7043,6385,684620,327467,357153
EL PASO COUNTY,141,< 1 Year,13783,7056,6727,1334,683,651,451,228,223,90,46,44,357,189,168,11551,5910,5641
EL PASO COUNTY,141,1 Years,13810,7037,6773,1400,722,678,451,225,226,108,56,52,405,214,191,11446,5820,5626
EL PASO COUNTY,141,2 Years,14313,7290,7023,1548,804,744,498,259,239,127,66,61,454,239,215,11686,5922,5764
EL PASO COUNTY,141,3 Years,14420,7322,7098,1588,820,768,477,246,231,144,76,68,485,254,231,11726,5926,5800
EL PASO COUNTY,141,4 Years,14453,7346,7107,1642,852,790,480,249,231,147,74,73,452,239,213,11732,5932,5800
EL PASO COUNTY,141,5 Years,14463,7332,7131,1675,873,802,478,240,238,145,70,75,411,214,197,11754,5935,5819
EL PASO COUNTY,141,6 Years,14437,7351,7086,1655,864,791,472,238,234,135,67,68,389,209,180,11786,5973,5813
EL PASO COUNTY,141,7 Years,12860,6522,6338,1353,703,650,409,236,173,112,54,58,325,159,166,10661,5370,5291
EL PASO COUNTY,141,8 Years,12074,6089,5985,1276,668,608,367,203,164,101,51,50,286,140,146,10044,5027,5017
EL PASO COUNTY,141,9 Years,12329,6197,6132,1290,654,636,411,246,165,105,56,49,309,156,153,10214,5085,5129
EL PASO COUNTY,141,10 Years,12328,6304,6024,1224,643,581,398,239,159,105,58,47,265,137,128,10336,5227,5109
EL PASO COUNTY,141,11 Years,12397,6307,6090,1151,591,560,395,218,177,101,48,53,266,137,129,10484,5313,5171
EL PASO COUNTY,141,12 Years,12406,6224,6182,1155,588,567,404,219,185,98,48,50,238,122,116,10511,5247,5264
EL PASO COUNTY,141,13 Years,12309,6156,6153,1093,550,543,376,190,186,108,58,50,211,108,103,10521,5250,5271
EL PASO COUNTY,141,14 Years,12420,6261,6159,1107,555,552,360,178,182,103,50,53,224,113,111,10626,5365,5261
EL PASO COUNTY,141,15 Years,12183,6085,6098,1059,521,538,349,175,174,93,43,50,214,118,96,10468,5228,5240
EL PASO COUNTY,141,16 Years,12643,6381,6262,1116,596,520,397,204,193,93,51,42,215,112,103,10822,5418,5404
EL PASO COUNTY,141,17 Years,12776,6512,6264,1113,580,533,586,329,257,115,63,52,199,103,96,10763,5437,5326
EL PASO COUNTY,141,18 Years,12549,6390,6159,1060,544,516,545,302,243,100,50,50,187,102,85,10657,5392,5265
EL PASO COUNTY,141,19 Years,12311,6364,5947,1190,705,485,516,311,205,90,43,47,175,90,85,10340,5215,5125
EL PASO COUNTY,141,20 Years,12475,6538,5937,1247,755,492,529,320,209,117,60,57,201,98,103,10381,5305,5076
EL PASO COUNTY,141,21 Years,12932,6855,6077,1343,813,530,549,333,216,167,91,76,184,91,93,10689,5527,5162
EL PASO COUNTY,141,22 Years,13159,6998,6161,1350,810,540,569,353,216,222,118,104,171,88,83,10847,5629,5218
EL PASO COUNTY,141,23 Years,13319,7030,6289,1369,805,564,552,332,220,247,156,91,200,105,95,10951,5632,5319
EL PASO COUNTY,141,24 Years,13369,7034,6335,1468,868,600,437,255,182,202,103,99,182,98,84,11080,5710,5370
EL PASO COUNTY,141,25 Years,12912,6714,6198,1128,595,533,368,226,142,176,104,72,157,87,70,11083,5702,5381
EL PASO COUNTY,141,26 Years,13397,6865,6532,1252,666,586,427,257,170,289,127,162,204,116,88,11225,5699,5526
EL PASO COUNTY,141,27 Years,13121,6729,6392,1485,791,694,456,289,167,271,132,139,231,130,101,10678,5387,5291
EL PASO COUNTY,141,28 Years,12503,6526,5977,1632,919,713,490,309,181,158,94,64,229,119,110,9994,5085,4909
EL PASO COUNTY,141,29 Years,12102,6308,5794,1635,911,724,473,300,173,106,59,47,220,111,109,9668,4927,4741
EL PASO COUNTY,141,30 Years,11724,5972,5752,1578,850,728,420,263,157,134,32,102,231,130,101,9361,4697,4664
EL PASO COUNTY,141,31 Years,11825,6026,5799,1606,851,755,411,255,156,171,69,102,231,133,98,9406,4718,4688
EL PASO COUNTY,141,32 Years,12233,6313,5920,1918,1100,818,384,247,137,220,110,110,221,132,89,9490,4724,4766
EL PASO COUNTY,141,33 Years,11684,6073,5611,1886,1080,806,378,237,141,178,111,67,215,114,101,9027,4531,4496
EL PASO COUNTY,141,34 Years,11324,5716,5608,1730,973,757,380,235,145,175,98,77,192,97,95,8847,4313,4534
EL PASO COUNTY,141,35 Years,11330,5666,5664,1655,908,747,374,240,134,187,86,101,210,110,100,8904,4322,4582
EL PASO COUNTY,141,36 Years,11106,5596,5510,1531,876,655,386,242,144,164,64,100,185,97,88,8840,4317,4523
EL PASO COUNTY,141,37 Years,10669,5291,5378,1452,822,630,371,225,146,172,69,103,184,94,90,8490,4081,4409
EL PASO COUNTY,141,38 Years,9851,4762,5089,1273,703,570,364,232,132,163,83,80,157,86,71,7894,3658,4236
EL PASO COUNTY,141,39 Years,9816,4810,5006,1296,698,598,353,219,134,171,76,95,157,75,82,7839,3742,4097
EL PASO COUNTY,141,40 Years,9964,4842,5122,1212,647,565,360,229,131,143,57,86,177,90,87,8072,3819,4253
EL PASO COUNTY,141,41 Years,9990,4792,5198,1178,618,560,332,205,127,136,64,72,134,66,68,8210,3839,4371
EL PASO COUNTY,141,42 Years,10218,4923,5295,1194,660,534,336,221,115,129,62,67,125,70,55,8434,3910,4524
EL PASO COUNTY,141,43 Years,10293,4923,5370,1152,613,539,345,220,125,143,72,71,121,66,55,8532,3952,4580
EL PASO COUNTY,141,44 Years,10587,5016,5571,1153,624,529,356,226,130,149,70,79,114,58,56,8815,4038,4777
EL PASO COUNTY,141,45 Years,10531,4996,5535,1275,701,574,371,235,136,135,67,68,138,74,64,8612,3919,4693
EL PASO COUNTY,141,46 Years,10260,4911,5349,1319,737,582,358,225,133,134,66,68,113,58,55,8336,3825,4511
EL PASO COUNTY,141,47 Years,10089,4801,5288,1290,716,574,210,119,91,120,57,63,95,47,48,8374,3862,4512
EL PASO COUNTY,141,48 Years,9601,4583,5018,1262,715,547,191,110,81,111,50,61,101,50,51,7936,3658,4278
EL PASO COUNTY,141,49 Years,9399,4463,4936,1214,700,514,195,115,80,122,59,63,96,49,47,7772,3540,4232
EL PASO COUNTY,141,50 Years,9286,4332,4954,1255,727,528,194,111,83,107,54,53,96,51,45,7634,3389,4245
EL PASO COUNTY,141,51 Years,9429,4432,4997,1407,786,621,193,113,80,103,50,53,103,66,37,7623,3417,4206
EL PASO COUNTY,141,52 Years,9680,4526,5154,1401,787,614,200,116,84,120,61,59,93,51,42,7866,3511,4355
EL PASO COUNTY,141,53 Years,9555,4480,5075,1425,768,657,191,111,80,105,42,63,94,48,46,7740,3511,4229
EL PASO COUNTY,141,54 Years,9692,4565,5127,1379,746,633,302,183,119,107,46,61,92,47,45,7812,3543,4269
EL PASO COUNTY,141,55 Years,9879,4629,5250,1459,793,666,312,197,115,85,37,48,96,46,50,7927,3556,4371
EL PASO COUNTY,141,56 Years,9873,4614,5259,1471,789,682,301,202,99,85,32,53,89,46,43,7927,3545,4382
EL PASO COUNTY,141,57 Years,9911,4664,5247,1455,767,688,332,210,122,94,36,58,99,58,41,7931,3593,4338
EL PASO COUNTY,141,58 Years,9502,4442,5060,1446,758,688,362,229,133,100,39,61,99,52,47,7495,3364,4131
EL PASO COUNTY,141,59 Years,9357,4382,4975,1480,775,705,326,217,109,103,42,61,101,58,43,7347,3290,4057
EL PASO COUNTY,141,60 Years,8994,4157,4837,1483,775,708,309,204,105,112,49,63,104,58,46,6986,3071,3915
EL PASO COUNTY,141,61 Years,8886,4080,4806,1454,741,713,307,199,108,93,41,52,90,48,42,6942,3051,3891
EL PASO COUNTY,141,62 Years,8510,3896,4614,1422,724,698,295,178,117,106,43,63,102,51,51,6585,2900,3685
EL PASO COUNTY,141,63 Years,8101,3697,4404,1432,731,701,241,153,88,87,32,55,73,38,35,6268,2743,3525
EL PASO COUNTY,141,64 Years,7755,3511,4244,1433,724,709,228,142,86,87,28,59,82,44,38,5925,2573,3352
EL PASO COUNTY,141,65 Years,7276,3371,3905,1368,720,648,201,126,75,76,22,54,81,34,47,5550,2469,3081
EL PASO COUNTY,141,66 Years,7083,3285,3798,1275,674,601,179,113,66,67,22,45,64,31,33,5498,2445,3053
EL PASO COUNTY,141,67 Years,6835,3152,3683,1279,674,605,169,106,63,92,30,62,51,28,23,5244,2314,2930
EL PASO COUNTY,141,68 Years,6567,2997,3570,1267,656,611,151,98,53,94,35,59,50,24,26,5005,2184,2821
EL PASO COUNTY,141,69 Years,6449,3000,3449,1328,721,607,147,92,55,78,27,51,46,27,19,4850,2133,2717
EL PASO COUNTY,141,70 Years,6157,2891,3266,1332,734,598,144,81,63,79,29,50,46,30,16,4556,2017,2539
EL PASO COUNTY,141,71 Years,5253,2416,2837,1017,557,460,126,72,54,67,24,43,43,26,17,4000,1737,2263
EL PASO COUNTY,141,72 Years,4873,2194,2679,913,477,436,130,70,60,50,19,31,33,14,19,3747,1614,2133
EL PASO COUNTY,141,73 Years,4622,2031,2591,931,483,448,127,64,63,46,14,32,33,16,17,3485,1454,2031
EL PASO COUNTY,141,74 Years,4437,1948,2489,928,482,446,121,66,55,41,10,31,41,19,22,3306,1371,1935
EL PASO COUNTY,141,75 Years,4077,1761,2316,857,426,431,111,60,51,46,12,34,32,14,18,3031,1249,1782
EL PASO COUNTY,141,76 Years,3778,1561,2217,773,360,413,98,48,50,39,10,29,27,12,15,2841,1131,1710
EL PASO COUNTY,141,77 Years,3645,1526,2119,712,332,380,86,41,45,44,9,35,28,11,17,2775,1133,1642
EL PASO COUNTY,141,78 Years,3435,1423,2012,698,339,359,82,45,37,39,9,30,28,14,14,2588,1016,1572
EL PASO COUNTY,141,79 Years,3243,1360,1883,667,327,340,78,37,41,35,12,23,22,15,7,2441,969,1472
EL PASO COUNTY,141,80 Years,3024,1243,1781,651,307,344,77,36,41,29,9,20,19,13,6,2248,878,1370
EL PASO COUNTY,141,81 Years,2878,1167,1711,628,283,345,75,43,32,27,8,19,17,10,7,2131,823,1308
EL PASO COUNTY,141,82 Years,2648,1047,1601,580,262,318,61,28,33,31,7,24,12,7,5,1964,743,1221
EL PASO COUNTY,141,83 Years,2451,948,1503,543,232,311,75,36,39,29,7,22,10,6,4,1794,667,1127
EL PASO COUNTY,141,84 Years,2216,839,1377,494,209,285,63,33,30,35,7,28,14,5,9,1610,585,1025
EL PASO COUNTY,141,85 Years,2087,803,1284,452,204,248,64,31,33,27,5,22,16,8,8,1528,555,973
EL PASO COUNTY,141,86 Years,1947,731,1216,408,177,231,44,22,22,27,4,23,13,5,8,1455,523,932
EL PASO COUNTY,141,87 Years,1819,633,1186,406,172,234,40,18,22,22,3,19,9,3,6,1342,437,905
EL PASO COUNTY,141,88 Years,1546,566,980,344,139,205,27,14,13,23,4,19,7,3,4,1145,406,739
EL PASO COUNTY,141,89 Years,1342,470,872,297,111,186,20,12,8,18,2,16,6,3,3,1001,342,659
EL PASO COUNTY,141,90 Years,1125,382,743,249,87,162,17,8,9,14,2,12,6,3,3,839,282,557
EL PASO COUNTY,141,91 Years,910,294,616,211,66,145,10,4,6,12,2,10,5,2,3,672,220,452
EL PASO COUNTY,141,92 Years,720,242,478,161,55,106,9,5,4,8,3,5,3,1,2,539,178,361
EL PASO COUNTY,141,93 Years,569,186,383,137,42,95,6,3,3,6,2,4,3,1,2,417,138,279
EL PASO COUNTY,141,94 Years,436,143,293,104,31,73,5,2,3,4,1,3,2,1,1,321,108,213
EL PASO COUNTY,141,95 Years +,1049,315,734,245,75,170,16,7,9,9,3,6,5,1,4,774,229,545
ERATH COUNTY,143,All Ages,42424,21040,21384,31687,15378,16309,519,310,209,282,149,133,669,338,331,9267,4865,4402
ERATH COUNTY,143,< 1 Year,484,247,237,284,147,137,20,10,10,4,3,1,11,7,4,165,80,85
ERATH COUNTY,143,1 Years,471,238,233,280,145,135,12,6,6,4,2,2,12,5,7,163,80,83
ERATH COUNTY,143,2 Years,490,252,238,293,151,142,13,7,6,5,3,2,12,5,7,167,86,81
ERATH COUNTY,143,3 Years,491,254,237,304,160,144,8,5,3,5,2,3,14,6,8,160,81,79
ERATH COUNTY,143,4 Years,506,256,250,314,161,153,11,5,6,4,2,2,13,6,7,164,82,82
ERATH COUNTY,143,5 Years,497,244,253,310,157,153,8,3,5,3,2,1,11,6,5,165,76,89
ERATH COUNTY,143,6 Years,487,245,242,299,151,148,8,3,5,3,2,1,10,6,4,167,83,84
ERATH COUNTY,143,7 Years,489,256,233,305,161,144,6,4,2,3,2,1,9,4,5,166,85,81
ERATH COUNTY,143,8 Years,530,269,261,339,171,168,6,4,2,0,0,0,12,7,5,173,87,86
ERATH COUNTY,143,9 Years,528,277,251,340,178,162,4,3,1,3,0,3,7,6,1,174,90,84
ERATH COUNTY,143,10 Years,523,270,253,326,166,160,3,2,1,2,1,1,8,5,3,184,96,88
ERATH COUNTY,143,11 Years,529,271,258,313,161,152,2,1,1,3,1,2,13,5,8,198,103,95
ERATH COUNTY,143,12 Years,518,279,239,325,181,144,5,1,4,6,4,2,8,3,5,174,90,84
ERATH COUNTY,143,13 Years,542,286,256,329,165,164,6,4,2,9,6,3,11,5,6,187,106,81
ERATH COUNTY,143,14 Years,555,277,278,341,165,176,6,2,4,5,2,3,11,7,4,192,101,91
ERATH COUNTY,143,15 Years,500,257,243,319,162,157,3,1,2,3,3,0,6,4,2,169,87,82
ERATH COUNTY,143,16 Years,518,256,262,363,177,186,4,1,3,2,2,0,8,4,4,141,72,69
ERATH COUNTY,143,17 Years,511,267,244,349,180,169,2,1,1,1,1,0,10,7,3,149,78,71
ERATH COUNTY,143,18 Years,930,461,469,682,329,353,33,17,16,4,3,1,15,6,9,196,106,90
ERATH COUNTY,143,19 Years,1200,560,640,878,394,484,44,23,21,5,3,2,19,12,7,254,128,126
ERATH COUNTY,143,20 Years,1100,504,596,820,368,452,31,16,15,11,7,4,14,4,10,224,109,115
ERATH COUNTY,143,21 Years,1097,525,572,816,380,436,44,29,15,6,4,2,14,8,6,217,104,113
ERATH COUNTY,143,22 Years,1076,525,551,770,360,410,46,34,12,4,3,1,19,10,9,237,118,119
ERATH COUNTY,143,23 Years,1008,516,492,721,356,365,24,17,7,7,5,2,8,3,5,248,135,113
ERATH COUNTY,143,24 Years,874,460,414,620,302,318,15,11,4,10,5,5,14,8,6,215,134,81
ERATH COUNTY,143,25 Years,824,447,377,566,291,275,12,9,3,3,1,2,14,6,8,229,140,89
ERATH COUNTY,143,26 Years,683,325,358,499,224,275,7,5,2,3,1,2,11,2,9,163,93,70
ERATH COUNTY,143,27 Years,754,343,411,546,242,304,11,10,1,3,1,2,17,9,8,177,81,96
ERATH COUNTY,143,28 Years,719,331,388,537,250,287,9,6,3,3,1,2,12,5,7,158,69,89
ERATH COUNTY,143,29 Years,634,317,317,485,239,246,9,3,6,3,1,2,9,7,2,128,67,61
ERATH COUNTY,143,30 Years,526,291,235,392,212,180,6,2,4,4,1,3,4,3,1,120,73,47
ERATH COUNTY,143,31 Years,446,256,190,288,166,122,3,2,1,3,1,2,8,5,3,144,82,62
ERATH COUNTY,143,32 Years,415,232,183,251,154,97,4,3,1,4,2,2,5,3,2,151,70,81
ERATH COUNTY,143,33 Years,531,268,263,386,193,193,2,1,1,9,5,4,4,2,2,130,67,63
ERATH COUNTY,143,34 Years,581,290,291,443,219,224,2,1,1,8,2,6,3,1,2,125,67,58
ERATH COUNTY,143,35 Years,606,324,282,441,242,199,2,2,0,5,2,3,6,3,3,152,75,77
ERATH COUNTY,143,36 Years,522,288,234,393,206,187,3,2,1,2,1,1,3,1,2,121,78,43
ERATH COUNTY,143,37 Years,529,260,269,383,188,195,2,1,1,3,1,2,7,3,4,134,67,67
ERATH COUNTY,143,38 Years,436,205,231,333,157,176,5,4,1,5,3,2,4,3,1,89,38,51
ERATH COUNTY,143,39 Years,435,234,201,327,178,149,7,5,2,4,3,1,8,4,4,89,44,45
ERATH COUNTY,143,40 Years,449,236,213,348,186,162,6,4,2,4,2,2,6,0,6,85,44,41
ERATH COUNTY,143,41 Years,427,210,217,326,161,165,3,1,2,3,1,2,9,2,7,86,45,41
ERATH COUNTY,143,42 Years,419,214,205,336,168,168,1,0,1,4,2,2,1,0,1,77,44,33
ERATH COUNTY,143,43 Years,419,210,209,319,159,160,4,2,2,7,2,5,4,4,0,85,43,42
ERATH COUNTY,143,44 Years,402,192,210,310,156,154,4,3,1,4,2,2,4,1,3,80,30,50
ERATH COUNTY,143,45 Years,427,200,227,327,165,162,4,1,3,2,1,1,4,2,2,90,31,59
ERATH COUNTY,143,46 Years,442,210,232,340,164,176,1,1,0,4,2,2,4,3,1,93,40,53
ERATH COUNTY,143,47 Years,470,229,241,341,168,173,2,0,2,5,3,2,10,5,5,112,53,59
ERATH COUNTY,143,48 Years,436,215,221,324,159,165,5,1,4,4,1,3,10,3,7,93,51,42
ERATH COUNTY,143,49 Years,439,228,211,327,160,167,4,3,1,4,3,1,4,2,2,100,60,40
ERATH COUNTY,143,50 Years,393,203,190,294,142,152,2,2,0,2,1,1,6,3,3,89,55,34
ERATH COUNTY,143,51 Years,407,193,214,287,127,160,5,2,3,2,2,0,8,4,4,105,58,47
ERATH COUNTY,143,52 Years,468,240,228,339,163,176,1,1,0,4,3,1,7,4,3,117,69,48
ERATH COUNTY,143,53 Years,486,243,243,364,170,194,4,4,0,2,1,1,12,4,8,104,64,40
ERATH COUNTY,143,54 Years,492,252,240,376,182,194,1,1,0,4,2,2,8,5,3,103,62,41
ERATH COUNTY,143,55 Years,513,260,253,400,196,204,3,3,0,5,4,1,5,2,3,100,55,45
ERATH COUNTY,143,56 Years,496,241,255,401,191,210,2,1,1,4,3,1,2,0,2,87,46,41
ERATH COUNTY,143,57 Years,482,252,230,396,199,197,2,2,0,4,2,2,2,2,0,78,47,31
ERATH COUNTY,143,58 Years,470,238,232,395,192,203,0,0,0,2,1,1,5,3,2,68,42,26
ERATH COUNTY,143,59 Years,453,225,228,372,174,198,0,0,0,0,0,0,9,4,5,72,47,25
ERATH COUNTY,143,60 Years,469,244,225,381,186,195,1,1,0,2,2,0,6,4,2,79,51,28
ERATH COUNTY,143,61 Years,448,221,227,382,178,204,1,1,0,3,2,1,4,4,0,58,36,22
ERATH COUNTY,143,62 Years,414,226,188,353,184,169,0,0,0,4,1,3,10,9,1,47,32,15
ERATH COUNTY,143,63 Years,410,208,202,347,170,177,1,1,0,5,3,2,10,7,3,47,27,20
ERATH COUNTY,143,64 Years,421,180,241,363,153,210,2,1,1,2,1,1,9,5,4,45,20,25
ERATH COUNTY,143,65 Years,399,184,215,355,162,193,3,2,1,2,1,1,6,3,3,33,16,17
ERATH COUNTY,143,66 Years,385,184,201,339,157,182,1,1,0,4,1,3,6,4,2,35,21,14
ERATH COUNTY,143,67 Years,394,188,206,340,159,181,0,0,0,3,1,2,14,6,8,37,22,15
ERATH COUNTY,143,68 Years,369,182,187,328,159,169,0,0,0,1,0,1,10,4,6,30,19,11
ERATH COUNTY,143,69 Years,384,191,193,339,168,171,0,0,0,2,1,1,9,4,5,34,18,16
ERATH COUNTY,143,70 Years,380,180,200,350,163,187,1,1,0,0,0,0,6,3,3,23,13,10
ERATH COUNTY,143,71 Years,315,149,166,278,130,148,1,0,1,0,0,0,8,5,3,28,14,14
ERATH COUNTY,143,72 Years,305,146,159,277,132,145,0,0,0,2,1,1,4,2,2,22,11,11
ERATH COUNTY,143,73 Years,304,150,154,285,141,144,1,1,0,0,0,0,2,0,2,16,8,8
ERATH COUNTY,143,74 Years,277,134,143,256,122,134,0,0,0,0,0,0,6,5,1,15,7,8
ERATH COUNTY,143,75 Years,246,115,131,232,108,124,0,0,0,0,0,0,3,3,0,11,4,7
ERATH COUNTY,143,76 Years,240,115,125,226,109,117,0,0,0,0,0,0,4,1,3,10,5,5
ERATH COUNTY,143,77 Years,217,106,111,205,100,105,0,0,0,1,1,0,5,2,3,6,3,3
ERATH COUNTY,143,78 Years,189,88,101,175,82,93,1,0,1,0,0,0,3,1,2,10,5,5
ERATH COUNTY,143,79 Years,197,89,108,180,80,100,2,2,0,0,0,0,3,1,2,12,6,6
ERATH COUNTY,143,80 Years,175,76,99,160,70,90,1,1,0,1,0,1,1,1,0,12,4,8
ERATH COUNTY,143,81 Years,174,79,95,166,76,90,0,0,0,1,0,1,1,0,1,6,3,3
ERATH COUNTY,143,82 Years,163,71,92,152,68,84,0,0,0,1,0,1,1,0,1,9,3,6
ERATH COUNTY,143,83 Years,147,52,95,138,50,88,0,0,0,0,0,0,3,0,3,6,2,4
ERATH COUNTY,143,84 Years,138,53,85,131,51,80,0,0,0,0,0,0,2,1,1,5,1,4
ERATH COUNTY,143,85 Years,127,53,74,118,48,70,0,0,0,0,0,0,3,2,1,6,3,3
ERATH COUNTY,143,86 Years,114,46,68,108,42,66,0,0,0,0,0,0,2,1,1,4,3,1
ERATH COUNTY,143,87 Years,86,31,55,84,30,54,0,0,0,0,0,0,0,0,0,2,1,1
ERATH COUNTY,143,88 Years,87,27,60,81,25,56,0,0,0,0,0,0,1,0,1,5,2,3
ERATH COUNTY,143,89 Years,73,28,45,67,25,42,0,0,0,1,0,1,0,0,0,5,3,2
ERATH COUNTY,143,90 Years,58,21,37,55,19,36,0,0,0,1,0,1,0,0,0,2,2,0
ERATH COUNTY,143,91 Years,57,18,39,52,17,35,0,0,0,0,0,0,1,1,0,4,0,4
ERATH COUNTY,143,92 Years,46,14,32,41,12,29,0,0,0,1,1,0,0,0,0,4,1,3
ERATH COUNTY,143,93 Years,38,13,25,32,11,21,0,0,0,1,1,0,0,0,0,5,1,4
ERATH COUNTY,143,94 Years,28,9,19,23,8,15,1,0,1,0,0,0,0,0,0,4,1,3
ERATH COUNTY,143,95 Years +,65,15,50,56,12,44,0,0,0,0,0,0,2,0,2,7,3,4
FALLS COUNTY,145,All Ages,17366,8284,9082,8887,4242,4645,4025,1781,2244,56,21,35,360,190,170,4038,2050,1988
FALLS COUNTY,145,< 1 Year,209,109,100,74,37,37,60,32,28,1,0,1,12,6,6,62,34,28
FALLS COUNTY,145,1 Years,197,97,100,71,32,39,52,27,25,1,0,1,14,8,6,59,30,29
FALLS COUNTY,145,2 Years,205,102,103,73,34,39,52,27,25,2,1,1,13,6,7,65,34,31
FALLS COUNTY,145,3 Years,191,98,93,66,30,36,47,25,22,1,1,0,15,9,6,62,33,29
FALLS COUNTY,145,4 Years,187,99,88,61,31,30,50,25,25,1,1,0,15,8,7,60,34,26
FALLS COUNTY,145,5 Years,181,96,85,61,31,30,48,25,23,1,1,0,15,8,7,56,31,25
FALLS COUNTY,145,6 Years,170,84,86,58,28,30,47,23,24,0,0,0,13,6,7,52,27,25
FALLS COUNTY,145,7 Years,187,95,92,66,31,35,49,28,21,0,0,0,12,3,9,60,33,27
FALLS COUNTY,145,8 Years,181,98,83,68,36,32,52,29,23,0,0,0,8,3,5,53,30,23
FALLS COUNTY,145,9 Years,197,95,102,79,36,43,49,25,24,1,0,1,8,5,3,60,29,31
FALLS COUNTY,145,10 Years,198,108,90,75,40,35,48,24,24,0,0,0,5,2,3,70,42,28
FALLS COUNTY,145,11 Years,210,106,104,89,45,44,44,20,24,0,0,0,4,3,1,73,38,35
FALLS COUNTY,145,12 Years,194,99,95,84,42,42,41,17,24,0,0,0,8,6,2,61,34,27
FALLS COUNTY,145,13 Years,209,116,93,85,51,34,51,23,28,1,1,0,6,5,1,66,36,30
FALLS COUNTY,145,14 Years,204,107,97,92,49,43,43,23,20,1,1,0,4,3,1,64,31,33
FALLS COUNTY,145,15 Years,202,103,99,91,49,42,38,19,19,0,0,0,7,4,3,66,31,35
FALLS COUNTY,145,16 Years,207,105,102,94,57,37,42,15,27,0,0,0,5,2,3,66,31,35
FALLS COUNTY,145,17 Years,223,115,108,101,54,47,45,20,25,1,0,1,5,2,3,71,39,32
FALLS COUNTY,145,18 Years,214,112,102,95,51,44,48,25,23,0,0,0,6,5,1,65,31,34
FALLS COUNTY,145,19 Years,199,114,85,88,51,37,45,25,20,0,0,0,9,7,2,57,31,26
FALLS COUNTY,145,20 Years,235,125,110,96,55,41,51,24,27,1,0,1,10,4,6,77,42,35
FALLS COUNTY,145,21 Years,235,126,109,87,46,41,61,29,32,1,0,1,8,4,4,78,47,31
FALLS COUNTY,145,22 Years,238,127,111,94,48,46,68,36,32,1,0,1,5,3,2,70,40,30
FALLS COUNTY,145,23 Years,239,118,121,102,52,50,68,31,37,0,0,0,9,5,4,60,30,30
FALLS COUNTY,145,24 Years,261,132,129,102,52,50,86,42,44,0,0,0,11,8,3,62,30,32
FALLS COUNTY,145,25 Years,274,131,143,110,54,56,81,35,46,0,0,0,6,3,3,77,39,38
FALLS COUNTY,145,26 Years,276,136,140,112,50,62,78,37,41,0,0,0,5,2,3,81,47,34
FALLS COUNTY,145,27 Years,261,125,136,104,51,53,75,32,43,1,0,1,3,1,2,78,41,37
FALLS COUNTY,145,28 Years,257,122,135,106,52,54,81,32,49,0,0,0,0,0,0,70,38,32
FALLS COUNTY,145,29 Years,266,128,138,105,49,56,84,38,46,1,1,0,4,3,1,72,37,35
FALLS COUNTY,145,30 Years,272,122,150,113,48,65,80,36,44,1,1,0,2,2,0,76,35,41
FALLS COUNTY,145,31 Years,270,117,153,106,45,61,76,33,43,2,1,1,3,1,2,83,37,46
FALLS COUNTY,145,32 Years,254,108,146,111,49,62,64,24,40,1,0,1,5,1,4,73,34,39
FALLS COUNTY,145,33 Years,231,99,132,106,43,63,67,27,40,1,0,1,1,1,0,56,28,28
FALLS COUNTY,145,34 Years,226,93,133,105,41,64,59,21,38,0,0,0,3,0,3,59,31,28
FALLS COUNTY,145,35 Years,218,88,130,100,36,64,62,23,39,0,0,0,0,0,0,56,29,27
FALLS COUNTY,145,36 Years,221,93,128,100,40,60,60,23,37,0,0,0,1,0,1,60,30,30
FALLS COUNTY,145,37 Years,228,99,129,110,46,64,60,23,37,0,0,0,2,2,0,56,28,28
FALLS COUNTY,145,38 Years,234,108,126,116,54,62,59,24,35,0,0,0,5,1,4,54,29,25
FALLS COUNTY,145,39 Years,204,79,125,106,42,64,50,16,34,0,0,0,2,2,0,46,19,27
FALLS COUNTY,145,40 Years,195,80,115,94,38,56,50,19,31,2,0,2,2,1,1,47,22,25
FALLS COUNTY,145,41 Years,186,77,109,93,41,52,41,12,29,2,1,1,0,0,0,50,23,27
FALLS COUNTY,145,42 Years,197,74,123,91,34,57,50,16,34,2,0,2,2,1,1,52,23,29
FALLS COUNTY,145,43 Years,201,78,123,89,38,51,52,15,37,2,1,1,2,1,1,56,23,33
FALLS COUNTY,145,44 Years,210,89,121,103,46,57,51,20,31,1,0,1,1,0,1,54,23,31
FALLS COUNTY,145,45 Years,195,83,112,95,43,52,51,19,32,1,0,1,5,3,2,43,18,25
FALLS COUNTY,145,46 Years,209,92,117,96,45,51,53,20,33,1,0,1,1,0,1,58,27,31
FALLS COUNTY,145,47 Years,214,94,120,104,48,56,54,19,35,1,1,0,3,0,3,52,26,26
FALLS COUNTY,145,48 Years,193,91,102,101,48,53,47,18,29,1,1,0,1,1,0,43,23,20
FALLS COUNTY,145,49 Years,200,88,112,111,51,60,46,17,29,2,1,1,3,0,3,38,19,19
FALLS COUNTY,145,50 Years,210,93,117,100,47,53,58,19,39,1,0,1,1,1,0,50,26,24
FALLS COUNTY,145,51 Years,214,100,114,109,52,57,53,22,31,0,0,0,2,0,2,50,26,24
FALLS COUNTY,145,52 Years,229,99,130,121,56,65,57,21,36,0,0,0,2,1,1,49,21,28
FALLS COUNTY,145,53 Years,239,110,129,129,63,66,62,29,33,1,1,0,1,0,1,46,17,29
FALLS COUNTY,145,54 Years,234,100,134,133,58,75,54,23,31,0,0,0,2,1,1,45,18,27
FALLS COUNTY,145,55 Years,217,100,117,135,64,71,42,16,26,2,0,2,2,1,1,36,19,17
FALLS COUNTY,145,56 Years,206,102,104,141,72,69,35,14,21,1,0,1,1,0,1,28,16,12
FALLS COUNTY,145,57 Years,231,114,117,155,73,82,38,17,21,1,1,0,3,1,2,34,22,12
FALLS COUNTY,145,58 Years,208,96,112,140,66,74,41,15,26,0,0,0,0,0,0,27,15,12
FALLS COUNTY,145,59 Years,235,114,121,153,80,73,41,15,26,1,0,1,2,2,0,38,17,21
FALLS COUNTY,145,60 Years,221,106,115,135,68,67,45,22,23,0,0,0,0,0,0,41,16,25
FALLS COUNTY,145,61 Years,215,109,106,138,73,65,45,25,20,0,0,0,2,2,0,30,9,21
FALLS COUNTY,145,62 Years,220,110,110,142,67,75,39,21,18,1,0,1,2,1,1,36,21,15
FALLS COUNTY,145,63 Years,220,117,103,145,73,72,41,22,19,0,0,0,1,1,0,33,21,12
FALLS COUNTY,145,64 Years,204,107,97,134,72,62,42,18,24,0,0,0,1,1,0,27,16,11
FALLS COUNTY,145,65 Years,189,87,102,137,65,72,31,12,19,0,0,0,0,0,0,21,10,11
FALLS COUNTY,145,66 Years,191,99,92,129,66,63,30,15,15,1,1,0,1,1,0,30,16,14
FALLS COUNTY,145,67 Years,190,97,93,133,65,68,27,15,12,0,0,0,2,0,2,28,17,11
FALLS COUNTY,145,68 Years,182,93,89,129,66,63,26,13,13,1,1,0,2,1,1,24,12,12
FALLS COUNTY,145,69 Years,173,83,90,126,63,63,25,10,15,0,0,0,2,1,1,20,9,11
FALLS COUNTY,145,70 Years,163,78,85,118,57,61,25,11,14,1,0,1,2,1,1,17,9,8
FALLS COUNTY,145,71 Years,153,81,72,100,50,50,27,16,11,1,0,1,2,2,0,23,13,10
FALLS COUNTY,145,72 Years,146,67,79,106,50,56,23,10,13,1,0,1,2,1,1,14,6,8
FALLS COUNTY,145,73 Years,144,72,72,99,49,50,20,9,11,1,0,1,5,3,2,19,11,8
FALLS COUNTY,145,74 Years,140,74,66,97,50,47,21,12,9,1,0,1,5,3,2,16,9,7
FALLS COUNTY,145,75 Years,137,67,70,92,42,50,21,12,9,1,1,0,4,3,1,19,9,10
FALLS COUNTY,145,76 Years,141,63,78,106,44,62,20,12,8,0,0,0,3,0,3,12,7,5
FALLS COUNTY,145,77 Years,109,55,54,74,35,39,22,12,10,0,0,0,2,1,1,11,7,4
FALLS COUNTY,145,78 Years,119,57,62,86,41,45,18,9,9,1,0,1,5,3,2,9,4,5
FALLS COUNTY,145,79 Years,106,49,57,75,33,42,15,9,6,1,0,1,3,1,2,12,6,6
FALLS COUNTY,145,80 Years,101,53,48,74,36,38,12,6,6,1,1,0,1,1,0,13,9,4
FALLS COUNTY,145,81 Years,92,52,40,71,38,33,12,7,5,1,1,0,1,1,0,7,5,2
FALLS COUNTY,145,82 Years,81,39,42,60,30,30,13,7,6,0,0,0,1,0,1,7,2,5
FALLS COUNTY,145,83 Years,86,35,51,58,24,34,17,6,11,0,0,0,1,0,1,10,5,5
FALLS COUNTY,145,84 Years,82,39,43,56,25,31,13,6,7,0,0,0,1,1,0,12,7,5
FALLS COUNTY,145,85 Years,71,33,38,52,23,29,11,5,6,0,0,0,1,1,0,7,4,3
FALLS COUNTY,145,86 Years,65,24,41,44,17,27,15,5,10,0,0,0,0,0,0,6,2,4
FALLS COUNTY,145,87 Years,61,23,38,42,18,24,10,2,8,0,0,0,1,1,0,8,2,6
FALLS COUNTY,145,88 Years,39,16,23,26,12,14,7,2,5,0,0,0,1,1,0,5,1,4
FALLS COUNTY,145,89 Years,46,21,25,29,13,16,11,5,6,0,0,0,1,0,1,5,3,2
FALLS COUNTY,145,90 Years,39,16,23,25,10,15,9,4,5,0,0,0,0,0,0,5,2,3
FALLS COUNTY,145,91 Years,34,14,20,22,10,12,7,3,4,0,0,0,0,0,0,5,1,4
FALLS COUNTY,145,92 Years,29,10,19,19,7,12,7,2,5,0,0,0,0,0,0,3,1,2
FALLS COUNTY,145,93 Years,23,8,15,14,5,9,6,2,4,0,0,0,0,0,0,3,1,2
FALLS COUNTY,145,94 Years,21,7,14,13,5,8,5,2,3,0,0,0,0,0,0,3,0,3
FALLS COUNTY,145,95 Years +,45,15,30,26,9,17,10,3,7,0,0,0,0,0,0,9,3,6
FANNIN COUNTY,147,All Ages,35340,18756,16584,27712,14153,13559,2404,1620,784,137,65,72,1041,513,528,4046,2405,1641
FANNIN COUNTY,147,< 1 Year,415,212,203,280,148,132,15,2,13,4,1,3,32,13,19,84,48,36
FANNIN COUNTY,147,1 Years,403,209,194,274,143,131,18,5,13,3,1,2,28,13,15,80,47,33
FANNIN COUNTY,147,2 Years,402,212,190,278,144,134,15,5,10,2,1,1,25,14,11,82,48,34
FANNIN COUNTY,147,3 Years,383,201,182,263,132,131,19,8,11,2,1,1,21,13,8,78,47,31
FANNIN COUNTY,147,4 Years,374,194,180,252,126,126,18,8,10,1,1,0,20,11,9,83,48,35
FANNIN COUNTY,147,5 Years,375,191,184,251,126,125,22,10,12,3,2,1,18,7,11,81,46,35
FANNIN COUNTY,147,6 Years,382,189,193,259,128,131,17,8,9,3,2,1,19,8,11,84,43,41
FANNIN COUNTY,147,7 Years,424,215,209,294,159,135,22,8,14,0,0,0,23,15,8,85,33,52
FANNIN COUNTY,147,8 Years,403,205,198,285,152,133,17,6,11,1,1,0,31,15,16,69,31,38
FANNIN COUNTY,147,9 Years,381,186,195,270,135,135,12,7,5,1,0,1,26,10,16,72,34,38
FANNIN COUNTY,147,10 Years,412,214,198,290,147,143,16,11,5,1,1,0,20,14,6,85,41,44
FANNIN COUNTY,147,11 Years,423,208,215,308,154,154,16,8,8,1,1,0,22,10,12,76,35,41
FANNIN COUNTY,147,12 Years,430,216,214,322,163,159,26,14,12,1,0,1,15,7,8,66,32,34
FANNIN COUNTY,147,13 Years,422,216,206,303,155,148,27,18,9,1,0,1,19,9,10,72,34,38
FANNIN COUNTY,147,14 Years,410,205,205,302,154,148,27,11,16,0,0,0,17,7,10,64,33,31
FANNIN COUNTY,147,15 Years,393,203,190,282,139,143,32,19,13,1,1,0,19,8,11,59,36,23
FANNIN COUNTY,147,16 Years,393,206,187,275,140,135,32,20,12,4,3,1,15,7,8,67,36,31
FANNIN COUNTY,147,17 Years,414,221,193,289,148,141,30,19,11,1,1,0,21,11,10,73,42,31
FANNIN COUNTY,147,18 Years,385,218,167,262,142,120,37,28,9,4,2,2,19,14,5,63,32,31
FANNIN COUNTY,147,19 Years,351,191,160,245,128,117,31,21,10,1,0,1,21,12,9,53,30,23
FANNIN COUNTY,147,20 Years,392,232,160,259,151,108,34,25,9,4,1,3,23,16,7,72,39,33
FANNIN COUNTY,147,21 Years,374,219,155,243,141,102,41,29,12,2,1,1,17,9,8,71,39,32
FANNIN COUNTY,147,22 Years,398,235,163,261,147,114,42,34,8,1,0,1,18,13,5,76,41,35
FANNIN COUNTY,147,23 Years,436,254,182,291,160,131,45,34,11,1,0,1,21,13,8,78,47,31
FANNIN COUNTY,147,24 Years,445,271,174,310,180,130,42,31,11,2,1,1,18,12,6,73,47,26
FANNIN COUNTY,147,25 Years,482,283,199,340,187,153,53,40,13,2,0,2,14,7,7,73,49,24
FANNIN COUNTY,147,26 Years,484,289,195,335,189,146,54,41,13,1,0,1,10,6,4,84,53,31
FANNIN COUNTY,147,27 Years,491,287,204,355,193,162,56,46,10,4,3,1,5,2,3,71,43,28
FANNIN COUNTY,147,28 Years,470,266,204,334,169,165,53,44,9,2,2,0,12,5,7,69,46,23
FANNIN COUNTY,147,29 Years,438,268,170,313,174,139,48,41,7,4,3,1,9,3,6,64,47,17
FANNIN COUNTY,147,30 Years,401,254,147,279,162,117,47,40,7,2,2,0,10,4,6,63,46,17
FANNIN COUNTY,147,31 Years,424,252,172,300,163,137,44,37,7,1,1,0,6,1,5,73,50,23
FANNIN COUNTY,147,32 Years,419,247,172,294,159,135,42,30,12,1,0,1,8,4,4,74,54,20
FANNIN COUNTY,147,33 Years,416,245,171,295,156,139,45,35,10,1,0,1,8,3,5,67,51,16
FANNIN COUNTY,147,34 Years,455,267,188,341,183,158,46,36,10,1,1,0,6,4,2,61,43,18
FANNIN COUNTY,147,35 Years,426,256,170,304,167,137,48,37,11,2,1,1,11,8,3,61,43,18
FANNIN COUNTY,147,36 Years,446,259,187,338,181,157,38,31,7,0,0,0,5,1,4,65,46,19
FANNIN COUNTY,147,37 Years,444,257,187,328,169,159,39,33,6,0,0,0,4,3,1,73,52,21
FANNIN COUNTY,147,38 Years,439,247,192,315,160,155,38,31,7,4,1,3,12,8,4,70,47,23
FANNIN COUNTY,147,39 Years,422,242,180,315,165,150,31,24,7,3,2,1,9,4,5,64,47,17
FANNIN COUNTY,147,40 Years,418,239,179,295,151,144,39,30,9,3,2,1,13,6,7,68,50,18
FANNIN COUNTY,147,41 Years,388,216,172,287,143,144,31,25,6,4,3,1,7,5,2,59,40,19
FANNIN COUNTY,147,42 Years,385,224,161,291,157,134,37,31,6,1,1,0,4,3,1,52,32,20
FANNIN COUNTY,147,43 Years,445,254,191,339,181,158,39,32,7,2,1,1,8,4,4,57,36,21
FANNIN COUNTY,147,44 Years,435,248,187,327,177,150,39,30,9,1,0,1,10,6,4,58,35,23
FANNIN COUNTY,147,45 Years,409,219,190,313,159,154,30,23,7,2,0,2,12,6,6,52,31,21
FANNIN COUNTY,147,46 Years,442,243,199,339,182,157,34,26,8,2,0,2,13,4,9,54,31,23
FANNIN COUNTY,147,47 Years,482,252,230,384,199,185,37,25,12,2,1,1,10,2,8,49,25,24
FANNIN COUNTY,147,48 Years,438,225,213,353,171,182,39,27,12,1,0,1,11,4,7,34,23,11
FANNIN COUNTY,147,49 Years,413,209,204,332,158,174,33,23,10,2,0,2,10,4,6,36,24,12
FANNIN COUNTY,147,50 Years,437,237,200,350,178,172,35,27,8,2,1,1,10,2,8,40,29,11
FANNIN COUNTY,147,51 Years,463,234,229,382,183,199,34,22,12,1,1,0,7,1,6,39,27,12
FANNIN COUNTY,147,52 Years,452,238,214,377,189,188,23,16,7,3,3,0,9,3,6,40,27,13
FANNIN COUNTY,147,53 Years,515,277,238,422,219,203,38,25,13,3,2,1,12,5,7,40,26,14
FANNIN COUNTY,147,54 Years,514,259,255,437,214,223,31,19,12,4,2,2,16,7,9,26,17,9
FANNIN COUNTY,147,55 Years,497,248,249,428,214,214,30,15,15,2,1,1,10,3,7,27,15,12
FANNIN COUNTY,147,56 Years,498,245,253,436,208,228,21,14,7,1,1,0,9,4,5,31,18,13
FANNIN COUNTY,147,57 Years,530,260,270,459,221,238,25,17,8,0,0,0,9,4,5,37,18,19
FANNIN COUNTY,147,58 Years,523,260,263,446,219,227,33,18,15,1,1,0,10,5,5,33,17,16
FANNIN COUNTY,147,59 Years,503,247,256,435,216,219,28,13,15,1,0,1,11,4,7,28,14,14
FANNIN COUNTY,147,60 Years,482,234,248,424,207,217,25,13,12,1,0,1,11,3,8,21,11,10
FANNIN COUNTY,147,61 Years,498,269,229,444,241,203,21,14,7,1,0,1,9,5,4,23,9,14
FANNIN COUNTY,147,62 Years,461,256,205,414,230,184,20,13,7,0,0,0,8,3,5,19,10,9
FANNIN COUNTY,147,63 Years,458,245,213,401,213,188,25,13,12,1,0,1,11,6,5,20,13,7
FANNIN COUNTY,147,64 Years,461,244,217,413,219,194,23,14,9,2,0,2,7,3,4,16,8,8
FANNIN COUNTY,147,65 Years,443,218,225,390,188,202,22,13,9,3,0,3,11,7,4,17,10,7
FANNIN COUNTY,147,66 Years,413,201,212,364,173,191,21,12,9,4,2,2,9,5,4,15,9,6
FANNIN COUNTY,147,67 Years,431,211,220,386,187,199,23,12,11,1,0,1,6,4,2,15,8,7
FANNIN COUNTY,147,68 Years,466,223,243,426,200,226,18,11,7,2,0,2,5,2,3,15,10,5
FANNIN COUNTY,147,69 Years,431,214,217,397,193,204,14,10,4,1,0,1,6,3,3,13,8,5
FANNIN COUNTY,147,70 Years,432,234,198,389,209,180,15,9,6,3,2,1,11,6,5,14,8,6
FANNIN COUNTY,147,71 Years,358,187,171,326,169,157,12,6,6,1,1,0,9,5,4,10,6,4
FANNIN COUNTY,147,72 Years,367,166,201,339,154,185,13,6,7,0,0,0,7,4,3,8,2,6
FANNIN COUNTY,147,73 Years,362,177,185,328,159,169,12,6,6,0,0,0,7,3,4,15,9,6
FANNIN COUNTY,147,74 Years,343,168,175,312,154,158,14,6,8,0,0,0,8,3,5,9,5,4
FANNIN COUNTY,147,75 Years,333,164,169,310,152,158,10,4,6,1,0,1,7,5,2,5,3,2
FANNIN COUNTY,147,76 Years,278,138,140,254,123,131,13,7,6,1,1,0,7,5,2,3,2,1
FANNIN COUNTY,147,77 Years,265,125,140,242,112,130,9,5,4,1,1,0,6,3,3,7,4,3
FANNIN COUNTY,147,78 Years,244,117,127,228,108,120,9,6,3,0,0,0,3,2,1,4,1,3
FANNIN COUNTY,147,79 Years,248,125,123,235,118,117,8,5,3,0,0,0,1,1,0,4,1,3
FANNIN COUNTY,147,80 Years,200,97,103,183,86,97,8,5,3,0,0,0,2,1,1,7,5,2
FANNIN COUNTY,147,81 Years,194,94,100,177,86,91,6,3,3,0,0,0,4,1,3,7,4,3
FANNIN COUNTY,147,82 Years,186,93,93,176,89,87,4,3,1,1,0,1,1,0,1,4,1,3
FANNIN COUNTY,147,83 Years,168,78,90,153,71,82,5,3,2,0,0,0,5,2,3,5,2,3
FANNIN COUNTY,147,84 Years,158,70,88,141,63,78,7,2,5,1,0,1,5,2,3,4,3,1
FANNIN COUNTY,147,85 Years,126,59,67,115,56,59,7,3,4,0,0,0,3,0,3,1,0,1
FANNIN COUNTY,147,86 Years,110,47,63,102,45,57,5,2,3,0,0,0,2,0,2,1,0,1
FANNIN COUNTY,147,87 Years,96,38,58,84,35,49,5,1,4,0,0,0,2,0,2,5,2,3
FANNIN COUNTY,147,88 Years,84,34,50,75,30,45,5,3,2,0,0,0,1,0,1,3,1,2
FANNIN COUNTY,147,89 Years,72,29,43,63,24,39,5,3,2,0,0,0,0,0,0,4,2,2
FANNIN COUNTY,147,90 Years,63,29,34,54,24,30,3,2,1,0,0,0,2,1,1,4,2,2
FANNIN COUNTY,147,91 Years,56,27,29,45,22,23,6,3,3,1,0,1,2,1,1,2,1,1
FANNIN COUNTY,147,92 Years,46,19,27,39,16,23,5,2,3,0,0,0,1,0,1,1,1,0
FANNIN COUNTY,147,93 Years,37,13,24,30,10,20,5,2,3,0,0,0,1,1,0,1,0,1
FANNIN COUNTY,147,94 Years,27,10,17,21,8,13,4,2,2,0,0,0,1,0,1,1,0,1
FANNIN COUNTY,147,95 Years +,79,27,52,66,21,45,6,3,3,0,0,0,2,0,2,5,3,2
FAYETTE COUNTY,149,All Ages,26023,12674,13349,18460,8914,9546,1780,870,910,69,28,41,349,167,182,5365,2695,2670
FAYETTE COUNTY,149,< 1 Year,271,143,128,158,84,74,26,13,13,0,0,0,10,5,5,77,41,36
FAYETTE COUNTY,149,1 Years,298,159,139,173,92,81,29,17,12,0,0,0,10,5,5,86,45,41
FAYETTE COUNTY,149,2 Years,305,156,149,172,89,83,28,17,11,0,0,0,9,3,6,96,47,49
FAYETTE COUNTY,149,3 Years,321,162,159,176,93,83,27,17,10,2,1,1,13,6,7,103,45,58
FAYETTE COUNTY,149,4 Years,298,153,145,164,89,75,22,12,10,3,1,2,12,6,6,97,45,52
FAYETTE COUNTY,149,5 Years,306,151,155,174,92,82,22,10,12,1,0,1,14,4,10,95,45,50
FAYETTE COUNTY,149,6 Years,302,153,149,170,85,85,23,8,15,0,0,0,7,3,4,102,57,45
FAYETTE COUNTY,149,7 Years,354,195,159,197,105,92,28,15,13,1,1,0,7,6,1,121,68,53
FAYETTE COUNTY,149,8 Years,313,153,160,149,74,75,25,11,14,1,1,0,7,1,6,131,66,65
FAYETTE COUNTY,149,9 Years,309,158,151,156,80,76,19,8,11,1,1,0,6,3,3,127,66,61
FAYETTE COUNTY,149,10 Years,308,153,155,155,78,77,20,11,9,1,1,0,4,2,2,128,61,67
FAYETTE COUNTY,149,11 Years,305,143,162,154,72,82,21,12,9,1,1,0,3,1,2,126,57,69
FAYETTE COUNTY,149,12 Years,321,171,150,156,86,70,29,12,17,1,1,0,4,3,1,131,69,62
FAYETTE COUNTY,149,13 Years,305,150,155,149,71,78,37,16,21,1,0,1,7,3,4,111,60,51
FAYETTE COUNTY,149,14 Years,337,167,170,198,105,93,31,13,18,2,1,1,9,5,4,97,43,54
FAYETTE COUNTY,149,15 Years,314,144,170,180,83,97,30,15,15,1,0,1,8,4,4,95,42,53
FAYETTE COUNTY,149,16 Years,334,167,167,195,99,96,27,15,12,1,0,1,5,1,4,106,52,54
FAYETTE COUNTY,149,17 Years,332,164,168,208,105,103,25,10,15,4,1,3,5,2,3,90,46,44
FAYETTE COUNTY,149,18 Years,304,135,169,170,77,93,31,15,16,1,0,1,8,2,6,94,41,53
FAYETTE COUNTY,149,19 Years,299,157,142,185,96,89,26,14,12,1,1,0,6,3,3,81,43,38
FAYETTE COUNTY,149,20 Years,304,160,144,205,108,97,25,13,12,1,1,0,6,4,2,67,34,33
FAYETTE COUNTY,149,21 Years,330,180,150,212,117,95,25,15,10,0,0,0,7,3,4,86,45,41
FAYETTE COUNTY,149,22 Years,318,154,164,206,104,102,21,9,12,0,0,0,6,4,2,85,37,48
FAYETTE COUNTY,149,23 Years,293,146,147,203,104,99,21,8,13,0,0,0,3,3,0,66,31,35
FAYETTE COUNTY,149,24 Years,308,146,162,204,98,106,28,15,13,2,2,0,4,2,2,70,29,41
FAYETTE COUNTY,149,25 Years,309,165,144,204,115,89,32,16,16,0,0,0,4,1,3,69,33,36
FAYETTE COUNTY,149,26 Years,243,128,115,149,82,67,21,9,12,0,0,0,7,5,2,66,32,34
FAYETTE COUNTY,149,27 Years,211,105,106,114,61,53,21,12,9,0,0,0,3,1,2,73,31,42
FAYETTE COUNTY,149,28 Years,246,112,134,143,64,79,20,12,8,1,1,0,4,3,1,78,32,46
FAYETTE COUNTY,149,29 Years,217,92,125,137,50,87,17,11,6,0,0,0,3,2,1,60,29,31
FAYETTE COUNTY,149,30 Years,224,105,119,139,57,82,16,11,5,1,0,1,2,1,1,66,36,30
FAYETTE COUNTY,149,31 Years,228,113,115,140,65,75,15,7,8,0,0,0,3,1,2,70,40,30
FAYETTE COUNTY,149,32 Years,239,114,125,141,67,74,16,6,10,0,0,0,6,2,4,76,39,37
FAYETTE COUNTY,149,33 Years,238,111,127,142,62,80,16,6,10,0,0,0,6,4,2,74,39,35
FAYETTE COUNTY,149,34 Years,249,116,133,146,65,81,25,9,16,1,0,1,5,4,1,72,38,34
FAYETTE COUNTY,149,35 Years,260,125,135,150,75,75,21,10,11,0,0,0,4,3,1,85,37,48
FAYETTE COUNTY,149,36 Years,259,120,139,170,79,91,16,8,8,0,0,0,3,2,1,70,31,39
FAYETTE COUNTY,149,37 Years,258,130,128,164,78,86,25,15,10,0,0,0,3,1,2,66,36,30
FAYETTE COUNTY,149,38 Years,245,119,126,169,81,88,17,9,8,1,0,1,2,1,1,56,28,28
FAYETTE COUNTY,149,39 Years,244,122,122,158,74,84,20,13,7,0,0,0,0,0,0,66,35,31
FAYETTE COUNTY,149,40 Years,233,112,121,146,67,79,20,12,8,3,0,3,2,2,0,62,31,31
FAYETTE COUNTY,149,41 Years,253,132,121,158,81,77,16,7,9,1,0,1,1,1,0,77,43,34
FAYETTE COUNTY,149,42 Years,261,138,123,157,77,80,11,6,5,0,0,0,5,3,2,88,52,36
FAYETTE COUNTY,149,43 Years,228,121,107,137,73,64,14,6,8,1,0,1,3,2,1,73,40,33
FAYETTE COUNTY,149,44 Years,271,130,141,170,83,87,24,12,12,2,1,1,1,1,0,74,33,41
FAYETTE COUNTY,149,45 Years,251,133,118,168,88,80,17,11,6,0,0,0,2,2,0,64,32,32
FAYETTE COUNTY,149,46 Years,258,129,129,178,87,91,18,9,9,0,0,0,1,1,0,61,32,29
FAYETTE COUNTY,149,47 Years,263,129,134,190,96,94,12,5,7,1,1,0,1,0,1,59,27,32
FAYETTE COUNTY,149,48 Years,258,121,137,192,87,105,10,5,5,2,1,1,2,0,2,52,28,24
FAYETTE COUNTY,149,49 Years,289,125,164,203,88,115,12,6,6,1,1,0,3,1,2,70,29,41
FAYETTE COUNTY,149,50 Years,256,124,132,188,95,93,13,6,7,0,0,0,4,1,3,51,22,29
FAYETTE COUNTY,149,51 Years,304,154,150,205,99,106,18,8,10,2,0,2,3,1,2,76,46,30
FAYETTE COUNTY,149,52 Years,346,159,187,245,107,138,28,13,15,4,2,2,5,2,3,64,35,29
FAYETTE COUNTY,149,53 Years,356,172,184,277,134,143,24,12,12,2,0,2,3,1,2,50,25,25
FAYETTE COUNTY,149,54 Years,379,180,199,300,145,155,21,11,10,0,0,0,3,0,3,55,24,31
FAYETTE COUNTY,149,55 Years,399,188,211,313,142,171,22,11,11,1,0,1,1,0,1,62,35,27
FAYETTE COUNTY,149,56 Years,410,208,202,328,169,159,26,11,15,1,0,1,1,0,1,54,28,26
FAYETTE COUNTY,149,57 Years,393,197,196,318,158,160,22,11,11,1,0,1,2,0,2,50,28,22
FAYETTE COUNTY,149,58 Years,388,185,203,317,150,167,23,11,12,2,1,1,2,0,2,44,23,21
FAYETTE COUNTY,149,59 Years,387,183,204,314,144,170,23,13,10,1,0,1,3,1,2,46,25,21
FAYETTE COUNTY,149,60 Years,377,188,189,310,150,160,20,13,7,1,1,0,4,2,2,42,22,20
FAYETTE COUNTY,149,61 Years,413,207,206,341,175,166,26,12,14,1,0,1,3,1,2,42,19,23
FAYETTE COUNTY,149,62 Years,427,211,216,348,174,174,27,7,20,1,1,0,5,4,1,46,25,21
FAYETTE COUNTY,149,63 Years,425,201,224,354,161,193,27,14,13,1,1,0,3,2,1,40,23,17
FAYETTE COUNTY,149,64 Years,396,181,215,331,154,177,28,12,16,1,1,0,3,1,2,33,13,20
FAYETTE COUNTY,149,65 Years,366,180,186,304,150,154,27,11,16,0,0,0,3,2,1,32,17,15
FAYETTE COUNTY,149,66 Years,354,186,168,296,156,140,23,10,13,0,0,0,2,1,1,33,19,14
FAYETTE COUNTY,149,67 Years,354,176,178,300,145,155,18,8,10,0,0,0,1,1,0,35,22,13
FAYETTE COUNTY,149,68 Years,365,174,191,320,148,172,15,10,5,0,0,0,2,1,1,28,15,13
FAYETTE COUNTY,149,69 Years,337,176,161,302,158,144,13,5,8,1,0,1,3,3,0,18,10,8
FAYETTE COUNTY,149,70 Years,359,173,186,320,150,170,13,6,7,0,0,0,5,3,2,21,14,7
FAYETTE COUNTY,149,71 Years,311,149,162,270,128,142,14,7,7,0,0,0,4,3,1,23,11,12
FAYETTE COUNTY,149,72 Years,296,150,146,255,128,127,15,8,7,0,0,0,4,1,3,22,13,9
FAYETTE COUNTY,149,73 Years,315,142,173,279,124,155,13,8,5,2,0,2,2,1,1,19,9,10
FAYETTE COUNTY,149,74 Years,296,138,158,258,120,138,12,7,5,1,0,1,4,2,2,21,9,12
FAYETTE COUNTY,149,75 Years,273,150,123,235,131,104,15,7,8,1,0,1,3,1,2,19,11,8
FAYETTE COUNTY,149,76 Years,241,114,127,209,97,112,15,9,6,0,0,0,2,0,2,15,8,7
FAYETTE COUNTY,149,77 Years,240,114,126,214,101,113,13,6,7,0,0,0,2,0,2,11,7,4
FAYETTE COUNTY,149,78 Years,244,117,127,222,102,120,14,10,4,1,1,0,1,1,0,6,3,3
FAYETTE COUNTY,149,79 Years,230,114,116,204,99,105,9,7,2,1,1,0,0,0,0,16,7,9
FAYETTE COUNTY,149,80 Years,214,107,107,190,95,95,8,5,3,0,0,0,0,0,0,16,7,9
FAYETTE COUNTY,149,81 Years,185,92,93,172,84,88,3,2,1,0,0,0,1,0,1,9,6,3
FAYETTE COUNTY,149,82 Years,166,72,94,151,66,85,7,1,6,0,0,0,0,0,0,8,5,3
FAYETTE COUNTY,149,83 Years,150,61,89,132,53,79,10,4,6,1,0,1,1,1,0,6,3,3
FAYETTE COUNTY,149,84 Years,136,53,83,115,46,69,14,3,11,0,0,0,0,0,0,7,4,3
FAYETTE COUNTY,149,85 Years,132,55,77,116,51,65,10,2,8,0,0,0,0,0,0,6,2,4
FAYETTE COUNTY,149,86 Years,112,43,69,100,38,62,9,3,6,0,0,0,0,0,0,3,2,1
FAYETTE COUNTY,149,87 Years,109,42,67,99,39,60,5,1,4,0,0,0,1,0,1,4,2,2
FAYETTE COUNTY,149,88 Years,104,42,62,89,35,54,6,2,4,0,0,0,2,1,1,7,4,3
FAYETTE COUNTY,149,89 Years,87,35,52,74,29,45,5,2,3,0,0,0,1,0,1,7,4,3
FAYETTE COUNTY,149,90 Years,72,31,41,60,24,36,5,2,3,0,0,0,2,1,1,5,4,1
FAYETTE COUNTY,149,91 Years,69,17,52,59,16,43,4,0,4,1,0,1,1,0,1,4,1,3
FAYETTE COUNTY,149,92 Years,50,15,35,44,14,30,4,1,3,0,0,0,0,0,0,2,0,2
FAYETTE COUNTY,149,93 Years,43,12,31,37,11,26,4,1,3,0,0,0,0,0,0,2,0,2
FAYETTE COUNTY,149,94 Years,33,12,21,27,9,18,3,1,2,0,0,0,0,0,0,3,2,1
FAYETTE COUNTY,149,95 Years +,100,27,73,84,22,62,8,2,6,0,0,0,1,0,1,7,3,4
FISHER COUNTY,151,All Ages,3921,1946,1975,2612,1289,1323,130,55,75,9,3,6,49,24,25,1121,575,546
FISHER COUNTY,151,< 1 Year,40,24,16,20,12,8,2,1,1,0,0,0,0,0,0,18,11,7
FISHER COUNTY,151,1 Years,49,27,22,28,15,13,3,1,2,0,0,0,0,0,0,18,11,7
FISHER COUNTY,151,2 Years,50,28,22,32,17,15,1,1,0,0,0,0,0,0,0,17,10,7
FISHER COUNTY,151,3 Years,50,24,26,33,15,18,0,0,0,0,0,0,0,0,0,17,9,8
FISHER COUNTY,151,4 Years,43,20,23,27,12,15,0,0,0,0,0,0,0,0,0,16,8,8
FISHER COUNTY,151,5 Years,37,15,22,19,6,13,3,1,2,0,0,0,0,0,0,15,8,7
FISHER COUNTY,151,6 Years,43,23,20,22,10,12,2,1,1,0,0,0,0,0,0,19,12,7
FISHER COUNTY,151,7 Years,48,24,24,25,10,15,0,0,0,0,0,0,1,0,1,22,14,8
FISHER COUNTY,151,8 Years,40,17,23,20,6,14,0,0,0,0,0,0,1,0,1,19,11,8
FISHER COUNTY,151,9 Years,46,28,18,28,19,9,1,0,1,0,0,0,1,0,1,16,9,7
FISHER COUNTY,151,10 Years,53,28,25,34,21,13,0,0,0,0,0,0,1,0,1,18,7,11
FISHER COUNTY,151,11 Years,53,27,26,35,19,16,1,0,1,0,0,0,2,0,2,15,8,7
FISHER COUNTY,151,12 Years,44,22,22,24,11,13,2,1,1,0,0,0,1,1,0,17,9,8
FISHER COUNTY,151,13 Years,44,26,18,24,14,10,1,1,0,1,1,0,1,1,0,17,9,8
FISHER COUNTY,151,14 Years,42,20,22,24,13,11,1,0,1,1,1,0,0,0,0,16,6,10
FISHER COUNTY,151,15 Years,48,25,23,34,18,16,1,0,1,0,0,0,0,0,0,13,7,6
FISHER COUNTY,151,16 Years,43,18,25,30,13,17,1,0,1,0,0,0,0,0,0,12,5,7
FISHER COUNTY,151,17 Years,44,17,27,26,9,17,0,0,0,1,0,1,1,1,0,16,7,9
FISHER COUNTY,151,18 Years,37,20,17,21,10,11,2,2,0,0,0,0,1,1,0,13,7,6
FISHER COUNTY,151,19 Years,37,17,20,17,8,9,3,2,1,0,0,0,0,0,0,17,7,10
FISHER COUNTY,151,20 Years,34,17,17,16,9,7,2,1,1,0,0,0,0,0,0,16,7,9
FISHER COUNTY,151,21 Years,33,21,12,17,10,7,1,1,0,0,0,0,0,0,0,15,10,5
FISHER COUNTY,151,22 Years,46,24,22,21,9,12,3,2,1,0,0,0,0,0,0,22,13,9
FISHER COUNTY,151,23 Years,61,30,31,33,20,13,5,0,5,1,0,1,1,0,1,21,10,11
FISHER COUNTY,151,24 Years,65,29,36,34,20,14,3,0,3,1,0,1,2,1,1,25,8,17
FISHER COUNTY,151,25 Years,53,25,28,28,12,16,4,2,2,0,0,0,2,1,1,19,10,9
FISHER COUNTY,151,26 Years,43,23,20,20,9,11,3,1,2,0,0,0,1,0,1,19,13,6
FISHER COUNTY,151,27 Years,37,23,14,20,12,8,3,3,0,0,0,0,0,0,0,14,8,6
FISHER COUNTY,151,28 Years,34,19,15,21,10,11,1,1,0,0,0,0,1,1,0,11,7,4
FISHER COUNTY,151,29 Years,42,24,18,31,17,14,1,0,1,0,0,0,1,1,0,9,6,3
FISHER COUNTY,151,30 Years,35,21,14,23,11,12,2,2,0,0,0,0,1,1,0,9,7,2
FISHER COUNTY,151,31 Years,29,15,14,23,11,12,1,1,0,0,0,0,0,0,0,5,3,2
FISHER COUNTY,151,32 Years,34,15,19,20,11,9,0,0,0,0,0,0,0,0,0,14,4,10
FISHER COUNTY,151,33 Years,37,16,21,22,11,11,0,0,0,0,0,0,0,0,0,15,5,10
FISHER COUNTY,151,34 Years,44,21,23,27,11,16,0,0,0,0,0,0,0,0,0,17,10,7
FISHER COUNTY,151,35 Years,34,15,19,23,10,13,1,0,1,0,0,0,0,0,0,10,5,5
FISHER COUNTY,151,36 Years,39,16,23,24,11,13,0,0,0,1,0,1,1,0,1,13,5,8
FISHER COUNTY,151,37 Years,27,16,11,21,13,8,0,0,0,0,0,0,0,0,0,6,3,3
FISHER COUNTY,151,38 Years,24,14,10,19,10,9,0,0,0,0,0,0,0,0,0,5,4,1
FISHER COUNTY,151,39 Years,33,15,18,26,10,16,0,0,0,0,0,0,0,0,0,7,5,2
FISHER COUNTY,151,40 Years,39,26,13,22,12,10,0,0,0,0,0,0,0,0,0,17,14,3
FISHER COUNTY,151,41 Years,38,25,13,20,11,9,2,2,0,0,0,0,1,0,1,15,12,3
FISHER COUNTY,151,42 Years,34,14,20,16,7,9,3,2,1,0,0,0,1,0,1,14,5,9
FISHER COUNTY,151,43 Years,37,15,22,24,10,14,3,0,3,0,0,0,0,0,0,10,5,5
FISHER COUNTY,151,44 Years,46,23,23,29,15,14,2,0,2,0,0,0,1,1,0,14,7,7
FISHER COUNTY,151,45 Years,49,25,24,31,16,15,3,2,1,0,0,0,0,0,0,15,7,8
FISHER COUNTY,151,46 Years,58,24,34,42,20,22,1,0,1,0,0,0,0,0,0,15,4,11
FISHER COUNTY,151,47 Years,52,26,26,39,21,18,3,1,2,0,0,0,0,0,0,10,4,6
FISHER COUNTY,151,48 Years,43,19,24,33,15,18,2,0,2,0,0,0,0,0,0,8,4,4
FISHER COUNTY,151,49 Years,41,18,23,25,11,14,1,0,1,0,0,0,1,1,0,14,6,8
FISHER COUNTY,151,50 Years,41,23,18,26,16,10,2,1,1,0,0,0,0,0,0,13,6,7
FISHER COUNTY,151,51 Years,43,21,22,29,12,17,3,3,0,0,0,0,0,0,0,11,6,5
FISHER COUNTY,151,52 Years,46,26,20,28,15,13,5,2,3,0,0,0,1,0,1,12,9,3
FISHER COUNTY,151,53 Years,52,28,24,32,18,14,3,0,3,0,0,0,1,0,1,16,10,6
FISHER COUNTY,151,54 Years,58,30,28,40,23,17,2,1,1,0,0,0,2,1,1,14,5,9
FISHER COUNTY,151,55 Years,59,29,30,45,24,21,2,1,1,0,0,0,0,0,0,12,4,8
FISHER COUNTY,151,56 Years,54,29,25,38,22,16,1,1,0,1,0,1,0,0,0,14,6,8
FISHER COUNTY,151,57 Years,63,35,28,44,25,19,1,1,0,1,0,1,0,0,0,17,9,8
FISHER COUNTY,151,58 Years,60,34,26,44,25,19,2,1,1,1,1,0,1,1,0,12,6,6
FISHER COUNTY,151,59 Years,56,28,28,42,19,23,3,3,0,0,0,0,0,0,0,11,6,5
FISHER COUNTY,151,60 Years,55,23,32,39,15,24,2,2,0,0,0,0,0,0,0,14,6,8
FISHER COUNTY,151,61 Years,64,32,32,48,22,26,0,0,0,0,0,0,1,1,0,15,9,6
FISHER COUNTY,151,62 Years,63,37,26,46,26,20,0,0,0,0,0,0,1,1,0,16,10,6
FISHER COUNTY,151,63 Years,61,30,31,48,22,26,0,0,0,0,0,0,1,1,0,12,7,5
FISHER COUNTY,151,64 Years,52,26,26,38,18,20,1,1,0,0,0,0,0,0,0,13,7,6
FISHER COUNTY,151,65 Years,55,27,28,45,21,24,0,0,0,0,0,0,1,1,0,9,5,4
FISHER COUNTY,151,66 Years,51,25,26,43,22,21,0,0,0,0,0,0,0,0,0,8,3,5
FISHER COUNTY,151,67 Years,57,28,29,41,20,21,1,0,1,0,0,0,3,1,2,12,7,5
FISHER COUNTY,151,68 Years,51,23,28,39,17,22,0,0,0,0,0,0,2,1,1,10,5,5
FISHER COUNTY,151,69 Years,54,24,30,44,22,22,2,0,2,0,0,0,1,1,0,7,1,6
FISHER COUNTY,151,70 Years,53,29,24,42,26,16,3,1,2,0,0,0,1,0,1,7,2,5
FISHER COUNTY,151,71 Years,48,26,22,35,19,16,2,1,1,0,0,0,1,0,1,10,6,4
FISHER COUNTY,151,72 Years,41,21,20,31,15,16,1,0,1,0,0,0,2,1,1,7,5,2
FISHER COUNTY,151,73 Years,44,22,22,34,17,17,1,0,1,0,0,0,2,1,1,7,4,3
FISHER COUNTY,151,74 Years,41,16,25,30,11,19,3,0,3,0,0,0,0,0,0,8,5,3
FISHER COUNTY,151,75 Years,43,17,26,33,12,21,1,0,1,0,0,0,0,0,0,9,5,4
FISHER COUNTY,151,76 Years,39,16,23,34,13,21,1,1,0,0,0,0,0,0,0,4,2,2
FISHER COUNTY,151,77 Years,42,15,27,33,12,21,0,0,0,0,0,0,0,0,0,9,3,6
FISHER COUNTY,151,78 Years,41,16,25,33,12,21,2,1,1,0,0,0,1,1,0,5,2,3
FISHER COUNTY,151,79 Years,33,14,19,24,10,14,1,1,0,0,0,0,1,0,1,7,3,4
FISHER COUNTY,151,80 Years,36,17,19,29,14,15,1,1,0,0,0,0,0,0,0,6,2,4
FISHER COUNTY,151,81 Years,33,19,14,24,15,9,1,0,1,0,0,0,0,0,0,8,4,4
FISHER COUNTY,151,82 Years,32,17,15,25,15,10,1,0,1,0,0,0,0,0,0,6,2,4
FISHER COUNTY,151,83 Years,23,13,10,20,13,7,0,0,0,0,0,0,0,0,0,3,0,3
FISHER COUNTY,151,84 Years,18,12,6,16,11,5,0,0,0,0,0,0,0,0,0,2,1,1
FISHER COUNTY,151,85 Years,16,7,9,9,5,4,2,0,2,0,0,0,0,0,0,5,2,3
FISHER COUNTY,151,86 Years,20,9,11,14,7,7,1,0,1,0,0,0,0,0,0,5,2,3
FISHER COUNTY,151,87 Years,21,7,14,14,5,9,2,0,2,0,0,0,0,0,0,5,2,3
FISHER COUNTY,151,88 Years,17,4,13,12,3,9,1,0,1,0,0,0,0,0,0,4,1,3
FISHER COUNTY,151,89 Years,16,4,12,12,3,9,0,0,0,0,0,0,0,0,0,4,1,3
FISHER COUNTY,151,90 Years,16,6,10,11,3,8,0,0,0,0,0,0,0,0,0,5,3,2
FISHER COUNTY,151,91 Years,10,4,6,6,2,4,0,0,0,0,0,0,1,1,0,3,1,2
FISHER COUNTY,151,92 Years,6,2,4,4,2,2,0,0,0,0,0,0,1,0,1,1,0,1
FISHER COUNTY,151,93 Years,6,3,3,4,2,2,0,0,0,0,0,0,0,0,0,2,1,1
FISHER COUNTY,151,94 Years,6,1,5,3,1,2,1,0,1,0,0,0,0,0,0,2,0,2
FISHER COUNTY,151,95 Years +,13,7,6,8,4,4,1,0,1,0,0,0,0,0,0,4,3,1
FLOYD COUNTY,153,All Ages,5738,2861,2877,2082,1038,1044,217,102,115,10,4,6,51,26,25,3378,1691,1687
FLOYD COUNTY,153,< 1 Year,88,47,41,17,8,9,1,0,1,0,0,0,3,2,1,67,37,30
FLOYD COUNTY,153,1 Years,83,46,37,15,8,7,2,1,1,0,0,0,2,1,1,64,36,28
FLOYD COUNTY,153,2 Years,77,41,36,11,6,5,1,1,0,0,0,0,2,1,1,63,33,30
FLOYD COUNTY,153,3 Years,77,34,43,11,5,6,3,1,2,0,0,0,0,0,0,63,28,35
FLOYD COUNTY,153,4 Years,84,38,46,14,7,7,2,1,1,0,0,0,0,0,0,68,30,38
FLOYD COUNTY,153,5 Years,88,39,49,16,8,8,2,0,2,0,0,0,3,1,2,67,30,37
FLOYD COUNTY,153,6 Years,90,42,48,17,10,7,2,1,1,0,0,0,2,1,1,69,30,39
FLOYD COUNTY,153,7 Years,96,50,46,19,15,4,2,0,2,0,0,0,2,1,1,73,34,39
FLOYD COUNTY,153,8 Years,76,38,38,17,12,5,2,0,2,0,0,0,0,0,0,57,26,31
FLOYD COUNTY,153,9 Years,85,42,43,16,8,8,2,0,2,0,0,0,1,1,0,66,33,33
FLOYD COUNTY,153,10 Years,80,44,36,15,10,5,5,2,3,0,0,0,0,0,0,60,32,28
FLOYD COUNTY,153,11 Years,80,47,33,16,12,4,3,2,1,0,0,0,0,0,0,61,33,28
FLOYD COUNTY,153,12 Years,84,42,42,12,8,4,4,2,2,0,0,0,1,0,1,67,32,35
FLOYD COUNTY,153,13 Years,74,36,38,14,8,6,3,2,1,1,0,1,0,0,0,56,26,30
FLOYD COUNTY,153,14 Years,80,44,36,19,13,6,4,3,1,0,0,0,1,1,0,56,27,29
FLOYD COUNTY,153,15 Years,78,40,38,15,10,5,4,2,2,1,0,1,0,0,0,58,28,30
FLOYD COUNTY,153,16 Years,72,40,32,14,9,5,2,1,1,1,0,1,0,0,0,55,30,25
FLOYD COUNTY,153,17 Years,73,42,31,15,10,5,3,1,2,0,0,0,1,0,1,54,31,23
FLOYD COUNTY,153,18 Years,76,39,37,13,7,6,5,4,1,0,0,0,0,0,0,58,28,30
FLOYD COUNTY,153,19 Years,70,37,33,12,7,5,3,2,1,0,0,0,1,1,0,54,27,27
FLOYD COUNTY,153,20 Years,71,32,39,15,7,8,1,1,0,1,1,0,1,0,1,53,23,30
FLOYD COUNTY,153,21 Years,64,32,32,14,6,8,2,1,1,0,0,0,0,0,0,48,25,23
FLOYD COUNTY,153,22 Years,71,38,33,16,7,9,3,2,1,0,0,0,1,1,0,51,28,23
FLOYD COUNTY,153,23 Years,80,40,40,19,8,11,4,3,1,0,0,0,0,0,0,57,29,28
FLOYD COUNTY,153,24 Years,93,55,38,18,8,10,6,4,2,0,0,0,2,1,1,67,42,25
FLOYD COUNTY,153,25 Years,86,53,33,25,13,12,2,2,0,0,0,0,1,1,0,58,37,21
FLOYD COUNTY,153,26 Years,60,37,23,12,7,5,3,2,1,1,1,0,0,0,0,44,27,17
FLOYD COUNTY,153,27 Years,62,29,33,14,9,5,3,1,2,0,0,0,1,0,1,44,19,25
FLOYD COUNTY,153,28 Years,64,31,33,19,11,8,2,1,1,0,0,0,1,0,1,42,19,23
FLOYD COUNTY,153,29 Years,68,41,27,19,12,7,2,1,1,0,0,0,1,0,1,46,28,18
FLOYD COUNTY,153,30 Years,59,32,27,20,11,9,1,1,0,0,0,0,0,0,0,38,20,18
FLOYD COUNTY,153,31 Years,64,32,32,22,13,9,2,1,1,0,0,0,1,1,0,39,17,22
FLOYD COUNTY,153,32 Years,65,35,30,22,13,9,2,0,2,0,0,0,1,1,0,40,21,19
FLOYD COUNTY,153,33 Years,52,25,27,17,8,9,2,1,1,0,0,0,0,0,0,33,16,17
FLOYD COUNTY,153,34 Years,62,31,31,17,7,10,4,3,1,0,0,0,0,0,0,41,21,20
FLOYD COUNTY,153,35 Years,62,35,27,22,13,9,4,1,3,0,0,0,0,0,0,36,21,15
FLOYD COUNTY,153,36 Years,70,29,41,20,11,9,3,2,1,0,0,0,0,0,0,47,16,31
FLOYD COUNTY,153,37 Years,63,33,30,19,11,8,2,2,0,0,0,0,1,1,0,41,19,22
FLOYD COUNTY,153,38 Years,52,28,24,19,10,9,0,0,0,0,0,0,1,1,0,32,17,15
FLOYD COUNTY,153,39 Years,54,28,26,24,13,11,1,0,1,0,0,0,0,0,0,29,15,14
FLOYD COUNTY,153,40 Years,53,30,23,22,14,8,2,1,1,0,0,0,0,0,0,29,15,14
FLOYD COUNTY,153,41 Years,63,23,40,20,9,11,1,0,1,1,0,1,0,0,0,41,14,27
FLOYD COUNTY,153,42 Years,56,23,33,20,9,11,2,0,2,0,0,0,0,0,0,34,14,20
FLOYD COUNTY,153,43 Years,53,26,27,21,10,11,2,1,1,0,0,0,0,0,0,30,15,15
FLOYD COUNTY,153,44 Years,53,26,27,16,6,10,2,1,1,0,0,0,0,0,0,35,19,16
FLOYD COUNTY,153,45 Years,60,31,29,19,8,11,1,1,0,0,0,0,1,0,1,39,22,17
FLOYD COUNTY,153,46 Years,70,41,29,20,10,10,2,2,0,0,0,0,1,1,0,47,28,19
FLOYD COUNTY,153,47 Years,71,39,32,20,10,10,3,1,2,1,0,1,0,0,0,47,28,19
FLOYD COUNTY,153,48 Years,59,32,27,20,10,10,1,0,1,0,0,0,0,0,0,38,22,16
FLOYD COUNTY,153,49 Years,56,27,29,23,10,13,2,1,1,0,0,0,0,0,0,31,16,15
FLOYD COUNTY,153,50 Years,64,34,30,27,14,13,3,2,1,0,0,0,1,1,0,33,17,16
FLOYD COUNTY,153,51 Years,60,30,30,23,12,11,4,2,2,0,0,0,1,0,1,32,16,16
FLOYD COUNTY,153,52 Years,62,29,33,25,14,11,4,1,3,0,0,0,1,0,1,32,14,18
FLOYD COUNTY,153,53 Years,67,32,35,31,15,16,4,3,1,0,0,0,1,1,0,31,13,18
FLOYD COUNTY,153,54 Years,65,31,34,32,15,17,2,2,0,0,0,0,0,0,0,31,14,17
FLOYD COUNTY,153,55 Years,71,31,40,34,15,19,2,0,2,0,0,0,0,0,0,35,16,19
FLOYD COUNTY,153,56 Years,70,33,37,32,15,17,3,1,2,0,0,0,0,0,0,35,17,18
FLOYD COUNTY,153,57 Years,74,39,35,41,21,20,2,0,2,1,1,0,0,0,0,30,17,13
FLOYD COUNTY,153,58 Years,71,34,37,38,16,22,2,0,2,1,1,0,0,0,0,30,17,13
FLOYD COUNTY,153,59 Years,70,37,33,37,22,15,2,0,2,0,0,0,1,0,1,30,15,15
FLOYD COUNTY,153,60 Years,62,31,31,26,14,12,2,1,1,0,0,0,1,1,0,33,15,18
FLOYD COUNTY,153,61 Years,61,31,30,28,15,13,1,0,1,0,0,0,1,1,0,31,15,16
FLOYD COUNTY,153,62 Years,72,36,36,36,18,18,3,1,2,0,0,0,1,1,0,32,16,16
FLOYD COUNTY,153,63 Years,69,34,35,34,19,15,3,1,2,0,0,0,1,0,1,31,14,17
FLOYD COUNTY,153,64 Years,75,41,34,43,21,22,5,4,1,0,0,0,1,1,0,26,15,11
FLOYD COUNTY,153,65 Years,80,40,40,46,26,20,4,3,1,0,0,0,1,1,0,29,10,19
FLOYD COUNTY,153,66 Years,71,33,38,39,20,19,2,1,1,0,0,0,0,0,0,30,12,18
FLOYD COUNTY,153,67 Years,66,32,34,40,21,19,2,1,1,1,0,1,0,0,0,23,10,13
FLOYD COUNTY,153,68 Years,65,29,36,38,16,22,1,1,0,0,0,0,1,1,0,25,11,14
FLOYD COUNTY,153,69 Years,57,28,29,30,12,18,2,2,0,0,0,0,0,0,0,25,14,11
FLOYD COUNTY,153,70 Years,52,25,27,29,16,13,2,0,2,0,0,0,0,0,0,21,9,12
FLOYD COUNTY,153,71 Years,57,30,27,36,20,16,1,0,1,0,0,0,0,0,0,20,10,10
FLOYD COUNTY,153,72 Years,54,21,33,31,11,20,1,0,1,0,0,0,1,0,1,21,10,11
FLOYD COUNTY,153,73 Years,48,23,25,29,12,17,2,1,1,0,0,0,0,0,0,17,10,7
FLOYD COUNTY,153,74 Years,57,23,34,37,16,21,1,0,1,0,0,0,0,0,0,19,7,12
FLOYD COUNTY,153,75 Years,54,21,33,31,12,19,2,1,1,0,0,0,2,0,2,19,8,11
FLOYD COUNTY,153,76 Years,52,25,27,31,16,15,3,2,1,0,0,0,2,0,2,16,7,9
FLOYD COUNTY,153,77 Years,45,20,25,28,12,16,2,1,1,0,0,0,0,0,0,15,7,8
FLOYD COUNTY,153,78 Years,41,17,24,23,9,14,1,0,1,0,0,0,0,0,0,17,8,9
FLOYD COUNTY,153,79 Years,36,15,21,20,8,12,1,1,0,0,0,0,0,0,0,15,6,9
FLOYD COUNTY,153,80 Years,39,19,20,21,10,11,2,2,0,0,0,0,0,0,0,16,7,9
FLOYD COUNTY,153,81 Years,38,19,19,28,12,16,2,2,0,0,0,0,0,0,0,8,5,3
FLOYD COUNTY,153,82 Years,32,12,20,22,6,16,1,0,1,0,0,0,0,0,0,9,6,3
FLOYD COUNTY,153,83 Years,27,9,18,15,5,10,2,0,2,0,0,0,0,0,0,10,4,6
FLOYD COUNTY,153,84 Years,32,11,21,15,5,10,5,0,5,0,0,0,0,0,0,12,6,6
FLOYD COUNTY,153,85 Years,23,10,13,17,6,11,1,0,1,0,0,0,0,0,0,5,4,1
FLOYD COUNTY,153,86 Years,26,12,14,17,7,10,1,0,1,0,0,0,0,0,0,8,5,3
FLOYD COUNTY,153,87 Years,32,14,18,22,8,14,3,1,2,0,0,0,0,0,0,7,5,2
FLOYD COUNTY,153,88 Years,27,12,15,18,8,10,3,1,2,0,0,0,1,0,1,5,3,2
FLOYD COUNTY,153,89 Years,20,9,11,14,6,8,1,0,1,0,0,0,0,0,0,5,3,2
FLOYD COUNTY,153,90 Years,18,7,11,13,5,8,1,0,1,0,0,0,0,0,0,4,2,2
FLOYD COUNTY,153,91 Years,13,5,8,9,2,7,0,0,0,0,0,0,0,0,0,4,3,1
FLOYD COUNTY,153,92 Years,9,4,5,7,3,4,0,0,0,0,0,0,0,0,0,2,1,1
FLOYD COUNTY,153,93 Years,9,5,4,5,3,2,0,0,0,0,0,0,0,0,0,4,2,2
FLOYD COUNTY,153,94 Years,7,3,4,5,2,3,1,0,1,0,0,0,0,0,0,1,1,0
FLOYD COUNTY,153,95 Years +,11,3,8,7,2,5,3,1,2,0,0,0,0,0,0,1,0,1
FOARD COUNTY,155,All Ages,1232,598,634,946,449,497,59,31,28,4,2,2,6,5,1,217,111,106
FOARD COUNTY,155,< 1 Year,13,7,6,11,6,5,0,0,0,0,0,0,0,0,0,2,1,1
FOARD COUNTY,155,1 Years,13,6,7,8,3,5,0,0,0,0,0,0,0,0,0,5,3,2
FOARD COUNTY,155,2 Years,11,5,6,8,3,5,0,0,0,0,0,0,0,0,0,3,2,1
FOARD COUNTY,155,3 Years,10,4,6,7,2,5,0,0,0,0,0,0,0,0,0,3,2,1
FOARD COUNTY,155,4 Years,14,6,8,7,3,4,2,1,1,0,0,0,0,0,0,5,2,3
FOARD COUNTY,155,5 Years,17,9,8,9,5,4,3,2,1,0,0,0,0,0,0,5,2,3
FOARD COUNTY,155,6 Years,18,10,8,9,5,4,2,1,1,0,0,0,0,0,0,7,4,3
FOARD COUNTY,155,7 Years,19,4,15,8,2,6,2,1,1,0,0,0,0,0,0,9,1,8
FOARD COUNTY,155,8 Years,13,6,7,9,4,5,2,1,1,0,0,0,0,0,0,2,1,1
FOARD COUNTY,155,9 Years,13,8,5,9,6,3,0,0,0,1,0,1,0,0,0,3,2,1
FOARD COUNTY,155,10 Years,7,3,4,6,2,4,0,0,0,0,0,0,0,0,0,1,1,0
FOARD COUNTY,155,11 Years,11,8,3,9,6,3,0,0,0,0,0,0,0,0,0,2,2,0
FOARD COUNTY,155,12 Years,13,5,8,9,4,5,0,0,0,0,0,0,0,0,0,4,1,3
FOARD COUNTY,155,13 Years,14,7,7,9,5,4,1,0,1,0,0,0,0,0,0,4,2,2
FOARD COUNTY,155,14 Years,12,8,4,8,5,3,2,1,1,0,0,0,0,0,0,2,2,0
FOARD COUNTY,155,15 Years,16,9,7,12,7,5,2,2,0,0,0,0,0,0,0,2,0,2
FOARD COUNTY,155,16 Years,12,5,7,9,4,5,2,1,1,0,0,0,0,0,0,1,0,1
FOARD COUNTY,155,17 Years,10,6,4,7,3,4,2,2,0,0,0,0,0,0,0,1,1,0
FOARD COUNTY,155,18 Years,10,4,6,5,1,4,1,1,0,0,0,0,0,0,0,4,2,2
FOARD COUNTY,155,19 Years,12,4,8,6,2,4,3,0,3,0,0,0,0,0,0,3,2,1
FOARD COUNTY,155,20 Years,11,5,6,5,2,3,1,0,1,0,0,0,0,0,0,5,3,2
FOARD COUNTY,155,21 Years,11,5,6,6,3,3,2,1,1,0,0,0,0,0,0,3,1,2
FOARD COUNTY,155,22 Years,13,7,6,8,5,3,2,1,1,0,0,0,0,0,0,3,1,2
FOARD COUNTY,155,23 Years,12,6,6,8,4,4,0,0,0,0,0,0,0,0,0,4,2,2
FOARD COUNTY,155,24 Years,12,7,5,7,5,2,1,0,1,0,0,0,0,0,0,4,2,2
FOARD COUNTY,155,25 Years,13,6,7,9,5,4,1,0,1,0,0,0,0,0,0,3,1,2
FOARD COUNTY,155,26 Years,12,4,8,9,3,6,0,0,0,0,0,0,0,0,0,3,1,2
FOARD COUNTY,155,27 Years,11,3,8,9,3,6,0,0,0,0,0,0,0,0,0,2,0,2
FOARD COUNTY,155,28 Years,14,9,5,9,6,3,2,1,1,0,0,0,0,0,0,3,2,1
FOARD COUNTY,155,29 Years,10,3,7,6,3,3,1,0,1,0,0,0,0,0,0,3,0,3
FOARD COUNTY,155,30 Years,8,3,5,6,2,4,0,0,0,0,0,0,0,0,0,2,1,1
FOARD COUNTY,155,31 Years,13,7,6,9,5,4,0,0,0,0,0,0,0,0,0,4,2,2
FOARD COUNTY,155,32 Years,12,5,7,7,2,5,0,0,0,0,0,0,0,0,0,5,3,2
FOARD COUNTY,155,33 Years,11,9,2,7,5,2,2,2,0,0,0,0,0,0,0,2,2,0
FOARD COUNTY,155,34 Years,16,11,5,11,7,4,1,1,0,0,0,0,0,0,0,4,3,1
FOARD COUNTY,155,35 Years,13,6,7,12,6,6,0,0,0,0,0,0,0,0,0,1,0,1
FOARD COUNTY,155,36 Years,8,3,5,7,2,5,0,0,0,0,0,0,0,0,0,1,1,0
FOARD COUNTY,155,37 Years,10,5,5,8,5,3,0,0,0,0,0,0,0,0,0,2,0,2
FOARD COUNTY,155,38 Years,8,5,3,5,3,2,0,0,0,0,0,0,1,1,0,2,1,1
FOARD COUNTY,155,39 Years,7,5,2,6,4,2,0,0,0,0,0,0,1,1,0,0,0,0
FOARD COUNTY,155,40 Years,7,3,4,5,2,3,0,0,0,0,0,0,0,0,0,2,1,1
FOARD COUNTY,155,41 Years,14,6,8,13,6,7,1,0,1,0,0,0,0,0,0,0,0,0
FOARD COUNTY,155,42 Years,13,8,5,12,7,5,0,0,0,0,0,0,0,0,0,1,1,0
FOARD COUNTY,155,43 Years,8,4,4,5,2,3,0,0,0,0,0,0,0,0,0,3,2,1
FOARD COUNTY,155,44 Years,9,5,4,6,3,3,1,1,0,0,0,0,0,0,0,2,1,1
FOARD COUNTY,155,45 Years,12,8,4,10,6,4,0,0,0,0,0,0,0,0,0,2,2,0
FOARD COUNTY,155,46 Years,17,7,10,15,6,9,1,0,1,0,0,0,0,0,0,1,1,0
FOARD COUNTY,155,47 Years,19,8,11,16,6,10,1,1,0,0,0,0,0,0,0,2,1,1
FOARD COUNTY,155,48 Years,14,8,6,12,7,5,0,0,0,0,0,0,0,0,0,2,1,1
FOARD COUNTY,155,49 Years,21,12,9,16,9,7,1,1,0,0,0,0,0,0,0,4,2,2
FOARD COUNTY,155,50 Years,16,9,7,12,5,7,1,1,0,0,0,0,0,0,0,3,3,0
FOARD COUNTY,155,51 Years,16,5,11,13,3,10,0,0,0,0,0,0,0,0,0,3,2,1
FOARD COUNTY,155,52 Years,16,8,8,10,4,6,1,1,0,0,0,0,0,0,0,5,3,2
FOARD COUNTY,155,53 Years,24,11,13,20,8,12,0,0,0,0,0,0,0,0,0,4,3,1
FOARD COUNTY,155,54 Years,20,12,8,14,8,6,0,0,0,0,0,0,0,0,0,6,4,2
FOARD COUNTY,155,55 Years,21,11,10,16,8,8,1,1,0,0,0,0,0,0,0,4,2,2
FOARD COUNTY,155,56 Years,20,11,9,15,8,7,1,1,0,0,0,0,0,0,0,4,2,2
FOARD COUNTY,155,57 Years,18,10,8,16,10,6,0,0,0,0,0,0,0,0,0,2,0,2
FOARD COUNTY,155,58 Years,16,10,6,14,8,6,0,0,0,0,0,0,0,0,0,2,2,0
FOARD COUNTY,155,59 Years,16,10,6,11,7,4,0,0,0,0,0,0,2,2,0,3,1,2
FOARD COUNTY,155,60 Years,23,10,13,20,8,12,0,0,0,0,0,0,1,1,0,2,1,1
FOARD COUNTY,155,61 Years,17,6,11,15,4,11,0,0,0,0,0,0,0,0,0,2,2,0
FOARD COUNTY,155,62 Years,10,5,5,7,3,4,0,0,0,0,0,0,0,0,0,3,2,1
FOARD COUNTY,155,63 Years,11,5,6,8,3,5,0,0,0,0,0,0,0,0,0,3,2,1
FOARD COUNTY,155,64 Years,16,8,8,14,7,7,0,0,0,0,0,0,0,0,0,2,1,1
FOARD COUNTY,155,65 Years,20,12,8,18,10,8,1,1,0,1,1,0,0,0,0,0,0,0
FOARD COUNTY,155,66 Years,23,13,10,20,11,9,1,1,0,1,1,0,0,0,0,1,0,1
FOARD COUNTY,155,67 Years,16,8,8,14,7,7,0,0,0,0,0,0,0,0,0,2,1,1
FOARD COUNTY,155,68 Years,16,8,8,15,8,7,0,0,0,0,0,0,0,0,0,1,0,1
FOARD COUNTY,155,69 Years,17,7,10,15,7,8,0,0,0,0,0,0,0,0,0,2,0,2
FOARD COUNTY,155,70 Years,17,6,11,16,6,10,0,0,0,0,0,0,0,0,0,1,0,1
FOARD COUNTY,155,71 Years,16,6,10,15,6,9,0,0,0,0,0,0,0,0,0,1,0,1
FOARD COUNTY,155,72 Years,15,7,8,11,5,6,0,0,0,0,0,0,0,0,0,4,2,2
FOARD COUNTY,155,73 Years,15,6,9,10,5,5,1,0,1,1,0,1,0,0,0,3,1,2
FOARD COUNTY,155,74 Years,14,8,6,11,6,5,1,1,0,0,0,0,0,0,0,2,1,1
FOARD COUNTY,155,75 Years,13,8,5,12,7,5,0,0,0,0,0,0,0,0,0,1,1,0
FOARD COUNTY,155,76 Years,13,6,7,11,6,5,0,0,0,0,0,0,0,0,0,2,0,2
FOARD COUNTY,155,77 Years,14,8,6,13,7,6,0,0,0,0,0,0,0,0,0,1,1,0
FOARD COUNTY,155,78 Years,16,6,10,14,6,8,2,0,2,0,0,0,0,0,0,0,0,0
FOARD COUNTY,155,79 Years,10,4,6,9,4,5,1,0,1,0,0,0,0,0,0,0,0,0
FOARD COUNTY,155,80 Years,13,6,7,10,5,5,1,1,0,0,0,0,1,0,1,1,0,1
FOARD COUNTY,155,81 Years,12,6,6,10,5,5,1,1,0,0,0,0,0,0,0,1,0,1
FOARD COUNTY,155,82 Years,11,5,6,11,5,6,0,0,0,0,0,0,0,0,0,0,0,0
FOARD COUNTY,155,83 Years,9,3,6,9,3,6,0,0,0,0,0,0,0,0,0,0,0,0
FOARD COUNTY,155,84 Years,11,6,5,10,5,5,0,0,0,0,0,0,0,0,0,1,1,0
FOARD COUNTY,155,85 Years,9,3,6,8,2,6,0,0,0,0,0,0,0,0,0,1,1,0
FOARD COUNTY,155,86 Years,7,3,4,6,2,4,0,0,0,0,0,0,0,0,0,1,1,0
FOARD COUNTY,155,87 Years,5,2,3,5,2,3,0,0,0,0,0,0,0,0,0,0,0,0
FOARD COUNTY,155,88 Years,6,3,3,6,3,3,0,0,0,0,0,0,0,0,0,0,0,0
FOARD COUNTY,155,89 Years,4,1,3,4,1,3,0,0,0,0,0,0,0,0,0,0,0,0
FOARD COUNTY,155,90 Years,6,2,4,6,2,4,0,0,0,0,0,0,0,0,0,0,0,0
FOARD COUNTY,155,91 Years,5,1,4,5,1,4,0,0,0,0,0,0,0,0,0,0,0,0
FOARD COUNTY,155,92 Years,5,2,3,4,2,2,1,0,1,0,0,0,0,0,0,0,0,0
FOARD COUNTY,155,93 Years,4,1,3,3,1,2,1,0,1,0,0,0,0,0,0,0,0,0
FOARD COUNTY,155,94 Years,3,1,2,3,1,2,0,0,0,0,0,0,0,0,0,0,0,0
FOARD COUNTY,155,95 Years +,10,2,8,8,2,6,2,0,2,0,0,0,0,0,0,0,0,0
FORT BEND COUNTY,157,All Ages,765928,376234,389694,260261,130152,130109,150847,70575,80272,150119,74074,76045,19670,9737,9933,185031,91696,93335
FORT BEND COUNTY,157,< 1 Year,10135,5120,5015,2675,1321,1354,2046,1027,1019,1768,899,869,610,311,299,3036,1562,1474
FORT BEND COUNTY,157,1 Years,10478,5321,5157,2758,1388,1370,2086,1051,1035,1936,998,938,604,309,295,3094,1575,1519
FORT BEND COUNTY,157,2 Years,10837,5522,5315,2901,1465,1436,2113,1065,1048,2108,1114,994,563,291,272,3152,1587,1565
FORT BEND COUNTY,157,3 Years,10701,5506,5195,2936,1501,1435,2000,1018,982,2136,1151,985,514,270,244,3115,1566,1549
FORT BEND COUNTY,157,4 Years,10395,5367,5028,2891,1464,1427,1837,944,893,2114,1151,963,480,252,228,3073,1556,1517
FORT BEND COUNTY,157,5 Years,10071,5197,4874,2797,1433,1364,1735,894,841,2053,1097,956,440,225,215,3046,1548,1498
FORT BEND COUNTY,157,6 Years,10060,5187,4873,2736,1408,1328,1733,886,847,2043,1081,962,424,215,209,3124,1597,1527
FORT BEND COUNTY,157,7 Years,9125,4736,4389,2458,1341,1117,1588,791,797,1797,945,852,367,186,181,2915,1473,1442
FORT BEND COUNTY,157,8 Years,11004,5632,5372,3055,1605,1450,2029,1004,1025,2087,1084,1003,427,229,198,3406,1710,1696
FORT BEND COUNTY,157,9 Years,11173,5716,5457,3076,1588,1488,2118,1059,1059,2209,1135,1074,406,205,201,3364,1729,1635
FORT BEND COUNTY,157,10 Years,11481,5818,5663,3157,1617,1540,2220,1094,1126,2250,1156,1094,417,203,214,3437,1748,1689
FORT BEND COUNTY,157,11 Years,11666,6027,5639,3375,1788,1587,2260,1156,1104,2228,1138,1090,400,192,208,3403,1753,1650
FORT BEND COUNTY,157,12 Years,11799,6025,5774,3474,1830,1644,2304,1128,1176,2162,1088,1074,418,207,211,3441,1772,1669
FORT BEND COUNTY,157,13 Years,12138,6142,5996,3629,1832,1797,2447,1209,1238,2190,1112,1078,451,229,222,3421,1760,1661
FORT BEND COUNTY,157,14 Years,12264,6216,6048,3662,1814,1848,2544,1324,1220,2194,1138,1056,419,201,218,3445,1739,1706
FORT BEND COUNTY,157,15 Years,12177,6301,5876,3731,1925,1806,2548,1318,1230,2058,1110,948,414,219,195,3426,1729,1697
FORT BEND COUNTY,157,16 Years,12427,6412,6015,3859,2004,1855,2699,1364,1335,2100,1130,970,437,227,210,3332,1687,1645
FORT BEND COUNTY,157,17 Years,12418,6429,5989,4048,2162,1886,2748,1397,1351,1956,1002,954,419,214,205,3247,1654,1593
FORT BEND COUNTY,157,18 Years,11643,5975,5668,3722,1981,1741,2626,1348,1278,1771,879,892,398,193,205,3126,1574,1552
FORT BEND COUNTY,157,19 Years,10680,5486,5194,3281,1725,1556,2523,1273,1250,1662,851,811,378,177,201,2836,1460,1376
FORT BEND COUNTY,157,20 Years,10465,5477,4988,3349,1794,1555,2510,1315,1195,1622,833,789,338,164,174,2646,1371,1275
FORT BEND COUNTY,157,21 Years,10562,5518,5044,3378,1803,1575,2564,1331,1233,1646,861,785,329,164,165,2645,1359,1286
FORT BEND COUNTY,157,22 Years,10658,5449,5209,3292,1726,1566,2603,1304,1299,1742,870,872,342,173,169,2679,1376,1303
FORT BEND COUNTY,157,23 Years,11074,5594,5480,3441,1763,1678,2653,1359,1294,1875,929,946,337,165,172,2768,1378,1390
FORT BEND COUNTY,157,24 Years,11390,5886,5504,3445,1814,1631,2777,1465,1312,2001,1029,972,341,171,170,2826,1407,1419
FORT BEND COUNTY,157,25 Years,10685,5533,5152,3122,1648,1474,2629,1371,1258,1898,969,929,308,155,153,2728,1390,1338
FORT BEND COUNTY,157,26 Years,9520,4876,4644,2396,1247,1149,2323,1227,1096,1843,898,945,245,122,123,2713,1382,1331
FORT BEND COUNTY,157,27 Years,9077,4546,4531,2060,1073,987,2096,1078,1018,2005,925,1080,208,117,91,2708,1353,1355
FORT BEND COUNTY,157,28 Years,8853,4492,4361,2103,1097,1006,1916,980,936,2022,985,1037,181,99,82,2631,1331,1300
FORT BEND COUNTY,157,29 Years,8781,4344,4437,2225,1125,1100,1734,819,915,2103,983,1120,173,88,85,2546,1329,1217
FORT BEND COUNTY,157,30 Years,8963,4437,4526,2378,1178,1200,1662,809,853,2101,1014,1087,198,94,104,2624,1342,1282
FORT BEND COUNTY,157,31 Years,9238,4563,4675,2465,1249,1216,1634,785,849,2250,1050,1200,180,86,94,2709,1393,1316
FORT BEND COUNTY,157,32 Years,9763,4789,4974,2671,1325,1346,1644,777,867,2544,1245,1299,154,80,74,2750,1362,1388
FORT BEND COUNTY,157,33 Years,9548,4565,4983,2544,1240,1304,1596,738,858,2556,1202,1354,176,80,96,2676,1305,1371
FORT BEND COUNTY,157,34 Years,9911,4763,5148,2714,1331,1383,1624,763,861,2528,1188,1340,173,79,94,2872,1402,1470
FORT BEND COUNTY,157,35 Years,10093,4926,5167,2779,1354,1425,1643,757,886,2569,1258,1311,181,79,102,2921,1478,1443
FORT BEND COUNTY,157,36 Years,10217,4936,5281,2871,1407,1464,1724,785,939,2452,1204,1248,210,90,120,2960,1450,1510
FORT BEND COUNTY,157,37 Years,10404,4950,5454,2942,1428,1514,1899,841,1058,2487,1179,1308,197,87,110,2879,1415,1464
FORT BEND COUNTY,157,38 Years,10139,4795,5344,2923,1421,1502,1841,785,1056,2381,1118,1263,206,88,118,2788,1383,1405
FORT BEND COUNTY,157,39 Years,10150,4846,5304,2925,1428,1497,1819,783,1036,2356,1119,1237,213,94,119,2837,1422,1415
FORT BEND COUNTY,157,40 Years,10298,4819,5479,2955,1439,1516,1910,828,1082,2383,1105,1278,188,74,114,2862,1373,1489
FORT BEND COUNTY,157,41 Years,10329,4863,5466,2907,1422,1485,1942,827,1115,2399,1126,1273,200,96,104,2881,1392,1489
FORT BEND COUNTY,157,42 Years,10822,5092,5730,3149,1517,1632,2042,871,1171,2471,1137,1334,224,116,108,2936,1451,1485
FORT BEND COUNTY,157,43 Years,10796,5099,5697,3144,1557,1587,2173,923,1250,2513,1171,1342,228,114,114,2738,1334,1404
FORT BEND COUNTY,157,44 Years,11116,5280,5836,3270,1605,1665,2298,982,1316,2575,1253,1322,216,100,116,2757,1340,1417
FORT BEND COUNTY,157,45 Years,11511,5421,6090,3601,1744,1857,2391,1025,1366,2539,1204,1335,209,105,104,2771,1343,1428
FORT BEND COUNTY,157,46 Years,11827,5649,6178,3919,1927,1992,2495,1079,1416,2479,1184,1295,214,116,98,2720,1343,1377
FORT BEND COUNTY,157,47 Years,11634,5514,6120,4028,1960,2068,2370,1006,1364,2350,1118,1232,208,108,100,2678,1322,1356
FORT BEND COUNTY,157,48 Years,11027,5235,5792,3821,1839,1982,2253,980,1273,2256,1073,1183,209,104,105,2488,1239,1249
FORT BEND COUNTY,157,49 Years,10544,5058,5486,3722,1872,1850,2202,968,1234,2075,988,1087,174,73,101,2371,1157,1214
FORT BEND COUNTY,157,50 Years,10410,5071,5339,3768,1901,1867,2141,951,1190,2065,1016,1049,170,78,92,2266,1125,1141
FORT BEND COUNTY,157,51 Years,10436,5078,5358,3735,1852,1883,2138,959,1179,2097,1046,1051,176,84,92,2290,1137,1153
FORT BEND COUNTY,157,52 Years,10423,5056,5367,3930,1965,1965,2147,938,1209,1935,963,972,193,92,101,2218,1098,1120
FORT BEND COUNTY,157,53 Years,10406,4896,5510,3975,1901,2074,2157,903,1254,1971,984,987,187,90,97,2116,1018,1098
FORT BEND COUNTY,157,54 Years,10507,5037,5470,4159,2069,2090,2136,924,1212,2007,983,1024,188,96,92,2017,965,1052
FORT BEND COUNTY,157,55 Years,10211,4899,5312,4292,2112,2180,2049,899,1150,1776,870,906,201,94,107,1893,924,969
FORT BEND COUNTY,157,56 Years,10248,4809,5439,4388,2099,2289,2097,936,1161,1788,837,951,191,83,108,1784,854,930
FORT BEND COUNTY,157,57 Years,10566,5090,5476,4697,2326,2371,2129,972,1157,1809,836,973,180,89,91,1751,867,884
FORT BEND COUNTY,157,58 Years,10502,5026,5476,4900,2404,2496,2043,904,1139,1713,798,915,167,87,80,1679,833,846
FORT BEND COUNTY,157,59 Years,10352,4976,5376,4900,2460,2440,2020,871,1149,1659,784,875,161,87,74,1612,774,838
FORT BEND COUNTY,157,60 Years,10087,4887,5200,4840,2459,2381,1951,849,1102,1609,765,844,165,81,84,1522,733,789
FORT BEND COUNTY,157,61 Years,9727,4789,4938,4527,2317,2210,1887,846,1041,1667,809,858,179,92,87,1467,725,742
FORT BEND COUNTY,157,62 Years,9296,4463,4833,4284,2130,2154,1889,840,1049,1596,774,822,169,84,85,1358,635,723
FORT BEND COUNTY,157,63 Years,8574,4109,4465,3985,2002,1983,1707,716,991,1492,757,735,140,71,69,1250,563,687
FORT BEND COUNTY,157,64 Years,8302,3973,4329,3841,1904,1937,1608,677,931,1545,782,763,140,68,72,1168,542,626
FORT BEND COUNTY,157,65 Years,7899,3741,4158,3725,1894,1831,1522,592,930,1395,669,726,144,64,80,1113,522,591
FORT BEND COUNTY,157,66 Years,7296,3475,3821,3395,1703,1692,1378,581,797,1396,663,733,128,58,70,999,470,529
FORT BEND COUNTY,157,67 Years,7025,3386,3639,3226,1612,1614,1325,583,742,1376,679,697,122,53,69,976,459,517
FORT BEND COUNTY,157,68 Years,6480,3115,3365,2994,1500,1494,1260,534,726,1221,605,616,119,60,59,886,416,470
FORT BEND COUNTY,157,69 Years,6160,2949,3211,2986,1495,1491,1124,486,638,1092,537,555,113,61,52,845,370,475
FORT BEND COUNTY,157,70 Years,5882,2830,3052,3000,1506,1494,967,404,563,1005,506,499,115,60,55,795,354,441
FORT BEND COUNTY,157,71 Years,4707,2270,2437,2259,1127,1132,760,334,426,900,450,450,79,42,37,709,317,392
FORT BEND COUNTY,157,72 Years,4181,1972,2209,2011,976,1035,667,284,383,819,400,419,78,41,37,606,271,335
FORT BEND COUNTY,157,73 Years,3900,1834,2066,1957,970,987,619,240,379,724,364,360,63,33,30,537,227,310
FORT BEND COUNTY,157,74 Years,3537,1700,1837,1813,899,914,523,217,306,654,352,302,53,25,28,494,207,287
FORT BEND COUNTY,157,75 Years,3036,1459,1577,1540,751,789,432,182,250,582,304,278,58,25,33,424,197,227
FORT BEND COUNTY,157,76 Years,2756,1260,1496,1352,642,710,400,163,237,552,261,291,44,16,28,408,178,230
FORT BEND COUNTY,157,77 Years,2548,1189,1359,1254,598,656,347,143,204,521,263,258,44,20,24,382,165,217
FORT BEND COUNTY,157,78 Years,2290,1048,1242,1164,546,618,315,131,184,452,232,220,32,14,18,327,125,202
FORT BEND COUNTY,157,79 Years,2071,910,1161,1057,481,576,276,97,179,406,204,202,24,6,18,308,122,186
FORT BEND COUNTY,157,80 Years,1828,794,1034,925,434,491,241,79,162,373,175,198,16,6,10,273,100,173
FORT BEND COUNTY,157,81 Years,1721,718,1003,884,398,486,216,75,141,348,150,198,13,6,7,260,89,171
FORT BEND COUNTY,157,82 Years,1517,653,864,779,341,438,184,70,114,304,142,162,16,6,10,234,94,140
FORT BEND COUNTY,157,83 Years,1281,545,736,675,284,391,165,59,106,231,121,110,12,6,6,198,75,123
FORT BEND COUNTY,157,84 Years,1204,485,719,646,265,381,156,47,109,203,99,104,11,5,6,188,69,119
FORT BEND COUNTY,157,85 Years,1064,432,632,587,240,347,114,34,80,172,85,87,7,5,2,184,68,116
FORT BEND COUNTY,157,86 Years,944,364,580,510,204,306,95,25,70,161,75,86,6,3,3,172,57,115
FORT BEND COUNTY,157,87 Years,861,315,546,466,169,297,84,24,60,142,59,83,2,2,0,167,61,106
FORT BEND COUNTY,157,88 Years,740,266,474,410,146,264,86,25,61,111,50,61,3,1,2,130,44,86
FORT BEND COUNTY,157,89 Years,617,222,395,344,131,213,74,17,57,94,39,55,5,2,3,100,33,67
FORT BEND COUNTY,157,90 Years,518,172,346,286,99,187,55,14,41,80,32,48,3,1,2,94,26,68
FORT BEND COUNTY,157,91 Years,421,135,286,249,83,166,42,9,33,56,19,37,2,2,0,72,22,50
FORT BEND COUNTY,157,92 Years,358,111,247,222,68,154,34,7,27,49,17,32,1,1,0,52,18,34
FORT BEND COUNTY,157,93 Years,279,86,193,166,57,109,31,5,26,33,10,23,1,0,1,48,14,34
FORT BEND COUNTY,157,94 Years,207,61,146,123,37,86,23,4,19,26,9,17,0,0,0,35,11,24
FORT BEND COUNTY,157,95 Years +,486,128,358,275,70,205,62,14,48,69,22,47,3,1,2,77,21,56
FRANKLIN COUNTY,159,All Ages,10871,5419,5452,8502,4207,4295,465,230,235,55,20,35,258,114,144,1591,848,743
FRANKLIN COUNTY,159,< 1 Year,140,81,59,91,53,38,6,4,2,0,0,0,5,3,2,38,21,17
FRANKLIN COUNTY,159,1 Years,148,85,63,98,57,41,5,3,2,0,0,0,5,2,3,40,23,17
FRANKLIN COUNTY,159,2 Years,143,82,61,91,51,40,7,4,3,0,0,0,8,4,4,37,23,14
FRANKLIN COUNTY,159,3 Years,152,83,69,94,51,43,9,5,4,3,2,1,8,4,4,38,21,17
FRANKLIN COUNTY,159,4 Years,143,70,73,86,42,44,10,6,4,2,1,1,7,3,4,38,18,20
FRANKLIN COUNTY,159,5 Years,155,78,77,96,46,50,8,6,2,2,1,1,8,2,6,41,23,18
FRANKLIN COUNTY,159,6 Years,151,76,75,95,46,49,5,3,2,4,1,3,7,3,4,40,23,17
FRANKLIN COUNTY,159,7 Years,199,97,102,131,61,70,8,4,4,1,1,0,8,6,2,51,25,26
FRANKLIN COUNTY,159,8 Years,145,75,70,100,55,45,3,1,2,1,1,0,4,2,2,37,16,21
FRANKLIN COUNTY,159,9 Years,144,79,65,93,54,39,5,1,4,1,1,0,5,2,3,40,21,19
FRANKLIN COUNTY,159,10 Years,163,84,79,111,53,58,9,5,4,0,0,0,4,2,2,39,24,15
FRANKLIN COUNTY,159,11 Years,146,71,75,107,49,58,5,1,4,1,1,0,4,2,2,29,18,11
FRANKLIN COUNTY,159,12 Years,170,84,86,122,62,60,7,3,4,1,0,1,6,2,4,34,17,17
FRANKLIN COUNTY,159,13 Years,169,97,72,113,69,44,9,5,4,3,0,3,7,3,4,37,20,17
FRANKLIN COUNTY,159,14 Years,123,68,55,81,48,33,8,5,3,1,0,1,3,1,2,30,14,16
FRANKLIN COUNTY,159,15 Years,149,78,71,107,57,50,8,5,3,3,1,2,2,1,1,29,14,15
FRANKLIN COUNTY,159,16 Years,140,75,65,96,51,45,11,5,6,3,0,3,3,2,1,27,17,10
FRANKLIN COUNTY,159,17 Years,134,63,71,87,44,43,14,6,8,2,0,2,2,2,0,29,11,18
FRANKLIN COUNTY,159,18 Years,116,50,66,79,38,41,7,3,4,1,0,1,2,1,1,27,8,19
FRANKLIN COUNTY,159,19 Years,99,46,53,67,35,32,5,2,3,1,0,1,3,1,2,23,8,15
FRANKLIN COUNTY,159,20 Years,98,50,48,67,34,33,4,1,3,1,1,0,4,2,2,22,12,10
FRANKLIN COUNTY,159,21 Years,95,49,46,70,36,34,4,2,2,0,0,0,2,1,1,19,10,9
FRANKLIN COUNTY,159,22 Years,102,48,54,71,32,39,8,4,4,1,1,0,4,3,1,18,8,10
FRANKLIN COUNTY,159,23 Years,106,52,54,77,40,37,6,2,4,1,1,0,2,0,2,20,9,11
FRANKLIN COUNTY,159,24 Years,120,61,59,85,42,43,6,3,3,0,0,0,4,2,2,25,14,11
FRANKLIN COUNTY,159,25 Years,125,61,64,89,40,49,6,5,1,1,1,0,5,3,2,24,12,12
FRANKLIN COUNTY,159,26 Years,127,64,63,89,41,48,9,7,2,0,0,0,4,3,1,25,13,12
FRANKLIN COUNTY,159,27 Years,138,68,70,99,46,53,7,4,3,0,0,0,4,1,3,28,17,11
FRANKLIN COUNTY,159,28 Years,134,65,69,106,51,55,3,1,2,0,0,0,3,1,2,22,12,10
FRANKLIN COUNTY,159,29 Years,140,68,72,108,49,59,4,1,3,1,0,1,3,2,1,24,16,8
FRANKLIN COUNTY,159,30 Years,137,67,70,101,50,51,3,1,2,0,0,0,2,2,0,31,14,17
FRANKLIN COUNTY,159,31 Years,136,63,73,102,46,56,3,2,1,0,0,0,3,2,1,28,13,15
FRANKLIN COUNTY,159,32 Years,125,61,64,97,48,49,3,0,3,0,0,0,2,1,1,23,12,11
FRANKLIN COUNTY,159,33 Years,111,55,56,87,42,45,6,2,4,0,0,0,1,1,0,17,10,7
FRANKLIN COUNTY,159,34 Years,115,58,57,89,43,46,8,5,3,0,0,0,2,0,2,16,10,6
FRANKLIN COUNTY,159,35 Years,119,58,61,90,45,45,5,2,3,0,0,0,1,0,1,23,11,12
FRANKLIN COUNTY,159,36 Years,111,58,53,91,45,46,1,0,1,1,0,1,0,0,0,18,13,5
FRANKLIN COUNTY,159,37 Years,129,62,67,103,47,56,8,3,5,0,0,0,2,0,2,16,12,4
FRANKLIN COUNTY,159,38 Years,111,58,53,84,44,40,7,4,3,0,0,0,4,0,4,16,10,6
FRANKLIN COUNTY,159,39 Years,112,64,48,81,45,36,6,4,2,0,0,0,3,2,1,22,13,9
FRANKLIN COUNTY,159,40 Years,104,47,57,75,34,41,8,4,4,1,0,1,3,2,1,17,7,10
FRANKLIN COUNTY,159,41 Years,103,54,49,79,40,39,8,5,3,0,0,0,1,1,0,15,8,7
FRANKLIN COUNTY,159,42 Years,109,48,61,88,40,48,5,3,2,0,0,0,2,0,2,14,5,9
FRANKLIN COUNTY,159,43 Years,99,46,53,78,38,40,3,1,2,1,0,1,1,1,0,16,6,10
FRANKLIN COUNTY,159,44 Years,118,61,57,94,47,47,3,1,2,1,0,1,4,2,2,16,11,5
FRANKLIN COUNTY,159,45 Years,117,60,57,92,48,44,4,1,3,0,0,0,2,1,1,19,10,9
FRANKLIN COUNTY,159,46 Years,127,66,61,100,51,49,4,3,1,2,1,1,1,0,1,20,11,9
FRANKLIN COUNTY,159,47 Years,121,67,54,91,50,41,8,4,4,1,0,1,3,3,0,18,10,8
FRANKLIN COUNTY,159,48 Years,137,77,60,115,64,51,6,4,2,0,0,0,5,3,2,11,6,5
FRANKLIN COUNTY,159,49 Years,121,68,53,96,54,42,5,3,2,1,0,1,2,1,1,17,10,7
FRANKLIN COUNTY,159,50 Years,116,58,58,86,45,41,7,2,5,0,0,0,2,0,2,21,11,10
FRANKLIN COUNTY,159,51 Years,130,64,66,105,53,52,5,1,4,1,1,0,2,2,0,17,7,10
FRANKLIN COUNTY,159,52 Years,149,72,77,123,63,60,4,1,3,2,0,2,1,0,1,19,8,11
FRANKLIN COUNTY,159,53 Years,157,71,86,130,56,74,4,3,1,2,1,1,3,0,3,18,11,7
FRANKLIN COUNTY,159,54 Years,167,95,72,142,77,65,5,5,0,1,1,0,2,1,1,17,11,6
FRANKLIN COUNTY,159,55 Years,156,84,72,131,68,63,4,2,2,2,1,1,3,1,2,16,12,4
FRANKLIN COUNTY,159,56 Years,154,79,75,133,66,67,6,4,2,0,0,0,1,0,1,14,9,5
FRANKLIN COUNTY,159,57 Years,152,73,79,127,61,66,5,2,3,1,1,0,5,2,3,14,7,7
FRANKLIN COUNTY,159,58 Years,162,78,84,136,63,73,7,4,3,0,0,0,3,2,1,16,9,7
FRANKLIN COUNTY,159,59 Years,151,74,77,133,63,70,4,2,2,0,0,0,3,2,1,11,7,4
FRANKLIN COUNTY,159,60 Years,154,74,80,131,62,69,7,3,4,0,0,0,3,1,2,13,8,5
FRANKLIN COUNTY,159,61 Years,146,73,73,128,65,63,7,2,5,0,0,0,1,0,1,10,6,4
FRANKLIN COUNTY,159,62 Years,137,73,64,117,61,56,11,7,4,0,0,0,1,0,1,8,5,3
FRANKLIN COUNTY,159,63 Years,128,62,66,116,57,59,3,2,1,0,0,0,1,0,1,8,3,5
FRANKLIN COUNTY,159,64 Years,137,65,72,122,59,63,4,2,2,0,0,0,4,1,3,7,3,4
FRANKLIN COUNTY,159,65 Years,159,65,94,139,60,79,5,2,3,0,0,0,3,1,2,12,2,10
FRANKLIN COUNTY,159,66 Years,141,68,73,124,62,62,5,2,3,0,0,0,2,0,2,10,4,6
FRANKLIN COUNTY,159,67 Years,131,70,61,116,62,54,5,3,2,0,0,0,3,1,2,7,4,3
FRANKLIN COUNTY,159,68 Years,143,75,68,131,69,62,2,1,1,0,0,0,4,1,3,6,4,2
FRANKLIN COUNTY,159,69 Years,137,62,75,128,59,69,3,1,2,0,0,0,4,0,4,2,2,0
FRANKLIN COUNTY,159,70 Years,133,54,79,124,48,76,0,0,0,0,0,0,3,0,3,6,6,0
FRANKLIN COUNTY,159,71 Years,121,52,69,108,43,65,3,2,1,0,0,0,3,1,2,7,6,1
FRANKLIN COUNTY,159,72 Years,90,43,47,83,39,44,2,1,1,0,0,0,1,1,0,4,2,2
FRANKLIN COUNTY,159,73 Years,107,50,57,95,45,50,4,3,1,1,0,1,3,1,2,4,1,3
FRANKLIN COUNTY,159,74 Years,104,47,57,98,45,53,4,2,2,0,0,0,1,0,1,1,0,1
FRANKLIN COUNTY,159,75 Years,94,42,52,91,41,50,2,0,2,0,0,0,1,1,0,0,0,0
FRANKLIN COUNTY,159,76 Years,85,46,39,78,42,36,2,0,2,0,0,0,2,1,1,3,3,0
FRANKLIN COUNTY,159,77 Years,74,41,33,68,38,30,2,1,1,0,0,0,2,1,1,2,1,1
FRANKLIN COUNTY,159,78 Years,80,40,40,76,38,38,3,1,2,0,0,0,1,1,0,0,0,0
FRANKLIN COUNTY,159,79 Years,87,41,46,79,37,42,6,3,3,0,0,0,2,1,1,0,0,0
FRANKLIN COUNTY,159,80 Years,74,34,40,66,32,34,6,2,4,1,0,1,0,0,0,1,0,1
FRANKLIN COUNTY,159,81 Years,58,25,33,50,22,28,3,1,2,1,0,1,0,0,0,4,2,2
FRANKLIN COUNTY,159,82 Years,54,28,26,51,25,26,1,1,0,0,0,0,0,0,0,2,2,0
FRANKLIN COUNTY,159,83 Years,48,22,26,48,22,26,0,0,0,0,0,0,0,0,0,0,0,0
FRANKLIN COUNTY,159,84 Years,39,15,24,37,15,22,1,0,1,0,0,0,0,0,0,1,0,1
FRANKLIN COUNTY,159,85 Years,35,16,19,34,16,18,1,0,1,0,0,0,0,0,0,0,0,0
FRANKLIN COUNTY,159,86 Years,40,19,21,34,17,17,2,0,2,0,0,0,3,1,2,1,1,0
FRANKLIN COUNTY,159,87 Years,29,12,17,27,11,16,0,0,0,0,0,0,1,0,1,1,1,0
FRANKLIN COUNTY,159,88 Years,26,11,15,24,10,14,1,1,0,0,0,0,0,0,0,1,0,1
FRANKLIN COUNTY,159,89 Years,24,10,14,21,9,12,2,1,1,0,0,0,0,0,0,1,0,1
FRANKLIN COUNTY,159,90 Years,19,7,12,18,7,11,1,0,1,0,0,0,0,0,0,0,0,0
FRANKLIN COUNTY,159,91 Years,16,5,11,13,5,8,1,0,1,0,0,0,1,0,1,1,0,1
FRANKLIN COUNTY,159,92 Years,12,6,6,10,5,5,1,0,1,0,0,0,1,1,0,0,0,0
FRANKLIN COUNTY,159,93 Years,11,4,7,9,3,6,1,0,1,0,0,0,1,1,0,0,0,0
FRANKLIN COUNTY,159,94 Years,8,3,5,8,3,5,0,0,0,0,0,0,0,0,0,0,0,0
FRANKLIN COUNTY,159,95 Years +,20,5,15,15,4,11,3,1,2,0,0,0,1,0,1,1,0,1
FREESTONE COUNTY,161,All Ages,20346,10596,9750,13521,6810,6711,3254,1759,1495,58,30,28,290,156,134,3223,1841,1382
FREESTONE COUNTY,161,< 1 Year,239,117,122,125,64,61,46,22,24,1,1,0,5,2,3,62,28,34
FREESTONE COUNTY,161,1 Years,236,117,119,124,65,59,45,21,24,1,1,0,6,3,3,60,27,33
FREESTONE COUNTY,161,2 Years,241,118,123,122,65,57,50,22,28,1,0,1,4,2,2,64,29,35
FREESTONE COUNTY,161,3 Years,243,122,121,126,69,57,51,22,29,0,0,0,5,2,3,61,29,32
FREESTONE COUNTY,161,4 Years,248,125,123,128,68,60,51,22,29,1,0,1,4,2,2,64,33,31
FREESTONE COUNTY,161,5 Years,260,134,126,134,73,61,53,23,30,1,1,0,4,3,1,68,34,34
FREESTONE COUNTY,161,6 Years,260,128,132,137,71,66,51,20,31,1,1,0,5,4,1,66,32,34
FREESTONE COUNTY,161,7 Years,265,125,140,147,70,77,47,21,26,2,2,0,4,0,4,65,32,33
FREESTONE COUNTY,161,8 Years,241,129,112,131,72,59,40,19,21,0,0,0,5,3,2,65,35,30
FREESTONE COUNTY,161,9 Years,265,154,111,164,99,65,36,22,14,0,0,0,9,4,5,56,29,27
FREESTONE COUNTY,161,10 Years,269,148,121,158,92,66,50,29,21,1,0,1,8,4,4,52,23,29
FREESTONE COUNTY,161,11 Years,249,132,117,138,75,63,44,24,20,1,0,1,8,6,2,58,27,31
FREESTONE COUNTY,161,12 Years,245,120,125,142,66,76,29,15,14,0,0,0,8,4,4,66,35,31
FREESTONE COUNTY,161,13 Years,246,107,139,142,68,74,37,11,26,0,0,0,3,2,1,64,26,38
FREESTONE COUNTY,161,14 Years,252,119,133,151,77,74,36,15,21,0,0,0,5,3,2,60,24,36
FREESTONE COUNTY,161,15 Years,286,149,137,173,88,85,45,29,16,2,2,0,8,5,3,58,25,33
FREESTONE COUNTY,161,16 Years,283,149,134,166,86,80,44,25,19,1,1,0,7,5,2,65,32,33
FREESTONE COUNTY,161,17 Years,263,133,130,157,79,78,45,23,22,0,0,0,3,3,0,58,28,30
FREESTONE COUNTY,161,18 Years,231,125,106,139,72,67,34,18,16,0,0,0,4,2,2,54,33,21
FREESTONE COUNTY,161,19 Years,186,96,90,111,56,55,29,16,13,2,0,2,5,3,2,39,21,18
FREESTONE COUNTY,161,20 Years,175,87,88,104,55,49,28,15,13,0,0,0,4,2,2,39,15,24
FREESTONE COUNTY,161,21 Years,188,98,90,102,54,48,26,13,13,1,1,0,4,3,1,55,27,28
FREESTONE COUNTY,161,22 Years,197,100,97,122,58,64,29,16,13,1,1,0,2,1,1,43,24,19
FREESTONE COUNTY,161,23 Years,223,112,111,142,70,72,32,13,19,0,0,0,2,0,2,47,29,18
FREESTONE COUNTY,161,24 Years,222,119,103,134,70,64,35,17,18,0,0,0,3,0,3,50,32,18
FREESTONE COUNTY,161,25 Years,248,135,113,158,81,77,41,23,18,0,0,0,3,1,2,46,30,16
FREESTONE COUNTY,161,26 Years,226,122,104,145,76,69,31,16,15,0,0,0,4,2,2,46,28,18
FREESTONE COUNTY,161,27 Years,251,145,106,149,86,63,37,23,14,2,0,2,5,5,0,58,31,27
FREESTONE COUNTY,161,28 Years,256,161,95,155,93,62,46,30,16,1,1,0,6,4,2,48,33,15
FREESTONE COUNTY,161,29 Years,250,125,125,152,76,76,47,23,24,0,0,0,5,2,3,46,24,22
FREESTONE COUNTY,161,30 Years,258,138,120,139,67,72,60,32,28,1,1,0,5,4,1,53,34,19
FREESTONE COUNTY,161,31 Years,258,141,117,144,73,71,62,33,29,1,0,1,6,3,3,45,32,13
FREESTONE COUNTY,161,32 Years,236,136,100,139,75,64,42,27,15,2,1,1,5,3,2,48,30,18
FREESTONE COUNTY,161,33 Years,222,125,97,140,73,67,34,23,11,0,0,0,2,1,1,46,28,18
FREESTONE COUNTY,161,34 Years,235,133,102,131,67,64,44,29,15,0,0,0,1,1,0,59,36,23
FREESTONE COUNTY,161,35 Years,259,137,122,147,68,79,44,27,17,0,0,0,2,1,1,66,41,25
FREESTONE COUNTY,161,36 Years,275,154,121,172,86,86,34,21,13,0,0,0,4,3,1,65,44,21
FREESTONE COUNTY,161,37 Years,273,156,117,175,93,82,44,26,18,0,0,0,2,2,0,52,35,17
FREESTONE COUNTY,161,38 Years,280,163,117,165,91,74,50,31,19,0,0,0,5,5,0,60,36,24
FREESTONE COUNTY,161,39 Years,284,173,111,178,97,81,50,36,14,0,0,0,3,1,2,53,39,14
FREESTONE COUNTY,161,40 Years,280,176,104,194,113,81,35,24,11,0,0,0,1,0,1,50,39,11
FREESTONE COUNTY,161,41 Years,282,178,104,183,106,77,42,34,8,0,0,0,2,1,1,55,37,18
FREESTONE COUNTY,161,42 Years,266,163,103,168,93,75,43,35,8,0,0,0,3,1,2,52,34,18
FREESTONE COUNTY,161,43 Years,249,147,102,159,86,73,38,30,8,2,1,1,2,1,1,48,29,19
FREESTONE COUNTY,161,44 Years,223,145,78,141,85,56,32,24,8,1,0,1,4,3,1,45,33,12
FREESTONE COUNTY,161,45 Years,264,151,113,165,89,76,40,27,13,2,0,2,2,1,1,55,34,21
FREESTONE COUNTY,161,46 Years,278,154,124,178,89,89,48,32,16,1,0,1,1,0,1,50,33,17
FREESTONE COUNTY,161,47 Years,282,150,132,191,92,99,42,27,15,3,2,1,2,1,1,44,28,16
FREESTONE COUNTY,161,48 Years,266,147,119,177,90,87,42,26,16,2,1,1,3,2,1,42,28,14
FREESTONE COUNTY,161,49 Years,233,147,86,157,90,67,35,26,9,0,0,0,5,4,1,36,27,9
FREESTONE COUNTY,161,50 Years,233,133,100,156,80,76,37,23,14,0,0,0,3,2,1,37,28,9
FREESTONE COUNTY,161,51 Years,233,126,107,153,75,78,40,26,14,3,1,2,2,1,1,35,23,12
FREESTONE COUNTY,161,52 Years,258,130,128,183,86,97,41,23,18,1,1,0,5,2,3,28,18,10
FREESTONE COUNTY,161,53 Years,282,152,130,202,105,97,42,23,19,0,0,0,5,3,2,33,21,12
FREESTONE COUNTY,161,54 Years,266,153,113,191,103,88,45,30,15,0,0,0,2,0,2,28,20,8
FREESTONE COUNTY,161,55 Years,271,130,141,191,86,105,44,25,19,0,0,0,3,1,2,33,18,15
FREESTONE COUNTY,161,56 Years,272,132,140,198,88,110,47,28,19,0,0,0,4,4,0,23,12,11
FREESTONE COUNTY,161,57 Years,300,153,147,224,112,112,45,22,23,1,1,0,4,3,1,26,15,11
FREESTONE COUNTY,161,58 Years,288,155,133,213,110,103,51,31,20,1,1,0,3,1,2,20,12,8
FREESTONE COUNTY,161,59 Years,282,140,142,213,103,110,47,25,22,2,1,1,2,1,1,18,10,8
FREESTONE COUNTY,161,60 Years,258,130,128,195,98,97,42,22,20,2,1,1,1,0,1,18,9,9
FREESTONE COUNTY,161,61 Years,263,126,137,200,99,101,41,18,23,1,0,1,2,1,1,19,8,11
FREESTONE COUNTY,161,62 Years,282,140,142,215,109,106,44,21,23,0,0,0,3,1,2,20,9,11
FREESTONE COUNTY,161,63 Years,272,141,131,218,112,106,34,17,17,0,0,0,4,2,2,16,10,6
FREESTONE COUNTY,161,64 Years,273,134,139,222,110,112,35,13,22,1,0,1,2,1,1,13,10,3
FREESTONE COUNTY,161,65 Years,240,114,126,196,96,100,33,11,22,0,0,0,1,0,1,10,7,3
FREESTONE COUNTY,161,66 Years,221,110,111,177,87,90,31,14,17,0,0,0,0,0,0,13,9,4
FREESTONE COUNTY,161,67 Years,258,131,127,200,103,97,38,18,20,2,1,1,2,0,2,16,9,7
FREESTONE COUNTY,161,68 Years,245,111,134,200,89,111,30,15,15,2,1,1,1,0,1,12,6,6
FREESTONE COUNTY,161,69 Years,237,102,135,201,86,115,25,12,13,1,0,1,3,1,2,7,3,4
FREESTONE COUNTY,161,70 Years,249,122,127,207,102,105,28,14,14,1,0,1,2,1,1,11,5,6
FREESTONE COUNTY,161,71 Years,191,87,104,149,68,81,31,12,19,1,0,1,0,0,0,10,7,3
FREESTONE COUNTY,161,72 Years,187,81,106,146,64,82,25,8,17,0,0,0,5,2,3,11,7,4
FREESTONE COUNTY,161,73 Years,198,87,111,157,67,90,28,13,15,0,0,0,3,1,2,10,6,4
FREESTONE COUNTY,161,74 Years,195,90,105,158,70,88,27,13,14,0,0,0,3,1,2,7,6,1
FREESTONE COUNTY,161,75 Years,178,81,97,148,65,83,23,10,13,0,0,0,1,1,0,6,5,1
FREESTONE COUNTY,161,76 Years,146,73,73,122,61,61,19,9,10,0,0,0,2,1,1,3,2,1
FREESTONE COUNTY,161,77 Years,129,65,64,108,56,52,16,7,9,1,1,0,2,0,2,2,1,1
FREESTONE COUNTY,161,78 Years,125,60,65,103,52,51,16,6,10,2,2,0,1,0,1,3,0,3
FREESTONE COUNTY,161,79 Years,120,57,63,100,51,49,18,6,12,0,0,0,1,0,1,1,0,1
FREESTONE COUNTY,161,80 Years,108,54,54,89,47,42,17,6,11,0,0,0,1,1,0,1,0,1
FREESTONE COUNTY,161,81 Years,104,45,59,87,38,49,13,5,8,0,0,0,1,0,1,3,2,1
FREESTONE COUNTY,161,82 Years,97,45,52,79,36,43,13,5,8,1,1,0,1,1,0,3,2,1
FREESTONE COUNTY,161,83 Years,82,37,45,67,29,38,12,6,6,0,0,0,0,0,0,3,2,1
FREESTONE COUNTY,161,84 Years,74,28,46,60,21,39,11,6,5,0,0,0,1,0,1,2,1,1
FREESTONE COUNTY,161,85 Years,66,28,38,53,23,30,11,5,6,0,0,0,2,0,2,0,0,0
FREESTONE COUNTY,161,86 Years,69,30,39,56,24,32,9,4,5,0,0,0,1,1,0,3,1,2
FREESTONE COUNTY,161,87 Years,63,25,38,50,18,32,9,4,5,0,0,0,1,1,0,3,2,1
FREESTONE COUNTY,161,88 Years,47,15,32,36,10,26,9,4,5,0,0,0,0,0,0,2,1,1
FREESTONE COUNTY,161,89 Years,43,16,27,34,12,22,8,4,4,0,0,0,0,0,0,1,0,1
FREESTONE COUNTY,161,90 Years,44,13,31,35,10,25,7,3,4,0,0,0,1,0,1,1,0,1
FREESTONE COUNTY,161,91 Years,36,13,23,28,10,18,7,3,4,0,0,0,0,0,0,1,0,1
FREESTONE COUNTY,161,92 Years,27,9,18,20,6,14,5,2,3,0,0,0,1,1,0,1,0,1
FREESTONE COUNTY,161,93 Years,23,6,17,18,4,14,5,2,3,0,0,0,0,0,0,0,0,0
FREESTONE COUNTY,161,94 Years,19,6,13,12,4,8,7,2,5,0,0,0,0,0,0,0,0,0
FREESTONE COUNTY,161,95 Years +,45,15,30,30,8,22,12,5,7,0,0,0,0,0,0,3,2,1
FRIO COUNTY,163,All Ages,18767,11035,7732,2804,1510,1294,530,493,37,371,344,27,147,77,70,14915,8611,6304
FRIO COUNTY,163,< 1 Year,236,114,122,26,12,14,1,0,1,0,0,0,2,1,1,207,101,106
FRIO COUNTY,163,1 Years,236,118,118,24,11,13,0,0,0,1,1,0,3,2,1,208,104,104
FRIO COUNTY,163,2 Years,249,122,127,28,14,14,1,0,1,2,1,1,2,1,1,216,106,110
FRIO COUNTY,163,3 Years,258,129,129,31,16,15,2,1,1,2,1,1,3,1,2,220,110,110
FRIO COUNTY,163,4 Years,263,136,127,34,19,15,1,1,0,2,1,1,3,1,2,223,114,109
FRIO COUNTY,163,5 Years,251,127,124,32,17,15,0,0,0,2,1,1,4,2,2,213,107,106
FRIO COUNTY,163,6 Years,247,125,122,30,16,14,0,0,0,2,2,0,2,1,1,213,106,107
FRIO COUNTY,163,7 Years,251,131,120,28,15,13,0,0,0,0,0,0,1,1,0,222,115,107
FRIO COUNTY,163,8 Years,233,120,113,21,11,10,0,0,0,0,0,0,3,0,3,209,109,100
FRIO COUNTY,163,9 Years,250,143,107,22,11,11,0,0,0,0,0,0,1,0,1,227,132,95
FRIO COUNTY,163,10 Years,242,122,120,25,11,14,1,1,0,0,0,0,2,1,1,214,109,105
FRIO COUNTY,163,11 Years,256,131,125,21,11,10,2,0,2,0,0,0,2,1,1,231,119,112
FRIO COUNTY,163,12 Years,241,121,120,20,11,9,2,1,1,0,0,0,2,1,1,217,108,109
FRIO COUNTY,163,13 Years,215,108,107,21,8,13,1,1,0,0,0,0,1,1,0,192,98,94
FRIO COUNTY,163,14 Years,226,117,109,26,8,18,0,0,0,0,0,0,2,1,1,198,108,90
FRIO COUNTY,163,15 Years,255,121,134,28,17,11,0,0,0,1,0,1,1,0,1,225,104,121
FRIO COUNTY,163,16 Years,267,145,122,23,13,10,0,0,0,0,0,0,2,0,2,242,132,110
FRIO COUNTY,163,17 Years,278,152,126,31,17,14,1,1,0,0,0,0,2,2,0,244,132,112
FRIO COUNTY,163,18 Years,301,188,113,29,16,13,8,8,0,4,3,1,3,2,1,257,159,98
FRIO COUNTY,163,19 Years,282,190,92,21,13,8,6,5,1,18,17,1,2,1,1,235,154,81
FRIO COUNTY,163,20 Years,318,232,86,26,15,11,13,13,0,9,8,1,5,3,2,265,193,72
FRIO COUNTY,163,21 Years,339,258,81,27,20,7,25,24,1,14,14,0,6,5,1,267,195,72
FRIO COUNTY,163,22 Years,379,274,105,38,26,12,27,26,1,15,15,0,1,0,1,298,207,91
FRIO COUNTY,163,23 Years,422,309,113,36,25,11,40,39,1,14,14,0,4,2,2,328,229,99
FRIO COUNTY,163,24 Years,425,304,121,46,36,10,31,31,0,11,10,1,2,1,1,335,226,109
FRIO COUNTY,163,25 Years,432,304,128,38,25,13,25,25,0,18,18,0,5,4,1,346,232,114
FRIO COUNTY,163,26 Years,423,303,120,29,20,9,26,26,0,17,17,0,3,2,1,348,238,110
FRIO COUNTY,163,27 Years,358,271,87,23,15,8,24,24,0,20,19,1,4,1,3,287,212,75
FRIO COUNTY,163,28 Years,344,249,95,21,8,13,23,22,1,22,21,1,5,3,2,273,195,78
FRIO COUNTY,163,29 Years,316,232,84,24,15,9,25,25,0,18,17,1,1,1,0,248,174,74
FRIO COUNTY,163,30 Years,354,264,90,23,12,11,29,29,0,18,18,0,3,1,2,281,204,77
FRIO COUNTY,163,31 Years,326,229,97,30,16,14,21,20,1,15,15,0,3,1,2,257,177,80
FRIO COUNTY,163,32 Years,334,240,94,34,23,11,17,17,0,23,23,0,2,2,0,258,175,83
FRIO COUNTY,163,33 Years,304,206,98,37,25,12,17,17,0,8,8,0,0,0,0,242,156,86
FRIO COUNTY,163,34 Years,344,231,113,35,22,13,26,26,0,9,8,1,2,2,0,272,173,99
FRIO COUNTY,163,35 Years,271,179,92,26,15,11,18,18,0,13,13,0,1,1,0,213,132,81
FRIO COUNTY,163,36 Years,226,136,90,29,17,12,10,10,0,7,6,1,0,0,0,180,103,77
FRIO COUNTY,163,37 Years,263,169,94,32,17,15,13,12,1,10,9,1,3,3,0,205,128,77
FRIO COUNTY,163,38 Years,242,154,88,30,17,13,6,5,1,9,8,1,1,1,0,196,123,73
FRIO COUNTY,163,39 Years,223,149,74,25,16,9,8,7,1,5,5,0,1,0,1,184,121,63
FRIO COUNTY,163,40 Years,205,121,84,25,16,9,8,7,1,5,3,2,1,0,1,166,95,71
FRIO COUNTY,163,41 Years,193,116,77,22,12,10,6,5,1,3,2,1,0,0,0,162,97,65
FRIO COUNTY,163,42 Years,210,130,80,26,17,9,3,3,0,4,3,1,1,1,0,176,106,70
FRIO COUNTY,163,43 Years,206,118,88,24,16,8,6,5,1,6,6,0,1,0,1,169,91,78
FRIO COUNTY,163,44 Years,203,117,86,24,16,8,7,5,2,6,5,1,1,0,1,165,91,74
FRIO COUNTY,163,45 Years,188,110,78,19,12,7,5,5,0,2,2,0,2,1,1,160,90,70
FRIO COUNTY,163,46 Years,190,106,84,27,12,15,3,2,1,8,8,0,1,1,0,151,83,68
FRIO COUNTY,163,47 Years,190,116,74,34,16,18,3,3,0,5,4,1,3,2,1,145,91,54
FRIO COUNTY,163,48 Years,178,99,79,28,14,14,6,5,1,2,2,0,1,1,0,141,77,64
FRIO COUNTY,163,49 Years,175,106,69,31,18,13,2,1,1,2,2,0,1,1,0,139,84,55
FRIO COUNTY,163,50 Years,194,105,89,33,15,18,4,3,1,3,3,0,2,0,2,152,84,68
FRIO COUNTY,163,51 Years,199,91,108,25,12,13,1,0,1,2,1,1,2,1,1,169,77,92
FRIO COUNTY,163,52 Years,190,100,90,25,15,10,1,0,1,2,2,0,2,1,1,160,82,78
FRIO COUNTY,163,53 Years,211,100,111,46,19,27,0,0,0,0,0,0,4,1,3,161,80,81
FRIO COUNTY,163,54 Years,189,105,84,44,19,25,0,0,0,2,2,0,3,2,1,140,82,58
FRIO COUNTY,163,55 Years,160,85,75,42,24,18,0,0,0,1,1,0,1,1,0,116,59,57
FRIO COUNTY,163,56 Years,156,81,75,40,26,14,0,0,0,0,0,0,0,0,0,116,55,61
FRIO COUNTY,163,57 Years,177,101,76,41,26,15,0,0,0,1,1,0,4,1,3,131,73,58
FRIO COUNTY,163,58 Years,191,105,86,42,26,16,3,2,1,1,0,1,2,1,1,143,76,67
FRIO COUNTY,163,59 Years,184,96,88,39,20,19,4,2,2,0,0,0,2,1,1,139,73,66
FRIO COUNTY,163,60 Years,180,86,94,42,18,24,2,1,1,1,1,0,0,0,0,135,66,69
FRIO COUNTY,163,61 Years,166,82,84,41,19,22,1,1,0,0,0,0,2,0,2,122,62,60
FRIO COUNTY,163,62 Years,160,82,78,45,24,21,1,0,1,0,0,0,2,1,1,112,57,55
FRIO COUNTY,163,63 Years,156,84,72,47,24,23,2,2,0,0,0,0,1,0,1,106,58,48
FRIO COUNTY,163,64 Years,156,79,77,48,24,24,2,1,1,0,0,0,0,0,0,106,54,52
FRIO COUNTY,163,65 Years,147,66,81,51,26,25,1,0,1,0,0,0,1,1,0,94,39,55
FRIO COUNTY,163,66 Years,153,71,82,46,22,24,0,0,0,0,0,0,2,1,1,105,48,57
FRIO COUNTY,163,67 Years,177,96,81,52,29,23,0,0,0,0,0,0,1,0,1,124,67,57
FRIO COUNTY,163,68 Years,169,80,89,52,26,26,1,1,0,0,0,0,0,0,0,116,53,63
FRIO COUNTY,163,69 Years,149,66,83,49,22,27,1,0,1,1,1,0,0,0,0,98,43,55
FRIO COUNTY,163,70 Years,130,63,67,31,16,15,1,0,1,0,0,0,0,0,0,98,47,51
FRIO COUNTY,163,71 Years,130,57,73,37,21,16,0,0,0,0,0,0,0,0,0,93,36,57
FRIO COUNTY,163,72 Years,136,65,71,38,21,17,0,0,0,1,0,1,0,0,0,97,44,53
FRIO COUNTY,163,73 Years,133,71,62,41,21,20,1,1,0,0,0,0,1,1,0,90,48,42
FRIO COUNTY,163,74 Years,118,55,63,40,20,20,1,1,0,0,0,0,2,1,1,75,33,42
FRIO COUNTY,163,75 Years,99,48,51,30,15,15,0,0,0,1,0,1,0,0,0,68,33,35
FRIO COUNTY,163,76 Years,92,42,50,34,13,21,1,1,0,0,0,0,1,1,0,56,27,29
FRIO COUNTY,163,77 Years,88,49,39,35,18,17,0,0,0,0,0,0,0,0,0,53,31,22
FRIO COUNTY,163,78 Years,79,35,44,31,14,17,0,0,0,1,0,1,1,0,1,46,21,25
FRIO COUNTY,163,79 Years,75,37,38,31,16,15,1,1,0,0,0,0,0,0,0,43,20,23
FRIO COUNTY,163,80 Years,80,37,43,27,14,13,0,0,0,0,0,0,0,0,0,53,23,30
FRIO COUNTY,163,81 Years,71,33,38,25,14,11,0,0,0,0,0,0,0,0,0,46,19,27
FRIO COUNTY,163,82 Years,74,32,42,18,11,7,2,0,2,1,1,0,0,0,0,53,20,33
FRIO COUNTY,163,83 Years,62,25,37,19,8,11,0,0,0,1,1,0,0,0,0,42,16,26
FRIO COUNTY,163,84 Years,45,20,25,17,7,10,0,0,0,0,0,0,0,0,0,28,13,15
FRIO COUNTY,163,85 Years,42,19,23,16,6,10,0,0,0,0,0,0,0,0,0,26,13,13
FRIO COUNTY,163,86 Years,40,16,24,16,5,11,0,0,0,0,0,0,0,0,0,24,11,13
FRIO COUNTY,163,87 Years,33,11,22,12,4,8,0,0,0,0,0,0,1,1,0,20,6,14
FRIO COUNTY,163,88 Years,33,15,18,15,8,7,0,0,0,0,0,0,1,0,1,17,7,10
FRIO COUNTY,163,89 Years,25,13,12,10,4,6,0,0,0,0,0,0,1,1,0,14,8,6
FRIO COUNTY,163,90 Years,22,7,15,10,3,7,0,0,0,0,0,0,0,0,0,12,4,8
FRIO COUNTY,163,91 Years,18,6,12,7,3,4,0,0,0,0,0,0,0,0,0,11,3,8
FRIO COUNTY,163,92 Years,13,7,6,5,2,3,0,0,0,0,0,0,0,0,0,8,5,3
FRIO COUNTY,163,93 Years,11,5,6,5,3,2,0,0,0,0,0,0,0,0,0,6,2,4
FRIO COUNTY,163,94 Years,10,4,6,4,2,2,0,0,0,0,0,0,0,0,0,6,2,4
FRIO COUNTY,163,95 Years +,26,10,16,10,4,6,0,0,0,0,0,0,1,0,1,15,6,9
GAINES COUNTY,165,All Ages,20598,10475,10123,11497,5758,5739,304,149,155,65,27,38,196,99,97,8536,4442,4094
GAINES COUNTY,165,< 1 Year,376,198,178,216,117,99,7,4,3,5,1,4,2,1,1,146,75,71
GAINES COUNTY,165,1 Years,389,204,185,222,119,103,7,3,4,6,2,4,2,1,1,152,79,73
GAINES COUNTY,165,2 Years,383,192,191,213,108,105,5,2,3,3,1,2,2,1,1,160,80,80
GAINES COUNTY,165,3 Years,379,187,192,208,105,103,6,2,4,4,1,3,1,0,1,160,79,81
GAINES COUNTY,165,4 Years,354,175,179,189,99,90,7,3,4,3,1,2,1,0,1,154,72,82
GAINES COUNTY,165,5 Years,349,178,171,185,101,84,8,4,4,3,1,2,1,0,1,152,72,80
GAINES COUNTY,165,6 Years,341,180,161,179,100,79,7,3,4,2,1,1,1,0,1,152,76,76
GAINES COUNTY,165,7 Years,385,206,179,192,114,78,7,2,5,2,2,0,1,0,1,183,88,95
GAINES COUNTY,165,8 Years,419,220,199,221,116,105,9,5,4,1,1,0,2,1,1,186,97,89
GAINES COUNTY,165,9 Years,426,213,213,233,112,121,5,2,3,0,0,0,6,2,4,182,97,85
GAINES COUNTY,165,10 Years,401,196,205,228,101,127,6,3,3,0,0,0,3,1,2,164,91,73
GAINES COUNTY,165,11 Years,416,211,205,231,120,111,6,4,2,0,0,0,2,0,2,177,87,90
GAINES COUNTY,165,12 Years,410,196,214,221,109,112,3,1,2,1,0,1,4,0,4,181,86,95
GAINES COUNTY,165,13 Years,413,200,213,215,105,110,4,3,1,1,1,0,3,0,3,190,91,99
GAINES COUNTY,165,14 Years,398,201,197,207,109,98,4,3,1,1,1,0,4,1,3,182,87,95
GAINES COUNTY,165,15 Years,361,189,172,195,104,91,2,1,1,1,1,0,1,0,1,162,83,79
GAINES COUNTY,165,16 Years,368,178,190,199,101,98,5,3,2,0,0,0,0,0,0,164,74,90
GAINES COUNTY,165,17 Years,354,168,186,191,95,96,5,4,1,1,0,1,4,2,2,153,67,86
GAINES COUNTY,165,18 Years,327,161,166,177,87,90,3,2,1,2,1,1,4,3,1,141,68,73
GAINES COUNTY,165,19 Years,278,148,130,141,74,67,3,2,1,2,2,0,7,4,3,125,66,59
GAINES COUNTY,165,20 Years,253,135,118,129,67,62,4,1,3,0,0,0,6,4,2,114,63,51
GAINES COUNTY,165,21 Years,271,145,126,132,67,65,5,2,3,1,1,0,7,4,3,126,71,55
GAINES COUNTY,165,22 Years,269,143,126,130,66,64,4,2,2,1,0,1,6,4,2,128,71,57
GAINES COUNTY,165,23 Years,271,144,127,145,76,69,4,2,2,1,0,1,4,3,1,117,63,54
GAINES COUNTY,165,24 Years,301,159,142,158,82,76,7,3,4,1,1,0,8,3,5,127,70,57
GAINES COUNTY,165,25 Years,335,185,150,171,86,85,6,4,2,0,0,0,11,8,3,147,87,60
GAINES COUNTY,165,26 Years,311,177,134,167,87,80,5,4,1,0,0,0,3,3,0,136,83,53
GAINES COUNTY,165,27 Years,287,156,131,154,75,79,4,3,1,0,0,0,4,4,0,125,74,51
GAINES COUNTY,165,28 Years,313,164,149,168,80,88,3,2,1,0,0,0,4,2,2,138,80,58
GAINES COUNTY,165,29 Years,308,158,150,170,86,84,3,2,1,0,0,0,1,1,0,134,69,65
GAINES COUNTY,165,30 Years,287,158,129,156,88,68,2,1,1,0,0,0,1,0,1,128,69,59
GAINES COUNTY,165,31 Years,303,163,140,172,87,85,4,3,1,0,0,0,1,0,1,126,73,53
GAINES COUNTY,165,32 Years,288,138,150,160,81,79,4,2,2,0,0,0,2,0,2,122,55,67
GAINES COUNTY,165,33 Years,308,162,146,173,96,77,2,1,1,2,0,2,1,0,1,130,65,65
GAINES COUNTY,165,34 Years,286,146,140,158,86,72,3,2,1,1,0,1,1,0,1,123,58,65
GAINES COUNTY,165,35 Years,272,143,129,152,84,68,4,2,2,0,0,0,2,1,1,114,56,58
GAINES COUNTY,165,36 Years,289,154,135,157,87,70,3,1,2,0,0,0,2,0,2,127,66,61
GAINES COUNTY,165,37 Years,273,137,136,150,75,75,1,1,0,0,0,0,1,0,1,121,61,60
GAINES COUNTY,165,38 Years,260,128,132,146,74,72,0,0,0,0,0,0,1,0,1,113,54,59
GAINES COUNTY,165,39 Years,246,120,126,134,68,66,2,1,1,0,0,0,2,1,1,108,50,58
GAINES COUNTY,165,40 Years,253,128,125,127,62,65,3,1,2,0,0,0,1,1,0,122,64,58
GAINES COUNTY,165,41 Years,249,124,125,133,60,73,4,2,2,1,0,1,2,1,1,109,61,48
GAINES COUNTY,165,42 Years,218,104,114,123,52,71,2,0,2,1,0,1,3,3,0,89,49,40
GAINES COUNTY,165,43 Years,215,109,106,126,61,65,5,1,4,0,0,0,0,0,0,84,47,37
GAINES COUNTY,165,44 Years,198,98,100,108,51,57,2,1,1,0,0,0,2,0,2,86,46,40
GAINES COUNTY,165,45 Years,213,103,110,124,53,71,2,2,0,1,0,1,3,2,1,83,46,37
GAINES COUNTY,165,46 Years,201,89,112,120,48,72,6,2,4,1,0,1,0,0,0,74,39,35
GAINES COUNTY,165,47 Years,210,104,106,137,61,76,3,0,3,1,0,1,1,0,1,68,43,25
GAINES COUNTY,165,48 Years,202,97,105,116,54,62,1,0,1,0,0,0,2,1,1,83,42,41
GAINES COUNTY,165,49 Years,223,109,114,129,65,64,3,1,2,1,0,1,0,0,0,90,43,47
GAINES COUNTY,165,50 Years,210,106,104,120,60,60,1,1,0,2,1,1,0,0,0,87,44,43
GAINES COUNTY,165,51 Years,209,104,105,120,57,63,3,2,1,0,0,0,2,2,0,84,43,41
GAINES COUNTY,165,52 Years,235,119,116,137,69,68,6,2,4,1,1,0,3,3,0,88,44,44
GAINES COUNTY,165,53 Years,237,128,109,136,78,58,4,1,3,1,1,0,1,1,0,95,47,48
GAINES COUNTY,165,54 Years,232,116,116,135,71,64,5,0,5,1,1,0,1,1,0,90,43,47
GAINES COUNTY,165,55 Years,234,117,117,128,66,62,7,5,2,1,1,0,4,0,4,94,45,49
GAINES COUNTY,165,56 Years,228,117,111,124,56,68,4,3,1,2,1,1,3,2,1,95,55,40
GAINES COUNTY,165,57 Years,232,125,107,133,66,67,5,4,1,1,0,1,5,2,3,88,53,35
GAINES COUNTY,165,58 Years,215,124,91,124,67,57,2,2,0,1,0,1,5,3,2,83,52,31
GAINES COUNTY,165,59 Years,203,116,87,103,56,47,4,2,2,1,1,0,3,2,1,92,55,37
GAINES COUNTY,165,60 Years,185,94,91,103,50,53,5,3,2,0,0,0,4,2,2,73,39,34
GAINES COUNTY,165,61 Years,167,88,79,93,50,43,2,1,1,0,0,0,4,2,2,68,35,33
GAINES COUNTY,165,62 Years,160,84,76,90,43,47,0,0,0,0,0,0,2,2,0,68,39,29
GAINES COUNTY,165,63 Years,146,72,74,87,40,47,1,0,1,0,0,0,4,3,1,54,29,25
GAINES COUNTY,165,64 Years,156,75,81,97,43,54,2,1,1,0,0,0,2,1,1,55,30,25
GAINES COUNTY,165,65 Years,147,75,72,91,48,43,2,1,1,0,0,0,1,0,1,53,26,27
GAINES COUNTY,165,66 Years,116,54,62,72,32,40,0,0,0,0,0,0,1,0,1,43,22,21
GAINES COUNTY,165,67 Years,120,54,66,74,33,41,2,1,1,0,0,0,1,0,1,43,20,23
GAINES COUNTY,165,68 Years,127,69,58,79,41,38,1,1,0,0,0,0,1,0,1,46,27,19
GAINES COUNTY,165,69 Years,124,61,63,77,39,38,1,1,0,0,0,0,1,1,0,45,20,25
GAINES COUNTY,165,70 Years,106,57,49,65,36,29,0,0,0,1,1,0,3,3,0,37,17,20
GAINES COUNTY,165,71 Years,93,51,42,58,32,26,2,1,1,0,0,0,2,1,1,31,17,14
GAINES COUNTY,165,72 Years,103,45,58,71,30,41,1,1,0,0,0,0,1,0,1,30,14,16
GAINES COUNTY,165,73 Years,96,44,52,65,30,35,2,1,1,0,0,0,1,1,0,28,12,16
GAINES COUNTY,165,74 Years,101,52,49,69,32,37,2,1,1,0,0,0,1,0,1,29,19,10
GAINES COUNTY,165,75 Years,96,45,51,63,24,39,4,1,3,0,0,0,1,1,0,28,19,9
GAINES COUNTY,165,76 Years,65,29,36,42,15,27,1,1,0,0,0,0,1,1,0,21,12,9
GAINES COUNTY,165,77 Years,73,31,42,51,20,31,1,0,1,0,0,0,0,0,0,21,11,10
GAINES COUNTY,165,78 Years,73,32,41,56,26,30,1,0,1,0,0,0,0,0,0,16,6,10
GAINES COUNTY,165,79 Years,68,35,33,49,26,23,3,2,1,0,0,0,0,0,0,16,7,9
GAINES COUNTY,165,80 Years,74,33,41,47,19,28,3,0,3,0,0,0,1,0,1,23,14,9
GAINES COUNTY,165,81 Years,72,40,32,44,21,23,1,0,1,0,0,0,1,1,0,26,18,8
GAINES COUNTY,165,82 Years,64,34,30,40,19,21,1,1,0,0,0,0,1,0,1,22,14,8
GAINES COUNTY,165,83 Years,55,24,31,35,13,22,4,2,2,0,0,0,0,0,0,16,9,7
GAINES COUNTY,165,84 Years,45,17,28,33,12,21,3,0,3,0,0,0,0,0,0,9,5,4
GAINES COUNTY,165,85 Years,45,19,26,33,12,21,2,0,2,0,0,0,0,0,0,10,7,3
GAINES COUNTY,165,86 Years,44,21,23,32,13,19,2,1,1,0,0,0,0,0,0,10,7,3
GAINES COUNTY,165,87 Years,38,18,20,32,13,19,1,0,1,0,0,0,0,0,0,5,5,0
GAINES COUNTY,165,88 Years,33,13,20,22,8,14,1,0,1,0,0,0,0,0,0,10,5,5
GAINES COUNTY,165,89 Years,28,15,13,17,9,8,0,0,0,0,0,0,1,1,0,10,5,5
GAINES COUNTY,165,90 Years,19,11,8,12,5,7,1,1,0,0,0,0,0,0,0,6,5,1
GAINES COUNTY,165,91 Years,21,9,12,14,5,9,0,0,0,0,0,0,0,0,0,7,4,3
GAINES COUNTY,165,92 Years,17,9,8,10,5,5,0,0,0,1,0,1,0,0,0,6,4,2
GAINES COUNTY,165,93 Years,9,4,5,5,3,2,0,0,0,1,0,1,0,0,0,3,1,2
GAINES COUNTY,165,94 Years,9,3,6,6,2,4,0,0,0,0,0,0,0,0,0,3,1,2
GAINES COUNTY,165,95 Years +,28,5,23,15,2,13,1,0,1,0,0,0,1,0,1,11,3,8
GALVESTON COUNTY,167,All Ages,334128,164863,169265,189998,93988,96010,43142,20328,22814,11582,5535,6047,7620,3848,3772,81786,41164,40622
GALVESTON COUNTY,167,< 1 Year,4238,2152,2086,1915,952,963,642,332,310,113,62,51,201,108,93,1367,698,669
GALVESTON COUNTY,167,1 Years,4312,2204,2108,1946,989,957,638,324,314,115,63,52,195,103,92,1418,725,693
GALVESTON COUNTY,167,2 Years,4452,2281,2171,2059,1051,1008,651,335,316,118,66,52,182,99,83,1442,730,712
GALVESTON COUNTY,167,3 Years,4459,2275,2184,2065,1060,1005,647,327,320,121,66,55,175,95,80,1451,727,724
GALVESTON COUNTY,167,4 Years,4439,2244,2195,2063,1043,1020,640,325,315,125,66,59,179,97,82,1432,713,719
GALVESTON COUNTY,167,5 Years,4446,2262,2184,2025,1038,987,632,322,310,131,67,64,188,97,91,1470,738,732
GALVESTON COUNTY,167,6 Years,4537,2296,2241,2047,1048,999,633,318,315,141,68,73,189,93,96,1527,769,758
GALVESTON COUNTY,167,7 Years,4430,2223,2207,1983,999,984,625,306,319,134,61,73,176,91,85,1512,766,746
GALVESTON COUNTY,167,8 Years,4498,2315,2183,2030,1056,974,656,327,329,128,66,62,175,90,85,1509,776,733
GALVESTON COUNTY,167,9 Years,4632,2409,2223,2060,1064,996,676,352,324,146,86,60,174,89,85,1576,818,758
GALVESTON COUNTY,167,10 Years,4674,2404,2270,2118,1082,1036,664,350,314,151,81,70,158,83,75,1583,808,775
GALVESTON COUNTY,167,11 Years,4573,2339,2234,2112,1077,1035,673,353,320,155,75,80,162,93,69,1471,741,730
GALVESTON COUNTY,167,12 Years,4540,2332,2208,2144,1110,1034,597,321,276,156,73,83,158,81,77,1485,747,738
GALVESTON COUNTY,167,13 Years,4679,2466,2213,2267,1187,1080,624,333,291,160,83,77,147,80,67,1481,783,698
GALVESTON COUNTY,167,14 Years,4647,2385,2262,2200,1123,1077,685,340,345,168,88,80,139,64,75,1455,770,685
GALVESTON COUNTY,167,15 Years,4530,2321,2209,2154,1105,1049,614,291,323,148,74,74,139,68,71,1475,783,692
GALVESTON COUNTY,167,16 Years,4628,2405,2223,2237,1150,1087,598,306,292,161,75,86,153,82,71,1479,792,687
GALVESTON COUNTY,167,17 Years,4613,2397,2216,2231,1183,1048,634,308,326,155,79,76,144,76,68,1449,751,698
GALVESTON COUNTY,167,18 Years,4399,2307,2092,2195,1161,1034,579,308,271,142,76,66,127,72,55,1356,690,666
GALVESTON COUNTY,167,19 Years,3965,2067,1898,1928,1031,897,542,278,264,130,65,65,119,60,59,1246,633,613
GALVESTON COUNTY,167,20 Years,3753,1916,1837,1810,947,863,491,246,245,126,51,75,122,60,62,1204,612,592
GALVESTON COUNTY,167,21 Years,3755,1915,1840,1798,936,862,484,240,244,140,55,85,121,58,63,1212,626,586
GALVESTON COUNTY,167,22 Years,3888,1928,1960,1864,919,945,544,274,270,140,60,80,100,50,50,1240,625,615
GALVESTON COUNTY,167,23 Years,4222,2103,2119,2081,1050,1031,601,297,304,162,78,84,100,51,49,1278,627,651
GALVESTON COUNTY,167,24 Years,4512,2219,2293,2236,1134,1102,707,336,371,181,78,103,112,51,61,1276,620,656
GALVESTON COUNTY,167,25 Years,4762,2388,2374,2439,1246,1193,720,345,375,152,64,88,118,61,57,1333,672,661
GALVESTON COUNTY,167,26 Years,4981,2513,2468,2623,1339,1284,729,341,388,158,81,77,112,59,53,1359,693,666
GALVESTON COUNTY,167,27 Years,4846,2465,2381,2573,1278,1295,700,364,336,167,88,79,101,50,51,1305,685,620
GALVESTON COUNTY,167,28 Years,4523,2281,2242,2389,1173,1216,659,339,320,156,80,76,90,48,42,1229,641,588
GALVESTON COUNTY,167,29 Years,4450,2179,2271,2357,1172,1185,623,270,353,181,83,98,90,48,42,1199,606,593
GALVESTON COUNTY,167,30 Years,4594,2216,2378,2472,1215,1257,586,242,344,215,98,117,87,40,47,1234,621,613
GALVESTON COUNTY,167,31 Years,4743,2373,2370,2596,1306,1290,585,282,303,191,88,103,88,44,44,1283,653,630
GALVESTON COUNTY,167,32 Years,4681,2379,2302,2532,1289,1243,594,303,291,192,94,98,78,36,42,1285,657,628
GALVESTON COUNTY,167,33 Years,4523,2171,2352,2463,1178,1285,591,270,321,173,83,90,66,36,30,1230,604,626
GALVESTON COUNTY,167,34 Years,4476,2172,2304,2422,1149,1273,560,275,285,170,80,90,72,35,37,1252,633,619
GALVESTON COUNTY,167,35 Years,4451,2183,2268,2454,1182,1272,547,280,267,183,80,103,86,36,50,1181,605,576
GALVESTON COUNTY,167,36 Years,4598,2219,2379,2499,1188,1311,628,296,332,176,71,105,80,37,43,1215,627,588
GALVESTON COUNTY,167,37 Years,4732,2336,2396,2563,1263,1300,656,301,355,169,71,98,88,42,46,1256,659,597
GALVESTON COUNTY,167,38 Years,4464,2215,2249,2474,1228,1246,567,259,308,160,80,80,89,37,52,1174,611,563
GALVESTON COUNTY,167,39 Years,4221,2081,2140,2348,1155,1193,519,243,276,128,56,72,79,37,42,1147,590,557
GALVESTON COUNTY,167,40 Years,4131,2050,2081,2253,1140,1113,513,232,281,150,52,98,86,50,36,1129,576,553
GALVESTON COUNTY,167,41 Years,4137,2044,2093,2243,1098,1145,508,239,269,167,76,91,89,52,37,1130,579,551
GALVESTON COUNTY,167,42 Years,4141,2068,2073,2268,1108,1160,475,237,238,186,91,95,81,42,39,1131,590,541
GALVESTON COUNTY,167,43 Years,4115,1999,2116,2280,1105,1175,479,214,265,176,83,93,80,37,43,1100,560,540
GALVESTON COUNTY,167,44 Years,4184,2060,2124,2371,1173,1198,471,213,258,196,89,107,74,35,39,1072,550,522
GALVESTON COUNTY,167,45 Years,4216,2084,2132,2371,1182,1189,464,224,240,207,94,113,91,41,50,1083,543,540
GALVESTON COUNTY,167,46 Years,4601,2257,2344,2777,1372,1405,474,220,254,200,96,104,93,42,51,1057,527,530
GALVESTON COUNTY,167,47 Years,4495,2190,2305,2753,1366,1387,454,217,237,200,93,107,77,37,40,1011,477,534
GALVESTON COUNTY,167,48 Years,4192,2085,2107,2540,1288,1252,418,207,211,198,86,112,64,27,37,972,477,495
GALVESTON COUNTY,167,49 Years,4145,2016,2129,2529,1246,1283,438,204,234,181,77,104,72,32,40,925,457,468
GALVESTON COUNTY,167,50 Years,4050,1994,2056,2454,1214,1240,469,229,240,186,86,100,43,22,21,898,443,455
GALVESTON COUNTY,167,51 Years,4245,2042,2203,2566,1251,1315,529,248,281,204,100,104,67,35,32,879,408,471
GALVESTON COUNTY,167,52 Years,4452,2149,2303,2704,1335,1369,553,236,317,196,95,101,71,28,43,928,455,473
GALVESTON COUNTY,167,53 Years,4495,2196,2299,2837,1396,1441,555,246,309,182,92,90,82,36,46,839,426,413
GALVESTON COUNTY,167,54 Years,4666,2319,2347,3034,1524,1510,538,246,292,178,83,95,71,37,34,845,429,416
GALVESTON COUNTY,167,55 Years,4738,2321,2417,3080,1508,1572,560,266,294,181,85,96,79,50,29,838,412,426
GALVESTON COUNTY,167,56 Years,4825,2381,2444,3164,1565,1599,584,273,311,174,88,86,89,47,42,814,408,406
GALVESTON COUNTY,167,57 Years,4844,2397,2447,3216,1590,1626,588,273,315,167,92,75,90,45,45,783,397,386
GALVESTON COUNTY,167,58 Years,4703,2297,2406,3153,1558,1595,588,260,328,159,85,74,76,28,48,727,366,361
GALVESTON COUNTY,167,59 Years,4566,2243,2323,3056,1509,1547,555,255,300,157,81,76,78,44,34,720,354,366
GALVESTON COUNTY,167,60 Years,4442,2204,2238,3004,1493,1511,543,260,283,151,77,74,74,34,40,670,340,330
GALVESTON COUNTY,167,61 Years,4311,2137,2174,2928,1460,1468,542,260,282,143,70,73,75,35,40,623,312,311
GALVESTON COUNTY,167,62 Years,4185,2033,2152,2863,1431,1432,526,229,297,148,64,84,65,37,28,583,272,311
GALVESTON COUNTY,167,63 Years,4044,1934,2110,2776,1373,1403,520,212,308,125,49,76,57,29,28,566,271,295
GALVESTON COUNTY,167,64 Years,3902,1907,1995,2691,1347,1344,510,210,300,114,60,54,52,26,26,535,264,271
GALVESTON COUNTY,167,65 Years,3698,1794,1904,2580,1286,1294,455,189,266,94,52,42,61,30,31,508,237,271
GALVESTON COUNTY,167,66 Years,3400,1653,1747,2336,1167,1169,426,178,248,95,50,45,50,25,25,493,233,260
GALVESTON COUNTY,167,67 Years,3293,1601,1692,2279,1138,1141,421,179,242,92,47,45,44,24,20,457,213,244
GALVESTON COUNTY,167,68 Years,3113,1478,1635,2169,1052,1117,393,167,226,89,42,47,43,22,21,419,195,224
GALVESTON COUNTY,167,69 Years,3114,1484,1630,2284,1121,1163,360,144,216,66,31,35,31,12,19,373,176,197
GALVESTON COUNTY,167,70 Years,2967,1449,1518,2189,1085,1104,316,152,164,66,35,31,37,20,17,359,157,202
GALVESTON COUNTY,167,71 Years,2388,1155,1233,1715,854,861,285,128,157,56,22,34,31,17,14,301,134,167
GALVESTON COUNTY,167,72 Years,2213,1067,1146,1563,782,781,269,105,164,55,19,36,33,19,14,293,142,151
GALVESTON COUNTY,167,73 Years,2231,1038,1193,1638,787,851,250,92,158,51,24,27,28,13,15,264,122,142
GALVESTON COUNTY,167,74 Years,2071,948,1123,1522,710,812,228,92,136,41,19,22,23,7,16,257,120,137
GALVESTON COUNTY,167,75 Years,1865,846,1019,1340,619,721,212,88,124,40,16,24,27,13,14,246,110,136
GALVESTON COUNTY,167,76 Years,1680,764,916,1207,558,649,200,78,122,46,20,26,23,10,13,204,98,106
GALVESTON COUNTY,167,77 Years,1531,693,838,1100,509,591,175,65,110,42,22,20,22,10,12,192,87,105
GALVESTON COUNTY,167,78 Years,1380,624,756,1000,463,537,159,63,96,34,16,18,16,9,7,171,73,98
GALVESTON COUNTY,167,79 Years,1293,580,713,928,423,505,149,54,95,43,24,19,19,11,8,154,68,86
GALVESTON COUNTY,167,80 Years,1212,519,693,865,382,483,152,49,103,33,16,17,16,7,9,146,65,81
GALVESTON COUNTY,167,81 Years,1105,463,642,793,341,452,142,45,97,31,11,20,10,5,5,129,61,68
GALVESTON COUNTY,167,82 Years,1033,430,603,754,316,438,120,40,80,27,11,16,11,6,5,121,57,64
GALVESTON COUNTY,167,83 Years,907,364,543,658,266,392,104,34,70,20,8,12,12,6,6,113,50,63
GALVESTON COUNTY,167,84 Years,841,334,507,606,248,358,101,31,70,18,6,12,8,3,5,108,46,62
GALVESTON COUNTY,167,85 Years,775,300,475,577,229,348,86,25,61,15,6,9,6,2,4,91,38,53
GALVESTON COUNTY,167,86 Years,709,279,430,529,217,312,81,24,57,13,5,8,7,3,4,79,30,49
GALVESTON COUNTY,167,87 Years,650,260,390,478,197,281,74,23,51,14,6,8,7,2,5,77,32,45
GALVESTON COUNTY,167,88 Years,584,220,364,446,170,276,65,22,43,14,7,7,3,1,2,56,20,36
GALVESTON COUNTY,167,89 Years,509,194,315,380,149,231,65,19,46,9,4,5,2,0,2,53,22,31
GALVESTON COUNTY,167,90 Years,426,150,276,315,113,202,55,17,38,7,2,5,3,1,2,46,17,29
GALVESTON COUNTY,167,91 Years,358,117,241,267,89,178,48,15,33,5,1,4,3,1,2,35,11,24
GALVESTON COUNTY,167,92 Years,290,88,202,215,63,152,39,13,26,4,3,1,2,1,1,30,8,22
GALVESTON COUNTY,167,93 Years,231,69,162,173,51,122,30,7,23,6,3,3,2,1,1,20,7,13
GALVESTON COUNTY,167,94 Years,170,55,115,122,39,83,25,7,18,4,1,3,2,1,1,17,7,10
GALVESTON COUNTY,167,95 Years +,400,104,296,287,76,211,62,14,48,8,3,5,3,1,2,40,10,30
GARZA COUNTY,169,All Ages,6477,4072,2405,2801,1571,1230,407,268,139,8,2,6,70,29,41,3191,2202,989
GARZA COUNTY,169,< 1 Year,69,34,35,33,17,16,4,0,4,0,0,0,4,2,2,28,15,13
GARZA COUNTY,169,1 Years,70,35,35,33,18,15,4,1,3,0,0,0,2,1,1,31,15,16
GARZA COUNTY,169,2 Years,72,34,38,35,18,17,4,1,3,0,0,0,2,1,1,31,14,17
GARZA COUNTY,169,3 Years,74,34,40,35,16,19,3,2,1,0,0,0,3,2,1,33,14,19
GARZA COUNTY,169,4 Years,64,25,39,29,12,17,5,2,3,0,0,0,3,1,2,27,10,17
GARZA COUNTY,169,5 Years,66,30,36,28,14,14,3,1,2,0,0,0,4,2,2,31,13,18
GARZA COUNTY,169,6 Years,73,33,40,33,15,18,4,1,3,0,0,0,0,0,0,36,17,19
GARZA COUNTY,169,7 Years,85,39,46,37,14,23,4,1,3,0,0,0,1,0,1,43,24,19
GARZA COUNTY,169,8 Years,97,56,41,29,17,12,5,4,1,0,0,0,2,0,2,61,35,26
GARZA COUNTY,169,9 Years,71,38,33,27,15,12,4,2,2,0,0,0,1,0,1,39,21,18
GARZA COUNTY,169,10 Years,75,38,37,28,15,13,3,2,1,0,0,0,3,1,2,41,20,21
GARZA COUNTY,169,11 Years,63,26,37,30,14,16,4,3,1,0,0,0,1,0,1,28,9,19
GARZA COUNTY,169,12 Years,61,25,36,28,14,14,3,2,1,0,0,0,1,0,1,29,9,20
GARZA COUNTY,169,13 Years,63,34,29,30,16,14,3,2,1,0,0,0,0,0,0,30,16,14
GARZA COUNTY,169,14 Years,75,39,36,31,16,15,5,2,3,0,0,0,2,1,1,37,20,17
GARZA COUNTY,169,15 Years,70,38,32,28,16,12,5,3,2,0,0,0,0,0,0,37,19,18
GARZA COUNTY,169,16 Years,77,44,33,27,16,11,5,3,2,0,0,0,1,0,1,44,25,19
GARZA COUNTY,169,17 Years,70,46,24,30,18,12,5,3,2,0,0,0,1,0,1,34,25,9
GARZA COUNTY,169,18 Years,132,103,29,42,33,9,7,6,1,0,0,0,1,1,0,82,63,19
GARZA COUNTY,169,19 Years,110,80,30,33,22,11,7,6,1,0,0,0,1,0,1,69,52,17
GARZA COUNTY,169,20 Years,117,89,28,29,19,10,7,6,1,0,0,0,2,2,0,79,62,17
GARZA COUNTY,169,21 Years,143,116,27,39,29,10,11,9,2,0,0,0,3,2,1,90,76,14
GARZA COUNTY,169,22 Years,171,148,23,49,40,9,13,11,2,0,0,0,1,0,1,108,97,11
GARZA COUNTY,169,23 Years,117,87,30,43,31,12,8,7,1,0,0,0,3,1,2,63,48,15
GARZA COUNTY,169,24 Years,105,69,36,45,26,19,6,4,2,0,0,0,2,1,1,52,38,14
GARZA COUNTY,169,25 Years,155,109,46,44,24,20,18,16,2,1,0,1,1,0,1,91,69,22
GARZA COUNTY,169,26 Years,183,146,37,54,42,12,18,15,3,0,0,0,0,0,0,111,89,22
GARZA COUNTY,169,27 Years,121,87,34,39,25,14,11,9,2,1,0,1,0,0,0,70,53,17
GARZA COUNTY,169,28 Years,109,70,39,35,22,13,9,4,5,0,0,0,0,0,0,65,44,21
GARZA COUNTY,169,29 Years,200,166,34,68,52,16,13,10,3,0,0,0,2,1,1,117,103,14
GARZA COUNTY,169,30 Years,140,107,33,44,28,16,11,9,2,0,0,0,1,0,1,84,70,14
GARZA COUNTY,169,31 Years,104,66,38,32,21,11,9,5,4,1,0,1,0,0,0,62,40,22
GARZA COUNTY,169,32 Years,99,62,37,36,18,18,7,5,2,0,0,0,0,0,0,56,39,17
GARZA COUNTY,169,33 Years,73,43,30,30,16,14,6,4,2,0,0,0,1,1,0,36,22,14
GARZA COUNTY,169,34 Years,109,81,28,42,29,13,7,5,2,0,0,0,0,0,0,60,47,13
GARZA COUNTY,169,35 Years,45,23,22,17,9,8,2,1,1,0,0,0,1,0,1,25,13,12
GARZA COUNTY,169,36 Years,59,40,19,27,17,10,3,2,1,0,0,0,1,0,1,28,21,7
GARZA COUNTY,169,37 Years,61,39,22,21,10,11,8,7,1,0,0,0,0,0,0,32,22,10
GARZA COUNTY,169,38 Years,90,67,23,28,16,12,12,10,2,0,0,0,0,0,0,50,41,9
GARZA COUNTY,169,39 Years,62,41,21,23,11,12,6,5,1,0,0,0,0,0,0,33,25,8
GARZA COUNTY,169,40 Years,51,34,17,17,7,10,5,4,1,0,0,0,0,0,0,29,23,6
GARZA COUNTY,169,41 Years,65,33,32,28,12,16,8,4,4,0,0,0,0,0,0,29,17,12
GARZA COUNTY,169,42 Years,54,22,32,27,10,17,5,2,3,0,0,0,0,0,0,22,10,12
GARZA COUNTY,169,43 Years,101,74,27,36,22,14,6,5,1,0,0,0,0,0,0,59,47,12
GARZA COUNTY,169,44 Years,51,23,28,25,10,15,1,0,1,0,0,0,1,1,0,24,12,12
GARZA COUNTY,169,45 Years,143,116,27,45,30,15,10,8,2,0,0,0,0,0,0,88,78,10
GARZA COUNTY,169,46 Years,122,89,33,43,25,18,7,5,2,0,0,0,0,0,0,72,59,13
GARZA COUNTY,169,47 Years,103,73,30,44,24,20,6,5,1,0,0,0,0,0,0,53,44,9
GARZA COUNTY,169,48 Years,91,50,41,42,20,22,5,2,3,0,0,0,1,1,0,43,27,16
GARZA COUNTY,169,49 Years,56,30,26,31,18,13,4,3,1,0,0,0,1,1,0,20,8,12
GARZA COUNTY,169,50 Years,94,72,22,37,26,11,3,2,1,1,0,1,0,0,0,53,44,9
GARZA COUNTY,169,51 Years,52,32,20,27,15,12,1,1,0,0,0,0,1,1,0,23,15,8
GARZA COUNTY,169,52 Years,82,54,28,38,23,15,3,2,1,0,0,0,1,0,1,40,29,11
GARZA COUNTY,169,53 Years,71,44,27,40,23,17,2,1,1,0,0,0,0,0,0,29,20,9
GARZA COUNTY,169,54 Years,76,45,31,46,27,19,5,2,3,0,0,0,2,0,2,23,16,7
GARZA COUNTY,169,55 Years,64,40,24,41,26,15,3,2,1,0,0,0,2,1,1,18,11,7
GARZA COUNTY,169,56 Years,124,94,30,53,34,19,6,4,2,1,1,0,0,0,0,64,55,9
GARZA COUNTY,169,57 Years,135,98,37,50,28,22,8,5,3,0,0,0,0,0,0,77,65,12
GARZA COUNTY,169,58 Years,85,54,31,38,22,16,3,2,1,2,0,2,0,0,0,42,30,12
GARZA COUNTY,169,59 Years,65,43,22,35,22,13,6,4,2,0,0,0,1,1,0,23,16,7
GARZA COUNTY,169,60 Years,52,28,24,33,17,16,1,1,0,0,0,0,0,0,0,18,10,8
GARZA COUNTY,169,61 Years,50,23,27,37,17,20,4,1,3,0,0,0,0,0,0,9,5,4
GARZA COUNTY,169,62 Years,36,17,19,27,15,12,3,1,2,0,0,0,0,0,0,6,1,5
GARZA COUNTY,169,63 Years,52,29,23,34,20,14,2,0,2,0,0,0,0,0,0,16,9,7
GARZA COUNTY,169,64 Years,58,29,29,35,18,17,1,1,0,0,0,0,1,0,1,21,10,11
GARZA COUNTY,169,65 Years,53,24,29,34,17,17,1,1,0,0,0,0,1,0,1,17,6,11
GARZA COUNTY,169,66 Years,34,13,21,26,10,16,2,1,1,0,0,0,0,0,0,6,2,4
GARZA COUNTY,169,67 Years,43,19,24,28,11,17,3,1,2,0,0,0,0,0,0,12,7,5
GARZA COUNTY,169,68 Years,48,26,22,29,13,16,2,2,0,0,0,0,1,0,1,16,11,5
GARZA COUNTY,169,69 Years,47,21,26,29,13,16,0,0,0,0,0,0,2,1,1,16,7,9
GARZA COUNTY,169,70 Years,39,20,19,27,13,14,2,1,1,1,1,0,1,1,0,8,4,4
GARZA COUNTY,169,71 Years,36,16,20,29,14,15,1,0,1,0,0,0,1,1,0,5,1,4
GARZA COUNTY,169,72 Years,37,14,23,27,13,14,2,0,2,0,0,0,0,0,0,8,1,7
GARZA COUNTY,169,73 Years,36,13,23,24,11,13,1,0,1,0,0,0,0,0,0,11,2,9
GARZA COUNTY,169,74 Years,32,16,16,22,10,12,1,1,0,0,0,0,0,0,0,9,5,4
GARZA COUNTY,169,75 Years,29,13,16,23,10,13,0,0,0,0,0,0,0,0,0,6,3,3
GARZA COUNTY,169,76 Years,29,11,18,20,9,11,1,0,1,0,0,0,0,0,0,8,2,6
GARZA COUNTY,169,77 Years,28,14,14,18,8,10,1,0,1,0,0,0,0,0,0,9,6,3
GARZA COUNTY,169,78 Years,28,12,16,21,9,12,1,0,1,0,0,0,1,0,1,5,3,2
GARZA COUNTY,169,79 Years,25,11,14,20,10,10,0,0,0,0,0,0,1,0,1,4,1,3
GARZA COUNTY,169,80 Years,23,12,11,17,8,9,0,0,0,0,0,0,0,0,0,6,4,2
GARZA COUNTY,169,81 Years,23,10,13,14,6,8,1,0,1,0,0,0,0,0,0,8,4,4
GARZA COUNTY,169,82 Years,23,12,11,17,10,7,1,0,1,0,0,0,0,0,0,5,2,3
GARZA COUNTY,169,83 Years,16,10,6,13,8,5,1,0,1,0,0,0,0,0,0,2,2,0
GARZA COUNTY,169,84 Years,13,6,7,11,5,6,1,0,1,0,0,0,0,0,0,1,1,0
GARZA COUNTY,169,85 Years,14,7,7,9,4,5,1,1,0,0,0,0,0,0,0,4,2,2
GARZA COUNTY,169,86 Years,13,4,9,9,3,6,0,0,0,0,0,0,0,0,0,4,1,3
GARZA COUNTY,169,87 Years,14,8,6,10,6,4,2,1,1,0,0,0,0,0,0,2,1,1
GARZA COUNTY,169,88 Years,10,5,5,8,4,4,1,0,1,0,0,0,0,0,0,1,1,0
GARZA COUNTY,169,89 Years,9,4,5,6,3,3,0,0,0,0,0,0,0,0,0,3,1,2
GARZA COUNTY,169,90 Years,6,2,4,5,2,3,0,0,0,0,0,0,0,0,0,1,0,1
GARZA COUNTY,169,91 Years,7,3,4,5,2,3,0,0,0,0,0,0,0,0,0,2,1,1
GARZA COUNTY,169,92 Years,6,4,2,4,2,2,1,1,0,0,0,0,0,0,0,1,1,0
GARZA COUNTY,169,93 Years,6,3,3,4,2,2,0,0,0,0,0,0,0,0,0,2,1,1
GARZA COUNTY,169,94 Years,5,3,2,3,1,2,0,0,0,0,0,0,0,0,0,2,2,0
GARZA COUNTY,169,95 Years +,12,3,9,9,2,7,0,0,0,0,0,0,0,0,0,3,1,2
GILLESPIE COUNTY,171,All Ages,26877,12980,13897,20033,9474,10559,74,33,41,109,48,61,317,149,168,6344,3276,3068
GILLESPIE COUNTY,171,< 1 Year,287,145,142,146,74,72,2,1,1,3,2,1,9,5,4,127,63,64
GILLESPIE COUNTY,171,1 Years,286,147,139,145,74,71,3,2,1,2,1,1,8,4,4,128,66,62
GILLESPIE COUNTY,171,2 Years,279,143,136,142,73,69,3,1,2,3,2,1,7,4,3,124,63,61
GILLESPIE COUNTY,171,3 Years,275,141,134,142,72,70,3,2,1,2,1,1,8,5,3,120,61,59
GILLESPIE COUNTY,171,4 Years,267,135,132,139,70,69,3,1,2,3,2,1,6,3,3,116,59,57
GILLESPIE COUNTY,171,5 Years,261,133,128,137,70,67,4,2,2,2,1,1,6,3,3,112,57,55
GILLESPIE COUNTY,171,6 Years,258,132,126,137,70,67,2,1,1,2,1,1,7,3,4,110,57,53
GILLESPIE COUNTY,171,7 Years,251,126,125,123,65,58,2,1,1,1,0,1,6,1,5,119,59,60
GILLESPIE COUNTY,171,8 Years,287,155,132,175,94,81,0,0,0,0,0,0,4,2,2,108,59,49
GILLESPIE COUNTY,171,9 Years,315,167,148,184,96,88,2,0,2,1,1,0,6,4,2,122,66,56
GILLESPIE COUNTY,171,10 Years,291,143,148,167,80,87,1,0,1,0,0,0,3,1,2,120,62,58
GILLESPIE COUNTY,171,11 Years,274,150,124,161,82,79,0,0,0,0,0,0,4,2,2,109,66,43
GILLESPIE COUNTY,171,12 Years,293,165,128,170,96,74,0,0,0,1,0,1,4,2,2,118,67,51
GILLESPIE COUNTY,171,13 Years,319,174,145,176,99,77,2,0,2,2,0,2,6,2,4,133,73,60
GILLESPIE COUNTY,171,14 Years,300,158,142,185,99,86,2,0,2,0,0,0,5,4,1,108,55,53
GILLESPIE COUNTY,171,15 Years,290,151,139,189,100,89,0,0,0,1,0,1,3,2,1,97,49,48
GILLESPIE COUNTY,171,16 Years,279,146,133,178,94,84,0,0,0,3,2,1,4,3,1,94,47,47
GILLESPIE COUNTY,171,17 Years,291,154,137,180,99,81,0,0,0,1,1,0,6,3,3,104,51,53
GILLESPIE COUNTY,171,18 Years,266,130,136,161,81,80,0,0,0,0,0,0,7,2,5,98,47,51
GILLESPIE COUNTY,171,19 Years,253,133,120,145,75,70,0,0,0,0,0,0,5,1,4,103,57,46
GILLESPIE COUNTY,171,20 Years,260,144,116,147,76,71,1,0,1,3,1,2,7,3,4,102,64,38
GILLESPIE COUNTY,171,21 Years,256,124,132,142,64,78,0,0,0,3,1,2,7,3,4,104,56,48
GILLESPIE COUNTY,171,22 Years,261,136,125,149,74,75,2,0,2,1,1,0,5,2,3,104,59,45
GILLESPIE COUNTY,171,23 Years,288,144,144,172,83,89,1,1,0,3,3,0,6,4,2,106,53,53
GILLESPIE COUNTY,171,24 Years,296,141,155,189,85,104,0,0,0,1,1,0,2,2,0,104,53,51
GILLESPIE COUNTY,171,25 Years,291,138,153,189,88,101,0,0,0,1,1,0,2,0,2,99,49,50
GILLESPIE COUNTY,171,26 Years,238,124,114,141,74,67,0,0,0,2,1,1,3,0,3,92,49,43
GILLESPIE COUNTY,171,27 Years,223,112,111,123,62,61,1,0,1,3,1,2,4,2,2,92,47,45
GILLESPIE COUNTY,171,28 Years,241,109,132,153,63,90,2,0,2,1,0,1,4,2,2,81,44,37
GILLESPIE COUNTY,171,29 Years,252,134,118,159,77,82,1,1,0,0,0,0,4,4,0,88,52,36
GILLESPIE COUNTY,171,30 Years,288,144,144,182,78,104,1,1,0,1,1,0,2,2,0,102,62,40
GILLESPIE COUNTY,171,31 Years,252,134,118,160,82,78,2,1,1,1,0,1,2,1,1,87,50,37
GILLESPIE COUNTY,171,32 Years,267,134,133,179,83,96,1,1,0,1,0,1,2,1,1,84,49,35
GILLESPIE COUNTY,171,33 Years,269,128,141,182,83,99,0,0,0,2,0,2,2,1,1,83,44,39
GILLESPIE COUNTY,171,34 Years,259,133,126,167,81,86,0,0,0,2,1,1,1,1,0,89,50,39
GILLESPIE COUNTY,171,35 Years,241,113,128,153,67,86,2,1,1,1,1,0,3,2,1,82,42,40
GILLESPIE COUNTY,171,36 Years,268,141,127,172,88,84,1,0,1,2,0,2,2,2,0,91,51,40
GILLESPIE COUNTY,171,37 Years,266,135,131,171,88,83,1,0,1,2,1,1,2,1,1,90,45,45
GILLESPIE COUNTY,171,38 Years,254,140,114,160,84,76,0,0,0,2,1,1,3,3,0,89,52,37
GILLESPIE COUNTY,171,39 Years,230,118,112,155,79,76,2,2,0,1,1,0,4,2,2,68,34,34
GILLESPIE COUNTY,171,40 Years,220,115,105,143,72,71,0,0,0,0,0,0,4,2,2,73,41,32
GILLESPIE COUNTY,171,41 Years,249,119,130,172,85,87,0,0,0,0,0,0,3,2,1,74,32,42
GILLESPIE COUNTY,171,42 Years,246,112,134,155,72,83,0,0,0,3,0,3,4,2,2,84,38,46
GILLESPIE COUNTY,171,43 Years,261,144,117,169,88,81,0,0,0,1,0,1,4,2,2,87,54,33
GILLESPIE COUNTY,171,44 Years,244,125,119,165,78,87,0,0,0,0,0,0,2,1,1,77,46,31
GILLESPIE COUNTY,171,45 Years,245,115,130,184,86,98,0,0,0,0,0,0,1,1,0,60,28,32
GILLESPIE COUNTY,171,46 Years,279,142,137,211,112,99,1,0,1,0,0,0,3,1,2,64,29,35
GILLESPIE COUNTY,171,47 Years,286,136,150,199,95,104,1,1,0,3,0,3,3,1,2,80,39,41
GILLESPIE COUNTY,171,48 Years,265,127,138,185,82,103,1,1,0,2,1,1,2,1,1,75,42,33
GILLESPIE COUNTY,171,49 Years,271,119,152,188,81,107,0,0,0,1,0,1,2,0,2,80,38,42
GILLESPIE COUNTY,171,50 Years,268,127,141,187,88,99,0,0,0,1,1,0,2,1,1,78,37,41
GILLESPIE COUNTY,171,51 Years,286,150,136,211,108,103,2,2,0,2,0,2,1,0,1,70,40,30
GILLESPIE COUNTY,171,52 Years,301,148,153,221,112,109,1,1,0,2,0,2,2,1,1,75,34,41
GILLESPIE COUNTY,171,53 Years,320,150,170,235,111,124,0,0,0,4,3,1,3,1,2,78,35,43
GILLESPIE COUNTY,171,54 Years,345,147,198,265,112,153,0,0,0,3,2,1,4,1,3,73,32,41
GILLESPIE COUNTY,171,55 Years,395,192,203,315,158,157,1,0,1,1,0,1,4,2,2,74,32,42
GILLESPIE COUNTY,171,56 Years,403,194,209,323,160,163,0,0,0,3,0,3,2,1,1,75,33,42
GILLESPIE COUNTY,171,57 Years,416,211,205,348,175,173,0,0,0,5,3,2,1,1,0,62,32,30
GILLESPIE COUNTY,171,58 Years,409,186,223,344,154,190,1,0,1,3,2,1,5,0,5,56,30,26
GILLESPIE COUNTY,171,59 Years,395,177,218,338,147,191,1,0,1,0,0,0,5,0,5,51,30,21
GILLESPIE COUNTY,171,60 Years,440,182,258,371,158,213,2,1,1,0,0,0,4,1,3,63,22,41
GILLESPIE COUNTY,171,61 Years,420,191,229,366,165,201,1,0,1,0,0,0,2,1,1,51,25,26
GILLESPIE COUNTY,171,62 Years,418,200,218,363,174,189,2,1,1,0,0,0,6,2,4,47,23,24
GILLESPIE COUNTY,171,63 Years,430,197,233,375,176,199,1,1,0,0,0,0,4,1,3,50,19,31
GILLESPIE COUNTY,171,64 Years,470,204,266,415,186,229,2,1,1,1,1,0,5,0,5,47,16,31
GILLESPIE COUNTY,171,65 Years,468,207,261,421,181,240,1,1,0,0,0,0,2,1,1,44,24,20
GILLESPIE COUNTY,171,66 Years,449,197,252,402,177,225,0,0,0,0,0,0,4,2,2,43,18,25
GILLESPIE COUNTY,171,67 Years,430,204,226,397,189,208,0,0,0,1,0,1,3,1,2,29,14,15
GILLESPIE COUNTY,171,68 Years,394,177,217,360,160,200,2,1,1,2,1,1,3,1,2,27,14,13
GILLESPIE COUNTY,171,69 Years,418,208,210,381,186,195,0,0,0,2,1,1,4,3,1,31,18,13
GILLESPIE COUNTY,171,70 Years,478,209,269,449,193,256,0,0,0,1,1,0,2,1,1,26,14,12
GILLESPIE COUNTY,171,71 Years,420,194,226,386,171,215,1,1,0,1,1,0,1,1,0,31,20,11
GILLESPIE COUNTY,171,72 Years,377,173,204,348,158,190,1,1,0,0,0,0,4,2,2,24,12,12
GILLESPIE COUNTY,171,73 Years,380,182,198,353,171,182,1,0,1,1,0,1,3,0,3,22,11,11
GILLESPIE COUNTY,171,74 Years,362,167,195,333,152,181,2,1,1,0,0,0,4,2,2,23,12,11
GILLESPIE COUNTY,171,75 Years,324,160,164,293,140,153,1,0,1,1,1,0,2,1,1,27,18,9
GILLESPIE COUNTY,171,76 Years,313,146,167,283,129,154,0,0,0,0,0,0,2,1,1,28,16,12
GILLESPIE COUNTY,171,77 Years,282,129,153,263,120,143,0,0,0,0,0,0,3,2,1,16,7,9
GILLESPIE COUNTY,171,78 Years,273,131,142,254,122,132,1,0,1,1,0,1,3,3,0,14,6,8
GILLESPIE COUNTY,171,79 Years,259,122,137,244,116,128,0,0,0,0,0,0,2,2,0,13,4,9
GILLESPIE COUNTY,171,80 Years,238,108,130,225,103,122,0,0,0,0,0,0,2,1,1,11,4,7
GILLESPIE COUNTY,171,81 Years,213,97,116,197,91,106,0,0,0,1,0,1,1,1,0,14,5,9
GILLESPIE COUNTY,171,82 Years,207,95,112,193,90,103,0,0,0,1,0,1,0,0,0,13,5,8
GILLESPIE COUNTY,171,83 Years,196,92,104,179,85,94,0,0,0,0,0,0,0,0,0,17,7,10
GILLESPIE COUNTY,171,84 Years,168,73,95,156,68,88,0,0,0,0,0,0,0,0,0,12,5,7
GILLESPIE COUNTY,171,85 Years,153,66,87,141,61,80,0,0,0,0,0,0,1,0,1,11,5,6
GILLESPIE COUNTY,171,86 Years,141,60,81,133,56,77,0,0,0,0,0,0,1,0,1,7,4,3
GILLESPIE COUNTY,171,87 Years,134,55,79,126,53,73,0,0,0,0,0,0,1,1,0,7,1,6
GILLESPIE COUNTY,171,88 Years,129,57,72,121,54,67,0,0,0,0,0,0,0,0,0,8,3,5
GILLESPIE COUNTY,171,89 Years,102,43,59,95,40,55,0,0,0,0,0,0,0,0,0,7,3,4
GILLESPIE COUNTY,171,90 Years,99,37,62,94,35,59,0,0,0,0,0,0,1,1,0,4,1,3
GILLESPIE COUNTY,171,91 Years,85,34,51,77,31,46,0,0,0,1,0,1,2,1,1,5,2,3
GILLESPIE COUNTY,171,92 Years,69,27,42,62,24,38,0,0,0,1,0,1,3,1,2,3,2,1
GILLESPIE COUNTY,171,93 Years,50,15,35,47,15,32,0,0,0,0,0,0,1,0,1,2,0,2
GILLESPIE COUNTY,171,94 Years,47,17,30,41,15,26,0,0,0,0,0,0,1,0,1,5,2,3
GILLESPIE COUNTY,171,95 Years +,115,34,81,104,31,73,0,0,0,0,0,0,2,0,2,9,3,6
GLASSCOCK COUNTY,173,All Ages,1256,657,599,821,427,394,13,7,6,1,0,1,8,3,5,413,220,193
GLASSCOCK COUNTY,173,< 1 Year,15,8,7,7,3,4,0,0,0,0,0,0,0,0,0,8,5,3
GLASSCOCK COUNTY,173,1 Years,15,10,5,7,4,3,0,0,0,0,0,0,0,0,0,8,6,2
GLASSCOCK COUNTY,173,2 Years,15,8,7,8,5,3,0,0,0,0,0,0,0,0,0,7,3,4
GLASSCOCK COUNTY,173,3 Years,15,7,8,9,4,5,0,0,0,0,0,0,0,0,0,6,3,3
GLASSCOCK COUNTY,173,4 Years,14,4,10,8,2,6,0,0,0,0,0,0,0,0,0,6,2,4
GLASSCOCK COUNTY,173,5 Years,13,5,8,8,3,5,0,0,0,0,0,0,0,0,0,5,2,3
GLASSCOCK COUNTY,173,6 Years,14,8,6,8,5,3,0,0,0,0,0,0,0,0,0,6,3,3
GLASSCOCK COUNTY,173,7 Years,13,6,7,6,2,4,0,0,0,0,0,0,0,0,0,7,4,3
GLASSCOCK COUNTY,173,8 Years,14,6,8,7,3,4,1,1,0,0,0,0,0,0,0,6,2,4
GLASSCOCK COUNTY,173,9 Years,16,7,9,9,4,5,0,0,0,0,0,0,0,0,0,7,3,4
GLASSCOCK COUNTY,173,10 Years,15,5,10,8,3,5,0,0,0,0,0,0,1,0,1,6,2,4
GLASSCOCK COUNTY,173,11 Years,17,8,9,10,5,5,0,0,0,0,0,0,1,0,1,6,3,3
GLASSCOCK COUNTY,173,12 Years,19,11,8,10,7,3,0,0,0,0,0,0,0,0,0,9,4,5
GLASSCOCK COUNTY,173,13 Years,16,9,7,9,5,4,0,0,0,0,0,0,0,0,0,7,4,3
GLASSCOCK COUNTY,173,14 Years,19,10,9,12,5,7,0,0,0,0,0,0,0,0,0,7,5,2
GLASSCOCK COUNTY,173,15 Years,15,12,3,10,8,2,0,0,0,0,0,0,0,0,0,5,4,1
GLASSCOCK COUNTY,173,16 Years,17,12,5,12,9,3,0,0,0,0,0,0,0,0,0,5,3,2
GLASSCOCK COUNTY,173,17 Years,18,6,12,11,4,7,0,0,0,0,0,0,0,0,0,7,2,5
GLASSCOCK COUNTY,173,18 Years,18,8,10,12,6,6,0,0,0,0,0,0,0,0,0,6,2,4
GLASSCOCK COUNTY,173,19 Years,20,12,8,10,6,4,0,0,0,0,0,0,0,0,0,10,6,4
GLASSCOCK COUNTY,173,20 Years,18,11,7,10,7,3,1,0,1,0,0,0,0,0,0,7,4,3
GLASSCOCK COUNTY,173,21 Years,20,14,6,11,8,3,0,0,0,0,0,0,0,0,0,9,6,3
GLASSCOCK COUNTY,173,22 Years,24,17,7,13,9,4,2,2,0,0,0,0,0,0,0,9,6,3
GLASSCOCK COUNTY,173,23 Years,20,10,10,12,5,7,1,0,1,0,0,0,0,0,0,7,5,2
GLASSCOCK COUNTY,173,24 Years,23,11,12,16,8,8,0,0,0,0,0,0,0,0,0,7,3,4
GLASSCOCK COUNTY,173,25 Years,18,4,14,10,3,7,1,1,0,0,0,0,1,0,1,6,0,6
GLASSCOCK COUNTY,173,26 Years,10,5,5,5,2,3,0,0,0,0,0,0,1,0,1,4,3,1
GLASSCOCK COUNTY,173,27 Years,6,2,4,2,0,2,0,0,0,0,0,0,0,0,0,4,2,2
GLASSCOCK COUNTY,173,28 Years,5,2,3,2,0,2,0,0,0,0,0,0,0,0,0,3,2,1
GLASSCOCK COUNTY,173,29 Years,8,7,1,4,3,1,0,0,0,0,0,0,0,0,0,4,4,0
GLASSCOCK COUNTY,173,30 Years,14,8,6,9,5,4,1,0,1,0,0,0,0,0,0,4,3,1
GLASSCOCK COUNTY,173,31 Years,7,4,3,4,2,2,0,0,0,0,0,0,0,0,0,3,2,1
GLASSCOCK COUNTY,173,32 Years,11,5,6,10,5,5,0,0,0,0,0,0,0,0,0,1,0,1
GLASSCOCK COUNTY,173,33 Years,16,9,7,11,6,5,0,0,0,0,0,0,0,0,0,5,3,2
GLASSCOCK COUNTY,173,34 Years,12,5,7,8,4,4,0,0,0,0,0,0,0,0,0,4,1,3
GLASSCOCK COUNTY,173,35 Years,14,7,7,6,4,2,0,0,0,0,0,0,1,0,1,7,3,4
GLASSCOCK COUNTY,173,36 Years,10,5,5,6,3,3,0,0,0,0,0,0,0,0,0,4,2,2
GLASSCOCK COUNTY,173,37 Years,13,4,9,8,3,5,0,0,0,0,0,0,0,0,0,5,1,4
GLASSCOCK COUNTY,173,38 Years,13,7,6,6,3,3,0,0,0,1,0,1,0,0,0,6,4,2
GLASSCOCK COUNTY,173,39 Years,15,7,8,10,4,6,0,0,0,0,0,0,0,0,0,5,3,2
GLASSCOCK COUNTY,173,40 Years,16,8,8,7,2,5,0,0,0,0,0,0,0,0,0,9,6,3
GLASSCOCK COUNTY,173,41 Years,20,9,11,13,7,6,0,0,0,0,0,0,0,0,0,7,2,5
GLASSCOCK COUNTY,173,42 Years,15,7,8,8,4,4,0,0,0,0,0,0,0,0,0,7,3,4
GLASSCOCK COUNTY,173,43 Years,15,10,5,8,5,3,0,0,0,0,0,0,0,0,0,7,5,2
GLASSCOCK COUNTY,173,44 Years,11,7,4,6,4,2,0,0,0,0,0,0,0,0,0,5,3,2
GLASSCOCK COUNTY,173,45 Years,17,8,9,10,6,4,0,0,0,0,0,0,0,0,0,7,2,5
GLASSCOCK COUNTY,173,46 Years,18,9,9,11,5,6,1,0,1,0,0,0,0,0,0,6,4,2
GLASSCOCK COUNTY,173,47 Years,21,14,7,14,9,5,1,0,1,0,0,0,0,0,0,6,5,1
GLASSCOCK COUNTY,173,48 Years,13,5,8,10,4,6,1,0,1,0,0,0,0,0,0,2,1,1
GLASSCOCK COUNTY,173,49 Years,8,2,6,5,1,4,1,1,0,0,0,0,0,0,0,2,0,2
GLASSCOCK COUNTY,173,50 Years,13,10,3,9,6,3,0,0,0,0,0,0,0,0,0,4,4,0
GLASSCOCK COUNTY,173,51 Years,15,8,7,6,4,2,0,0,0,0,0,0,0,0,0,9,4,5
GLASSCOCK COUNTY,173,52 Years,13,9,4,9,7,2,0,0,0,0,0,0,0,0,0,4,2,2
GLASSCOCK COUNTY,173,53 Years,18,8,10,13,6,7,0,0,0,0,0,0,0,0,0,5,2,3
GLASSCOCK COUNTY,173,54 Years,21,10,11,14,8,6,0,0,0,0,0,0,0,0,0,7,2,5
GLASSCOCK COUNTY,173,55 Years,14,6,8,10,4,6,0,0,0,0,0,0,1,1,0,3,1,2
GLASSCOCK COUNTY,173,56 Years,17,6,11,13,3,10,0,0,0,0,0,0,0,0,0,4,3,1
GLASSCOCK COUNTY,173,57 Years,19,11,8,14,8,6,1,1,0,0,0,0,0,0,0,4,2,2
GLASSCOCK COUNTY,173,58 Years,23,15,8,19,12,7,1,1,0,0,0,0,0,0,0,3,2,1
GLASSCOCK COUNTY,173,59 Years,26,14,12,19,10,9,0,0,0,0,0,0,0,0,0,7,4,3
GLASSCOCK COUNTY,173,60 Years,17,9,8,12,6,6,0,0,0,0,0,0,0,0,0,5,3,2
GLASSCOCK COUNTY,173,61 Years,13,5,8,11,4,7,0,0,0,0,0,0,0,0,0,2,1,1
GLASSCOCK COUNTY,173,62 Years,15,7,8,14,7,7,0,0,0,0,0,0,0,0,0,1,0,1
GLASSCOCK COUNTY,173,63 Years,13,8,5,12,7,5,0,0,0,0,0,0,0,0,0,1,1,0
GLASSCOCK COUNTY,173,64 Years,15,9,6,7,4,3,0,0,0,0,0,0,0,0,0,8,5,3
GLASSCOCK COUNTY,173,65 Years,12,8,4,9,6,3,0,0,0,0,0,0,0,0,0,3,2,1
GLASSCOCK COUNTY,173,66 Years,15,6,9,13,6,7,0,0,0,0,0,0,0,0,0,2,0,2
GLASSCOCK COUNTY,173,67 Years,19,12,7,13,9,4,0,0,0,0,0,0,0,0,0,6,3,3
GLASSCOCK COUNTY,173,68 Years,13,10,3,7,6,1,0,0,0,0,0,0,0,0,0,6,4,2
GLASSCOCK COUNTY,173,69 Years,17,9,8,13,7,6,0,0,0,0,0,0,0,0,0,4,2,2
GLASSCOCK COUNTY,173,70 Years,17,10,7,13,7,6,0,0,0,0,0,0,1,1,0,3,2,1
GLASSCOCK COUNTY,173,71 Years,12,8,4,9,5,4,0,0,0,0,0,0,1,1,0,2,2,0
GLASSCOCK COUNTY,173,72 Years,8,5,3,6,3,3,0,0,0,0,0,0,0,0,0,2,2,0
GLASSCOCK COUNTY,173,73 Years,10,5,5,8,3,5,0,0,0,0,0,0,0,0,0,2,2,0
GLASSCOCK COUNTY,173,74 Years,15,8,7,13,7,6,0,0,0,0,0,0,0,0,0,2,1,1
GLASSCOCK COUNTY,173,75 Years,12,6,6,11,6,5,0,0,0,0,0,0,0,0,0,1,0,1
GLASSCOCK COUNTY,173,76 Years,5,2,3,4,2,2,0,0,0,0,0,0,0,0,0,1,0,1
GLASSCOCK COUNTY,173,77 Years,7,1,6,5,1,4,0,0,0,0,0,0,0,0,0,2,0,2
GLASSCOCK COUNTY,173,78 Years,7,2,5,6,2,4,0,0,0,0,0,0,0,0,0,1,0,1
GLASSCOCK COUNTY,173,79 Years,13,6,7,10,5,5,0,0,0,0,0,0,0,0,0,3,1,2
GLASSCOCK COUNTY,173,80 Years,10,6,4,8,5,3,0,0,0,0,0,0,0,0,0,2,1,1
GLASSCOCK COUNTY,173,81 Years,10,5,5,8,3,5,0,0,0,0,0,0,0,0,0,2,2,0
GLASSCOCK COUNTY,173,82 Years,10,6,4,7,4,3,0,0,0,0,0,0,0,0,0,3,2,1
GLASSCOCK COUNTY,173,83 Years,9,3,6,7,2,5,0,0,0,0,0,0,0,0,0,2,1,1
GLASSCOCK COUNTY,173,84 Years,8,4,4,8,4,4,0,0,0,0,0,0,0,0,0,0,0,0
GLASSCOCK COUNTY,173,85 Years,3,2,1,3,2,1,0,0,0,0,0,0,0,0,0,0,0,0
GLASSCOCK COUNTY,173,86 Years,6,2,4,5,1,4,0,0,0,0,0,0,0,0,0,1,1,0
GLASSCOCK COUNTY,173,87 Years,4,2,2,4,2,2,0,0,0,0,0,0,0,0,0,0,0,0
GLASSCOCK COUNTY,173,88 Years,4,3,1,4,3,1,0,0,0,0,0,0,0,0,0,0,0,0
GLASSCOCK COUNTY,173,89 Years,2,2,0,2,2,0,0,0,0,0,0,0,0,0,0,0,0,0
GLASSCOCK COUNTY,173,90 Years,1,1,0,1,1,0,0,0,0,0,0,0,0,0,0,0,0,0
GLASSCOCK COUNTY,173,91 Years,1,0,1,1,0,1,0,0,0,0,0,0,0,0,0,0,0,0
GLASSCOCK COUNTY,173,92 Years,1,0,1,1,0,1,0,0,0,0,0,0,0,0,0,0,0,0
GLASSCOCK COUNTY,173,93 Years,1,1,0,1,1,0,0,0,0,0,0,0,0,0,0,0,0,0
GLASSCOCK COUNTY,173,94 Years,1,1,0,1,1,0,0,0,0,0,0,0,0,0,0,0,0,0
GLASSCOCK COUNTY,173,95 Years +,2,1,1,2,1,1,0,0,0,0,0,0,0,0,0,0,0,0
GOLIAD COUNTY,175,All Ages,7614,3807,3807,4292,2134,2158,341,164,177,11,8,3,106,60,46,2864,1441,1423
GOLIAD COUNTY,175,< 1 Year,85,47,38,28,15,13,0,0,0,0,0,0,4,3,1,53,29,24
GOLIAD COUNTY,175,1 Years,83,47,36,28,14,14,0,0,0,0,0,0,5,4,1,50,29,21
GOLIAD COUNTY,175,2 Years,85,51,34,30,17,13,6,5,1,0,0,0,0,0,0,49,29,20
GOLIAD COUNTY,175,3 Years,78,44,34,27,15,12,8,6,2,0,0,0,3,2,1,40,21,19
GOLIAD COUNTY,175,4 Years,75,34,41,26,12,14,6,4,2,0,0,0,3,2,1,40,16,24
GOLIAD COUNTY,175,5 Years,68,31,37,23,11,12,6,4,2,0,0,0,2,1,1,37,15,22
GOLIAD COUNTY,175,6 Years,71,33,38,25,12,13,5,2,3,0,0,0,2,1,1,39,18,21
GOLIAD COUNTY,175,7 Years,90,42,48,33,18,15,6,1,5,0,0,0,2,1,1,49,22,27
GOLIAD COUNTY,175,8 Years,73,43,30,34,21,13,5,2,3,0,0,0,3,2,1,31,18,13
GOLIAD COUNTY,175,9 Years,93,50,43,31,19,12,6,2,4,0,0,0,4,2,2,52,27,25
GOLIAD COUNTY,175,10 Years,83,40,43,30,19,11,4,2,2,0,0,0,1,1,0,48,18,30
GOLIAD COUNTY,175,11 Years,75,42,33,30,15,15,3,1,2,0,0,0,1,1,0,41,25,16
GOLIAD COUNTY,175,12 Years,93,49,44,37,16,21,5,3,2,0,0,0,2,1,1,49,29,20
GOLIAD COUNTY,175,13 Years,95,48,47,38,18,20,6,4,2,0,0,0,1,0,1,50,26,24
GOLIAD COUNTY,175,14 Years,91,50,41,42,22,20,4,2,2,0,0,0,0,0,0,45,26,19
GOLIAD COUNTY,175,15 Years,114,57,57,43,23,20,5,3,2,0,0,0,2,1,1,64,30,34
GOLIAD COUNTY,175,16 Years,88,44,44,43,20,23,4,1,3,0,0,0,1,0,1,40,23,17
GOLIAD COUNTY,175,17 Years,96,44,52,45,21,24,3,2,1,0,0,0,0,0,0,48,21,27
GOLIAD COUNTY,175,18 Years,97,44,53,43,23,20,5,2,3,0,0,0,1,1,0,48,18,30
GOLIAD COUNTY,175,19 Years,92,52,40,46,28,18,3,2,1,1,1,0,2,1,1,40,20,20
GOLIAD COUNTY,175,20 Years,89,53,36,42,23,19,6,5,1,1,1,0,2,2,0,38,22,16
GOLIAD COUNTY,175,21 Years,82,45,37,34,18,16,3,1,2,0,0,0,2,1,1,43,25,18
GOLIAD COUNTY,175,22 Years,99,50,49,47,24,23,1,1,0,0,0,0,2,1,1,49,24,25
GOLIAD COUNTY,175,23 Years,102,54,48,51,28,23,4,1,3,1,1,0,1,0,1,45,24,21
GOLIAD COUNTY,175,24 Years,110,51,59,67,32,35,2,0,2,1,1,0,1,1,0,39,17,22
GOLIAD COUNTY,175,25 Years,95,54,41,58,31,27,2,2,0,0,0,0,1,1,0,34,20,14
GOLIAD COUNTY,175,26 Years,93,51,42,43,22,21,5,4,1,0,0,0,2,1,1,43,24,19
GOLIAD COUNTY,175,27 Years,77,42,35,33,21,12,6,2,4,0,0,0,1,0,1,37,19,18
GOLIAD COUNTY,175,28 Years,64,33,31,30,15,15,2,0,2,0,0,0,1,0,1,31,18,13
GOLIAD COUNTY,175,29 Years,61,30,31,28,15,13,2,0,2,0,0,0,1,1,0,30,14,16
GOLIAD COUNTY,175,30 Years,63,30,33,26,13,13,2,1,1,0,0,0,2,0,2,33,16,17
GOLIAD COUNTY,175,31 Years,71,38,33,36,21,15,1,1,0,1,1,0,0,0,0,33,15,18
GOLIAD COUNTY,175,32 Years,63,30,33,34,12,22,1,0,1,0,0,0,0,0,0,28,18,10
GOLIAD COUNTY,175,33 Years,64,34,30,36,14,22,2,1,1,0,0,0,0,0,0,26,19,7
GOLIAD COUNTY,175,34 Years,76,39,37,40,20,20,1,0,1,0,0,0,1,0,1,34,19,15
GOLIAD COUNTY,175,35 Years,73,35,38,35,17,18,0,0,0,0,0,0,1,1,0,37,17,20
GOLIAD COUNTY,175,36 Years,83,38,45,42,20,22,3,2,1,0,0,0,0,0,0,38,16,22
GOLIAD COUNTY,175,37 Years,70,40,30,34,20,14,2,0,2,0,0,0,1,1,0,33,19,14
GOLIAD COUNTY,175,38 Years,64,42,22,36,23,13,4,3,1,0,0,0,1,0,1,23,16,7
GOLIAD COUNTY,175,39 Years,64,25,39,32,11,21,2,1,1,0,0,0,1,0,1,29,13,16
GOLIAD COUNTY,175,40 Years,68,30,38,34,16,18,3,2,1,0,0,0,1,0,1,30,12,18
GOLIAD COUNTY,175,41 Years,60,24,36,33,13,20,4,1,3,0,0,0,1,0,1,22,10,12
GOLIAD COUNTY,175,42 Years,69,32,37,37,14,23,2,1,1,0,0,0,0,0,0,30,17,13
GOLIAD COUNTY,175,43 Years,77,37,40,44,20,24,5,4,1,0,0,0,0,0,0,28,13,15
GOLIAD COUNTY,175,44 Years,77,39,38,38,20,18,4,2,2,0,0,0,3,3,0,32,14,18
GOLIAD COUNTY,175,45 Years,83,41,42,47,23,24,3,1,2,0,0,0,1,1,0,32,16,16
GOLIAD COUNTY,175,46 Years,78,36,42,41,21,20,6,2,4,0,0,0,1,0,1,30,13,17
GOLIAD COUNTY,175,47 Years,88,46,42,53,26,27,4,3,1,0,0,0,0,0,0,31,17,14
GOLIAD COUNTY,175,48 Years,79,46,33,44,27,17,1,1,0,2,1,1,1,1,0,31,16,15
GOLIAD COUNTY,175,49 Years,88,47,41,55,30,25,2,1,1,0,0,0,1,1,0,30,15,15
GOLIAD COUNTY,175,50 Years,88,42,46,55,26,29,3,1,2,1,0,1,2,0,2,27,15,12
GOLIAD COUNTY,175,51 Years,102,42,60,60,23,37,5,3,2,0,0,0,1,0,1,36,16,20
GOLIAD COUNTY,175,52 Years,101,42,59,67,25,42,3,2,1,0,0,0,1,0,1,30,15,15
GOLIAD COUNTY,175,53 Years,106,49,57,70,34,36,2,0,2,0,0,0,4,2,2,30,13,17
GOLIAD COUNTY,175,54 Years,93,43,50,62,31,31,3,1,2,0,0,0,3,2,1,25,9,16
GOLIAD COUNTY,175,55 Years,110,53,57,74,37,37,4,2,2,0,0,0,1,0,1,31,14,17
GOLIAD COUNTY,175,56 Years,119,61,58,77,40,37,4,2,2,0,0,0,2,2,0,36,17,19
GOLIAD COUNTY,175,57 Years,126,64,62,79,38,41,7,3,4,0,0,0,2,2,0,38,21,17
GOLIAD COUNTY,175,58 Years,117,61,56,73,38,35,7,4,3,0,0,0,2,2,0,35,17,18
GOLIAD COUNTY,175,59 Years,124,56,68,80,38,42,8,3,5,0,0,0,1,0,1,35,15,20
GOLIAD COUNTY,175,60 Years,124,65,59,83,41,42,6,2,4,0,0,0,0,0,0,35,22,13
GOLIAD COUNTY,175,61 Years,103,56,47,72,37,35,4,2,2,0,0,0,1,1,0,26,16,10
GOLIAD COUNTY,175,62 Years,127,63,64,84,41,43,5,2,3,0,0,0,1,1,0,37,19,18
GOLIAD COUNTY,175,63 Years,120,53,67,83,37,46,7,2,5,0,0,0,1,1,0,29,13,16
GOLIAD COUNTY,175,64 Years,109,51,58,71,32,39,7,2,5,0,0,0,1,1,0,30,16,14
GOLIAD COUNTY,175,65 Years,126,60,66,92,41,51,4,3,1,0,0,0,1,1,0,29,15,14
GOLIAD COUNTY,175,66 Years,126,66,60,88,43,45,5,3,2,0,0,0,1,1,0,32,19,13
GOLIAD COUNTY,175,67 Years,114,64,50,80,46,34,5,3,2,0,0,0,0,0,0,29,15,14
GOLIAD COUNTY,175,68 Years,118,63,55,84,45,39,7,5,2,0,0,0,2,1,1,25,12,13
GOLIAD COUNTY,175,69 Years,114,62,52,87,48,39,3,1,2,0,0,0,1,0,1,23,13,10
GOLIAD COUNTY,175,70 Years,119,60,59,87,46,41,5,1,4,0,0,0,2,0,2,25,13,12
GOLIAD COUNTY,175,71 Years,93,46,47,62,30,32,3,2,1,1,1,0,1,0,1,26,13,13
GOLIAD COUNTY,175,72 Years,88,43,45,63,30,33,3,2,1,1,1,0,0,0,0,21,10,11
GOLIAD COUNTY,175,73 Years,89,41,48,64,30,34,4,3,1,0,0,0,1,0,1,20,8,12
GOLIAD COUNTY,175,74 Years,85,42,43,61,33,28,3,1,2,0,0,0,1,0,1,20,8,12
GOLIAD COUNTY,175,75 Years,76,33,43,51,24,27,4,2,2,0,0,0,0,0,0,21,7,14
GOLIAD COUNTY,175,76 Years,86,44,42,61,29,32,6,5,1,0,0,0,0,0,0,19,10,9
GOLIAD COUNTY,175,77 Years,79,42,37,59,30,29,4,3,1,0,0,0,1,0,1,15,9,6
GOLIAD COUNTY,175,78 Years,60,27,33,46,22,24,1,0,1,1,0,1,0,0,0,12,5,7
GOLIAD COUNTY,175,79 Years,66,28,38,50,22,28,2,1,1,0,0,0,0,0,0,14,5,9
GOLIAD COUNTY,175,80 Years,51,23,28,39,18,21,0,0,0,0,0,0,0,0,0,12,5,7
GOLIAD COUNTY,175,81 Years,44,23,21,33,18,15,0,0,0,0,0,0,0,0,0,11,5,6
GOLIAD COUNTY,175,82 Years,47,24,23,32,18,14,2,0,2,0,0,0,1,1,0,12,5,7
GOLIAD COUNTY,175,83 Years,38,16,22,22,10,12,3,1,2,0,0,0,0,0,0,13,5,8
GOLIAD COUNTY,175,84 Years,31,13,18,21,8,13,1,0,1,0,0,0,1,1,0,8,4,4
GOLIAD COUNTY,175,85 Years,35,16,19,22,11,11,2,1,1,0,0,0,0,0,0,11,4,7
GOLIAD COUNTY,175,86 Years,29,13,16,15,7,8,2,1,1,0,0,0,0,0,0,12,5,7
GOLIAD COUNTY,175,87 Years,25,9,16,12,4,8,2,0,2,0,0,0,0,0,0,11,5,6
GOLIAD COUNTY,175,88 Years,23,9,14,10,4,6,4,0,4,0,0,0,0,0,0,9,5,4
GOLIAD COUNTY,175,89 Years,19,7,12,8,3,5,4,0,4,0,0,0,0,0,0,7,4,3
GOLIAD COUNTY,175,90 Years,19,10,9,9,5,4,2,1,1,0,0,0,0,0,0,8,4,4
GOLIAD COUNTY,175,91 Years,24,12,12,14,8,6,3,1,2,0,0,0,0,0,0,7,3,4
GOLIAD COUNTY,175,92 Years,15,6,9,9,3,6,1,0,1,0,0,0,0,0,0,5,3,2
GOLIAD COUNTY,175,93 Years,13,4,9,9,2,7,1,0,1,0,0,0,0,0,0,3,2,1
GOLIAD COUNTY,175,94 Years,9,3,6,5,2,3,1,0,1,0,0,0,0,0,0,3,1,2
GOLIAD COUNTY,175,95 Years +,29,13,16,15,7,8,4,2,2,0,0,0,1,1,0,9,3,6
GONZALES COUNTY,177,All Ages,20611,10369,10242,8480,4142,4338,1345,713,632,65,28,37,226,100,126,10495,5386,5109
GONZALES COUNTY,177,< 1 Year,292,156,136,72,40,32,12,7,5,0,0,0,6,3,3,202,106,96
GONZALES COUNTY,177,1 Years,306,162,144,81,44,37,15,8,7,2,1,1,6,3,3,202,106,96
GONZALES COUNTY,177,2 Years,323,164,159,85,45,40,16,8,8,0,0,0,6,3,3,216,108,108
GONZALES COUNTY,177,3 Years,317,167,150,87,47,40,15,9,6,2,1,1,6,3,3,207,107,100
GONZALES COUNTY,177,4 Years,298,157,141,86,46,40,14,7,7,0,0,0,5,2,3,193,102,91
GONZALES COUNTY,177,5 Years,288,159,129,78,42,36,11,7,4,0,0,0,5,3,2,194,107,87
GONZALES COUNTY,177,6 Years,293,156,137,79,40,39,15,8,7,2,1,1,6,3,3,191,104,87
GONZALES COUNTY,177,7 Years,294,145,149,69,33,36,15,10,5,1,0,1,7,3,4,202,99,103
GONZALES COUNTY,177,8 Years,310,161,149,70,37,33,16,7,9,0,0,0,8,4,4,216,113,103
GONZALES COUNTY,177,9 Years,312,171,141,77,43,34,15,7,8,2,0,2,5,2,3,213,119,94
GONZALES COUNTY,177,10 Years,307,158,149,80,42,38,15,6,9,0,0,0,8,6,2,204,104,100
GONZALES COUNTY,177,11 Years,304,158,146,82,43,39,16,8,8,0,0,0,7,3,4,199,104,95
GONZALES COUNTY,177,12 Years,290,148,142,67,34,33,15,8,7,0,0,0,3,0,3,205,106,99
GONZALES COUNTY,177,13 Years,296,153,143,79,39,40,14,8,6,1,0,1,3,1,2,199,105,94
GONZALES COUNTY,177,14 Years,320,154,166,89,39,50,14,6,8,3,2,1,4,1,3,210,106,104
GONZALES COUNTY,177,15 Years,299,145,154,85,39,46,13,6,7,1,0,1,7,1,6,193,99,94
GONZALES COUNTY,177,16 Years,297,157,140,88,49,39,21,14,7,0,0,0,6,2,4,182,92,90
GONZALES COUNTY,177,17 Years,293,143,150,103,48,55,19,12,7,1,1,0,5,2,3,165,80,85
GONZALES COUNTY,177,18 Years,303,154,149,100,49,51,18,13,5,0,0,0,6,4,2,179,88,91
GONZALES COUNTY,177,19 Years,268,151,117,94,53,41,15,10,5,1,1,0,3,2,1,155,85,70
GONZALES COUNTY,177,20 Years,263,148,115,104,62,42,13,10,3,1,0,1,3,2,1,142,74,68
GONZALES COUNTY,177,21 Years,254,144,110,97,49,48,14,10,4,0,0,0,4,3,1,139,82,57
GONZALES COUNTY,177,22 Years,242,134,108,85,42,43,13,8,5,0,0,0,4,3,1,140,81,59
GONZALES COUNTY,177,23 Years,273,136,137,93,47,46,12,7,5,1,1,0,5,3,2,162,78,84
GONZALES COUNTY,177,24 Years,274,137,137,95,48,47,19,11,8,0,0,0,5,3,2,155,75,80
GONZALES COUNTY,177,25 Years,285,133,152,89,45,44,19,13,6,1,1,0,6,2,4,170,72,98
GONZALES COUNTY,177,26 Years,251,132,119,74,44,30,19,13,6,0,0,0,3,1,2,155,74,81
GONZALES COUNTY,177,27 Years,247,138,109,75,47,28,21,15,6,1,0,1,2,0,2,148,76,72
GONZALES COUNTY,177,28 Years,247,129,118,87,43,44,21,12,9,0,0,0,1,1,0,138,73,65
GONZALES COUNTY,177,29 Years,238,121,117,76,32,44,19,12,7,0,0,0,0,0,0,143,77,66
GONZALES COUNTY,177,30 Years,222,108,114,73,30,43,18,12,6,0,0,0,2,0,2,129,66,63
GONZALES COUNTY,177,31 Years,242,107,135,70,31,39,21,13,8,0,0,0,2,0,2,149,63,86
GONZALES COUNTY,177,32 Years,241,118,123,72,35,37,22,11,11,1,0,1,2,0,2,144,72,72
GONZALES COUNTY,177,33 Years,226,115,111,78,38,40,15,7,8,0,0,0,0,0,0,133,70,63
GONZALES COUNTY,177,34 Years,260,140,120,92,44,48,21,9,12,0,0,0,0,0,0,147,87,60
GONZALES COUNTY,177,35 Years,225,114,111,75,32,43,17,10,7,1,0,1,1,0,1,131,72,59
GONZALES COUNTY,177,36 Years,206,113,93,71,34,37,14,11,3,0,0,0,1,0,1,120,68,52
GONZALES COUNTY,177,37 Years,250,135,115,85,52,33,13,8,5,0,0,0,2,1,1,150,74,76
GONZALES COUNTY,177,38 Years,237,119,118,85,39,46,12,7,5,3,1,2,2,1,1,135,71,64
GONZALES COUNTY,177,39 Years,230,119,111,65,29,36,14,10,4,4,1,3,2,1,1,145,78,67
GONZALES COUNTY,177,40 Years,221,110,111,70,32,38,14,7,7,3,2,1,2,1,1,132,68,64
GONZALES COUNTY,177,41 Years,217,102,115,74,32,42,11,5,6,1,1,0,2,1,1,129,63,66
GONZALES COUNTY,177,42 Years,239,117,122,81,36,45,18,12,6,1,1,0,1,0,1,138,68,70
GONZALES COUNTY,177,43 Years,229,124,105,81,44,37,18,12,6,2,1,1,2,0,2,126,67,59
GONZALES COUNTY,177,44 Years,209,98,111,83,38,45,15,8,7,1,0,1,3,0,3,107,52,55
GONZALES COUNTY,177,45 Years,229,111,118,96,45,51,10,4,6,1,0,1,1,0,1,121,62,59
GONZALES COUNTY,177,46 Years,226,113,113,107,56,51,10,5,5,1,1,0,1,1,0,107,50,57
GONZALES COUNTY,177,47 Years,241,123,118,96,50,46,14,6,8,0,0,0,2,2,0,129,65,64
GONZALES COUNTY,177,48 Years,247,123,124,103,52,51,10,4,6,2,2,0,3,2,1,129,63,66
GONZALES COUNTY,177,49 Years,218,108,110,93,48,45,8,3,5,2,1,1,1,1,0,114,55,59
GONZALES COUNTY,177,50 Years,206,97,109,84,37,47,13,3,10,3,1,2,1,0,1,105,56,49
GONZALES COUNTY,177,51 Years,229,118,111,101,49,52,16,8,8,1,1,0,1,1,0,110,59,51
GONZALES COUNTY,177,52 Years,240,130,110,109,59,50,19,12,7,0,0,0,2,1,1,110,58,52
GONZALES COUNTY,177,53 Years,253,131,122,110,58,52,22,12,10,1,0,1,1,1,0,119,60,59
GONZALES COUNTY,177,54 Years,274,140,134,129,62,67,21,8,13,2,2,0,1,0,1,121,68,53
GONZALES COUNTY,177,55 Years,281,142,139,139,67,72,20,8,12,0,0,0,0,0,0,122,67,55
GONZALES COUNTY,177,56 Years,263,136,127,129,62,67,25,12,13,0,0,0,1,0,1,108,62,46
GONZALES COUNTY,177,57 Years,282,145,137,148,70,78,23,11,12,0,0,0,2,0,2,109,64,45
GONZALES COUNTY,177,58 Years,287,142,145,142,64,78,23,12,11,1,0,1,0,0,0,121,66,55
GONZALES COUNTY,177,59 Years,284,142,142,151,70,81,18,9,9,0,0,0,3,1,2,112,62,50
GONZALES COUNTY,177,60 Years,274,136,138,154,76,78,19,9,10,1,1,0,4,1,3,96,49,47
GONZALES COUNTY,177,61 Years,265,131,134,150,69,81,23,12,11,0,0,0,5,2,3,87,48,39
GONZALES COUNTY,177,62 Years,251,126,125,138,63,75,23,12,11,0,0,0,2,1,1,88,50,38
GONZALES COUNTY,177,63 Years,238,114,124,138,66,72,20,10,10,1,0,1,2,1,1,77,37,40
GONZALES COUNTY,177,64 Years,227,115,112,141,71,70,22,11,11,0,0,0,1,1,0,63,32,31
GONZALES COUNTY,177,65 Years,219,109,110,131,62,69,25,16,9,0,0,0,2,1,1,61,30,31
GONZALES COUNTY,177,66 Years,192,87,105,112,48,64,18,9,9,0,0,0,2,1,1,60,29,31
GONZALES COUNTY,177,67 Years,186,93,93,114,57,57,14,6,8,1,0,1,0,0,0,57,30,27
GONZALES COUNTY,177,68 Years,223,113,110,152,79,73,14,7,7,2,1,1,0,0,0,55,26,29
GONZALES COUNTY,177,69 Years,199,99,100,131,72,59,12,4,8,0,0,0,2,1,1,54,22,32
GONZALES COUNTY,177,70 Years,222,109,113,156,78,78,13,6,7,0,0,0,1,0,1,52,25,27
GONZALES COUNTY,177,71 Years,173,84,89,111,54,57,9,5,4,1,1,0,1,1,0,51,23,28
GONZALES COUNTY,177,72 Years,148,63,85,82,36,46,7,4,3,2,1,1,2,1,1,55,21,34
GONZALES COUNTY,177,73 Years,154,72,82,101,49,52,7,3,4,3,0,3,2,0,2,41,20,21
GONZALES COUNTY,177,74 Years,156,76,80,110,52,58,7,3,4,1,0,1,1,0,1,37,21,16
GONZALES COUNTY,177,75 Years,162,78,84,116,54,62,9,4,5,0,0,0,0,0,0,37,20,17
GONZALES COUNTY,177,76 Years,146,71,75,98,50,48,13,4,9,0,0,0,0,0,0,35,17,18
GONZALES COUNTY,177,77 Years,141,61,80,94,44,50,8,2,6,0,0,0,1,1,0,38,14,24
GONZALES COUNTY,177,78 Years,139,60,79,95,41,54,11,4,7,0,0,0,1,0,1,32,15,17
GONZALES COUNTY,177,79 Years,116,52,64,81,40,41,10,3,7,0,0,0,0,0,0,25,9,16
GONZALES COUNTY,177,80 Years,114,50,64,77,37,40,9,3,6,1,0,1,0,0,0,27,10,17
GONZALES COUNTY,177,81 Years,104,45,59,69,31,38,7,2,5,0,0,0,1,1,0,27,11,16
GONZALES COUNTY,177,82 Years,109,54,55,70,36,34,8,4,4,0,0,0,2,1,1,29,13,16
GONZALES COUNTY,177,83 Years,81,37,44,53,24,29,7,4,3,0,0,0,1,1,0,20,8,12
GONZALES COUNTY,177,84 Years,84,35,49,56,25,31,7,3,4,0,0,0,0,0,0,21,7,14
GONZALES COUNTY,177,85 Years,74,34,40,52,25,27,6,3,3,0,0,0,0,0,0,16,6,10
GONZALES COUNTY,177,86 Years,61,22,39,42,15,27,6,3,3,0,0,0,0,0,0,13,4,9
GONZALES COUNTY,177,87 Years,65,25,40,47,18,29,7,3,4,0,0,0,0,0,0,11,4,7
GONZALES COUNTY,177,88 Years,56,24,32,38,14,24,6,3,3,0,0,0,0,0,0,12,7,5
GONZALES COUNTY,177,89 Years,44,14,30,31,10,21,3,0,3,1,0,1,0,0,0,9,4,5
GONZALES COUNTY,177,90 Years,33,12,21,24,8,16,3,2,1,0,0,0,1,1,0,5,1,4
GONZALES COUNTY,177,91 Years,32,14,18,23,9,14,3,2,1,0,0,0,0,0,0,6,3,3
GONZALES COUNTY,177,92 Years,32,12,20,22,7,15,4,2,2,0,0,0,0,0,0,6,3,3
GONZALES COUNTY,177,93 Years,27,8,19,16,4,12,5,2,3,0,0,0,1,0,1,5,2,3
GONZALES COUNTY,177,94 Years,21,9,12,11,5,6,4,2,2,0,0,0,1,0,1,5,2,3
GONZALES COUNTY,177,95 Years +,45,14,31,26,7,19,7,2,5,0,0,0,1,0,1,11,5,6
GRAY COUNTY,179,All Ages,22492,11933,10559,14072,7095,6977,1054,766,288,93,43,50,515,244,271,6758,3785,2973
GRAY COUNTY,179,< 1 Year,264,142,122,128,72,56,7,4,3,2,1,1,7,2,5,120,63,57
GRAY COUNTY,179,1 Years,278,148,130,140,77,63,7,4,3,1,0,1,7,2,5,123,65,58
GRAY COUNTY,179,2 Years,300,156,144,145,78,67,6,3,3,2,1,1,9,2,7,138,72,66
GRAY COUNTY,179,3 Years,316,167,149,152,81,71,5,3,2,2,1,1,10,6,4,147,76,71
GRAY COUNTY,179,4 Years,321,169,152,150,79,71,6,4,2,1,1,0,12,7,5,152,78,74
GRAY COUNTY,179,5 Years,322,173,149,151,78,73,8,4,4,1,1,0,16,11,5,146,79,67
GRAY COUNTY,179,6 Years,317,167,150,148,75,73,8,4,4,2,1,1,14,12,2,145,75,70
GRAY COUNTY,179,7 Years,314,155,159,148,76,72,8,2,6,2,1,1,13,8,5,143,68,75
GRAY COUNTY,179,8 Years,322,155,167,159,76,83,7,2,5,1,0,1,10,7,3,145,70,75
GRAY COUNTY,179,9 Years,342,174,168,171,84,87,6,3,3,1,1,0,11,5,6,153,81,72
GRAY COUNTY,179,10 Years,320,154,166,161,81,80,7,4,3,0,0,0,12,4,8,140,65,75
GRAY COUNTY,179,11 Years,310,159,151,160,87,73,4,3,1,1,1,0,13,5,8,132,63,69
GRAY COUNTY,179,12 Years,350,184,166,173,89,84,10,6,4,1,1,0,11,2,9,155,86,69
GRAY COUNTY,179,13 Years,321,154,167,165,78,87,13,4,9,2,0,2,8,1,7,133,71,62
GRAY COUNTY,179,14 Years,302,143,159,153,70,83,13,7,6,3,2,1,5,2,3,128,62,66
GRAY COUNTY,179,15 Years,294,148,146,161,81,80,11,7,4,0,0,0,10,5,5,112,55,57
GRAY COUNTY,179,16 Years,290,150,140,163,85,78,8,5,3,0,0,0,8,6,2,111,54,57
GRAY COUNTY,179,17 Years,291,167,124,147,81,66,7,4,3,0,0,0,8,6,2,129,76,53
GRAY COUNTY,179,18 Years,266,144,122,132,78,54,6,2,4,0,0,0,9,6,3,119,58,61
GRAY COUNTY,179,19 Years,229,109,120,125,65,60,8,4,4,2,2,0,7,2,5,87,36,51
GRAY COUNTY,179,20 Years,243,128,115,123,68,55,8,5,3,1,1,0,6,1,5,105,53,52
GRAY COUNTY,179,21 Years,236,134,102,118,65,53,11,8,3,0,0,0,6,3,3,101,58,43
GRAY COUNTY,179,22 Years,265,145,120,135,73,62,12,8,4,0,0,0,7,4,3,111,60,51
GRAY COUNTY,179,23 Years,302,154,148,168,84,84,16,8,8,1,0,1,6,3,3,111,59,52
GRAY COUNTY,179,24 Years,308,159,149,175,89,86,15,8,7,1,0,1,5,1,4,112,61,51
GRAY COUNTY,179,25 Years,315,173,142,192,103,89,13,8,5,1,1,0,7,4,3,102,57,45
GRAY COUNTY,179,26 Years,300,172,128,158,86,72,23,18,5,0,0,0,4,3,1,115,65,50
GRAY COUNTY,179,27 Years,307,179,128,172,96,76,20,15,5,0,0,0,4,2,2,111,66,45
GRAY COUNTY,179,28 Years,303,168,135,169,83,86,22,18,4,0,0,0,7,4,3,105,63,42
GRAY COUNTY,179,29 Years,316,180,136,187,97,90,22,19,3,0,0,0,5,2,3,102,62,40
GRAY COUNTY,179,30 Years,335,189,146,198,100,98,19,17,2,2,1,1,5,2,3,111,69,42
GRAY COUNTY,179,31 Years,337,193,144,196,107,89,22,19,3,3,2,1,2,1,1,114,64,50
GRAY COUNTY,179,32 Years,302,157,145,197,99,98,14,11,3,2,2,0,2,1,1,87,44,43
GRAY COUNTY,179,33 Years,302,162,140,182,96,86,20,16,4,2,2,0,8,2,6,90,46,44
GRAY COUNTY,179,34 Years,319,189,130,187,112,75,19,16,3,3,1,2,6,2,4,104,58,46
GRAY COUNTY,179,35 Years,347,186,161,210,102,108,14,13,1,2,0,2,5,2,3,116,69,47
GRAY COUNTY,179,36 Years,316,187,129,180,90,90,21,17,4,1,0,1,4,2,2,110,78,32
GRAY COUNTY,179,37 Years,316,177,139,181,87,94,18,17,1,1,1,0,2,1,1,114,71,43
GRAY COUNTY,179,38 Years,316,188,128,179,97,82,20,19,1,0,0,0,6,3,3,111,69,42
GRAY COUNTY,179,39 Years,275,175,100,143,82,61,22,20,2,2,0,2,8,6,2,100,67,33
GRAY COUNTY,179,40 Years,294,170,124,162,80,82,19,16,3,2,1,1,6,4,2,105,69,36
GRAY COUNTY,179,41 Years,282,166,116,165,93,72,16,15,1,1,0,1,3,1,2,97,57,40
GRAY COUNTY,179,42 Years,263,170,93,158,97,61,20,19,1,1,1,0,2,0,2,82,53,29
GRAY COUNTY,179,43 Years,269,167,102,155,85,70,21,20,1,3,3,0,4,1,3,86,58,28
GRAY COUNTY,179,44 Years,275,160,115,159,83,76,16,16,0,2,1,1,3,1,2,95,59,36
GRAY COUNTY,179,45 Years,293,178,115,186,103,83,18,17,1,1,0,1,5,4,1,83,54,29
GRAY COUNTY,179,46 Years,304,182,122,199,109,90,22,21,1,0,0,0,3,1,2,80,51,29
GRAY COUNTY,179,47 Years,293,172,121,185,98,87,21,19,2,1,1,0,6,3,3,80,51,29
GRAY COUNTY,179,48 Years,291,173,118,179,104,75,22,17,5,1,0,1,3,1,2,86,51,35
GRAY COUNTY,179,49 Years,291,178,113,180,107,73,20,16,4,1,1,0,4,1,3,86,53,33
GRAY COUNTY,179,50 Years,269,166,103,162,89,73,21,19,2,1,1,0,2,1,1,83,56,27
GRAY COUNTY,179,51 Years,261,160,101,164,91,73,19,17,2,0,0,0,3,2,1,75,50,25
GRAY COUNTY,179,52 Years,246,152,94,162,92,70,19,16,3,0,0,0,5,3,2,60,41,19
GRAY COUNTY,179,53 Years,276,165,111,187,104,83,21,18,3,0,0,0,5,2,3,63,41,22
GRAY COUNTY,179,54 Years,272,157,115,200,110,90,18,15,3,1,0,1,6,2,4,47,30,17
GRAY COUNTY,179,55 Years,270,141,129,199,100,99,18,15,3,1,0,1,6,2,4,46,24,22
GRAY COUNTY,179,56 Years,283,138,145,205,99,106,17,14,3,3,1,2,7,2,5,51,22,29
GRAY COUNTY,179,57 Years,285,146,139,199,95,104,14,9,5,2,1,1,8,6,2,62,35,27
GRAY COUNTY,179,58 Years,285,152,133,200,97,103,14,11,3,3,1,2,6,3,3,62,40,22
GRAY COUNTY,179,59 Years,258,133,125,192,95,97,11,6,5,1,0,1,8,1,7,46,31,15
GRAY COUNTY,179,60 Years,276,152,124,218,113,105,11,8,3,0,0,0,6,3,3,41,28,13
GRAY COUNTY,179,61 Years,269,138,131,205,101,104,9,6,3,1,0,1,7,3,4,47,28,19
GRAY COUNTY,179,62 Years,258,136,122,185,91,94,15,11,4,1,1,0,8,5,3,49,28,21
GRAY COUNTY,179,63 Years,252,123,129,202,94,108,19,11,8,0,0,0,7,4,3,24,14,10
GRAY COUNTY,179,64 Years,234,108,126,186,83,103,14,6,8,0,0,0,4,2,2,30,17,13
GRAY COUNTY,179,65 Years,214,108,106,169,83,86,10,4,6,2,1,1,4,3,1,29,17,12
GRAY COUNTY,179,66 Years,209,97,112,178,81,97,6,2,4,1,0,1,3,1,2,21,13,8
GRAY COUNTY,179,67 Years,209,99,110,173,84,89,8,3,5,1,1,0,3,2,1,24,9,15
GRAY COUNTY,179,68 Years,199,92,107,162,78,84,6,2,4,1,1,0,5,1,4,25,10,15
GRAY COUNTY,179,69 Years,190,83,107,157,69,88,7,3,4,0,0,0,5,1,4,21,10,11
GRAY COUNTY,179,70 Years,192,84,108,159,67,92,5,3,2,1,0,1,7,5,2,20,9,11
GRAY COUNTY,179,71 Years,173,76,97,136,61,75,6,3,3,4,1,3,5,3,2,22,8,14
GRAY COUNTY,179,72 Years,168,74,94,141,63,78,5,1,4,1,0,1,4,1,3,17,9,8
GRAY COUNTY,179,73 Years,172,81,91,148,68,80,5,4,1,2,0,2,3,1,2,14,8,6
GRAY COUNTY,179,74 Years,167,72,95,138,58,80,7,3,4,1,0,1,6,4,2,15,7,8
GRAY COUNTY,179,75 Years,133,56,77,119,51,68,3,1,2,0,0,0,4,1,3,7,3,4
GRAY COUNTY,179,76 Years,127,57,70,114,51,63,5,2,3,0,0,0,2,1,1,6,3,3
GRAY COUNTY,179,77 Years,129,62,67,113,51,62,5,3,2,0,0,0,2,2,0,9,6,3
GRAY COUNTY,179,78 Years,128,62,66,107,48,59,5,3,2,1,0,1,5,4,1,10,7,3
GRAY COUNTY,179,79 Years,116,46,70,104,41,63,3,1,2,1,0,1,3,1,2,5,3,2
GRAY COUNTY,179,80 Years,109,41,68,99,36,63,1,1,0,0,0,0,3,1,2,6,3,3
GRAY COUNTY,179,81 Years,110,48,62,96,43,53,3,1,2,0,0,0,4,0,4,7,4,3
GRAY COUNTY,179,82 Years,98,40,58,83,37,46,6,0,6,0,0,0,4,1,3,5,2,3
GRAY COUNTY,179,83 Years,81,29,52,73,27,46,2,0,2,1,0,1,1,0,1,4,2,2
GRAY COUNTY,179,84 Years,94,36,58,85,29,56,1,1,0,1,1,0,1,1,0,6,4,2
GRAY COUNTY,179,85 Years,78,32,46,70,27,43,2,2,0,0,0,0,1,0,1,5,3,2
GRAY COUNTY,179,86 Years,77,27,50,67,24,43,2,1,1,1,0,1,2,0,2,5,2,3
GRAY COUNTY,179,87 Years,68,25,43,60,22,38,2,1,1,1,0,1,0,0,0,5,2,3
GRAY COUNTY,179,88 Years,58,24,34,55,22,33,1,1,0,0,0,0,0,0,0,2,1,1
GRAY COUNTY,179,89 Years,49,22,27,44,20,24,1,0,1,0,0,0,2,1,1,2,1,1
GRAY COUNTY,179,90 Years,38,17,21,33,16,17,1,0,1,0,0,0,1,0,1,3,1,2
GRAY COUNTY,179,91 Years,29,12,17,26,11,15,0,0,0,0,0,0,1,0,1,2,1,1
GRAY COUNTY,179,92 Years,29,13,16,26,10,16,1,1,0,0,0,0,1,1,0,1,1,0
GRAY COUNTY,179,93 Years,22,8,14,20,6,14,1,1,0,0,0,0,0,0,0,1,1,0
GRAY COUNTY,179,94 Years,16,5,11,14,4,10,0,0,0,0,0,0,1,0,1,1,1,0
GRAY COUNTY,179,95 Years +,32,9,23,27,7,20,3,1,2,0,0,0,0,0,0,2,1,1
GRAYSON COUNTY,181,All Ages,129484,63253,66231,98116,47655,50461,7479,3564,3915,1308,659,649,5357,2535,2822,17224,8840,8384
GRAYSON COUNTY,181,< 1 Year,1555,789,766,923,481,442,98,54,44,11,5,6,146,67,79,377,182,195
GRAYSON COUNTY,181,1 Years,1593,794,799,941,483,458,99,50,49,17,6,11,152,65,87,384,190,194
GRAYSON COUNTY,181,2 Years,1608,803,805,974,501,473,92,46,46,17,7,10,136,61,75,389,188,201
GRAYSON COUNTY,181,3 Years,1628,827,801,990,517,473,90,43,47,17,7,10,134,59,75,397,201,196
GRAYSON COUNTY,181,4 Years,1624,855,769,985,532,453,97,43,54,13,8,5,119,55,64,410,217,193
GRAYSON COUNTY,181,5 Years,1623,858,765,977,536,441,101,45,56,10,7,3,116,49,67,419,221,198
GRAYSON COUNTY,181,6 Years,1638,864,774,998,534,464,105,49,56,9,6,3,110,54,56,416,221,195
GRAYSON COUNTY,181,7 Years,1671,865,806,1015,539,476,108,49,59,10,5,5,102,58,44,436,214,222
GRAYSON COUNTY,181,8 Years,1703,860,843,1039,530,509,112,48,64,9,4,5,114,62,52,429,216,213
GRAYSON COUNTY,181,9 Years,1753,889,864,1064,541,523,116,60,56,18,13,5,126,62,64,429,213,216
GRAYSON COUNTY,181,10 Years,1678,856,822,1044,535,509,130,72,58,12,7,5,107,54,53,385,188,197
GRAYSON COUNTY,181,11 Years,1778,902,876,1132,567,565,125,60,65,19,13,6,121,63,58,381,199,182
GRAYSON COUNTY,181,12 Years,1794,906,888,1165,588,577,110,43,67,13,8,5,122,60,62,384,207,177
GRAYSON COUNTY,181,13 Years,1734,866,868,1138,575,563,118,54,64,9,5,4,105,52,53,364,180,184
GRAYSON COUNTY,181,14 Years,1673,805,868,1126,561,565,141,56,85,13,7,6,87,45,42,306,136,170
GRAYSON COUNTY,181,15 Years,1743,930,813,1151,623,528,134,59,75,23,17,6,97,51,46,338,180,158
GRAYSON COUNTY,181,16 Years,1769,935,834,1183,627,556,119,60,59,18,10,8,94,51,43,355,187,168
GRAYSON COUNTY,181,17 Years,1747,882,865,1168,600,568,124,55,69,12,7,5,110,61,49,333,159,174
GRAYSON COUNTY,181,18 Years,1707,859,848,1105,569,536,122,55,67,42,23,19,99,55,44,339,157,182
GRAYSON COUNTY,181,19 Years,1510,776,734,967,506,461,103,55,48,49,23,26,92,43,49,299,149,150
GRAYSON COUNTY,181,20 Years,1461,752,709,946,497,449,109,60,49,34,12,22,91,41,50,281,142,139
GRAYSON COUNTY,181,21 Years,1396,695,701,909,458,451,105,51,54,36,17,19,91,42,49,255,127,128
GRAYSON COUNTY,181,22 Years,1343,698,645,881,455,426,98,48,50,38,20,18,86,46,40,240,129,111
GRAYSON COUNTY,181,23 Years,1430,732,698,977,497,480,103,47,56,27,18,9,101,55,46,222,115,107
GRAYSON COUNTY,181,24 Years,1516,772,744,1044,536,508,109,45,64,23,14,9,90,46,44,250,131,119
GRAYSON COUNTY,181,25 Years,1647,831,816,1164,598,566,122,63,59,13,7,6,95,46,49,253,117,136
GRAYSON COUNTY,181,26 Years,1925,934,991,1399,675,724,145,72,73,25,16,9,92,41,51,264,130,134
GRAYSON COUNTY,181,27 Years,1879,880,999,1352,628,724,146,66,80,19,10,9,77,38,39,285,138,147
GRAYSON COUNTY,181,28 Years,1793,839,954,1308,585,723,131,66,65,24,15,9,87,44,43,243,129,114
GRAYSON COUNTY,181,29 Years,1703,838,865,1253,608,645,110,58,52,14,8,6,69,29,40,257,135,122
GRAYSON COUNTY,181,30 Years,1598,776,822,1159,554,605,104,53,51,9,6,3,62,22,40,264,141,123
GRAYSON COUNTY,181,31 Years,1496,742,754,1093,535,558,82,42,40,7,4,3,64,23,41,250,138,112
GRAYSON COUNTY,181,32 Years,1560,760,800,1146,537,609,99,54,45,6,2,4,55,20,35,254,147,107
GRAYSON COUNTY,181,33 Years,1483,719,764,1079,498,581,94,49,45,27,18,9,55,22,33,228,132,96
GRAYSON COUNTY,181,34 Years,1499,735,764,1111,522,589,83,46,37,25,18,7,45,20,25,235,129,106
GRAYSON COUNTY,181,35 Years,1523,769,754,1147,569,578,97,50,47,13,8,5,42,20,22,224,122,102
GRAYSON COUNTY,181,36 Years,1583,771,812,1184,580,604,105,47,58,10,3,7,49,24,25,235,117,118
GRAYSON COUNTY,181,37 Years,1558,774,784,1149,572,577,97,49,48,11,4,7,61,24,37,240,125,115
GRAYSON COUNTY,181,38 Years,1428,719,709,1064,530,534,95,46,49,12,5,7,49,20,29,208,118,90
GRAYSON COUNTY,181,39 Years,1410,701,709,1039,497,542,84,44,40,11,6,5,46,23,23,230,131,99
GRAYSON COUNTY,181,40 Years,1393,687,706,1048,519,529,75,28,47,11,7,4,46,26,20,213,107,106
GRAYSON COUNTY,181,41 Years,1360,660,700,1028,503,525,70,30,40,22,6,16,43,20,23,197,101,96
GRAYSON COUNTY,181,42 Years,1470,731,739,1094,538,556,71,36,35,34,15,19,48,22,26,223,120,103
GRAYSON COUNTY,181,43 Years,1513,753,760,1142,564,578,75,39,36,19,7,12,45,22,23,232,121,111
GRAYSON COUNTY,181,44 Years,1446,718,728,1109,548,561,83,37,46,11,4,7,39,17,22,204,112,92
GRAYSON COUNTY,181,45 Years,1536,739,797,1189,558,631,78,34,44,19,12,7,46,22,24,204,113,91
GRAYSON COUNTY,181,46 Years,1642,800,842,1298,621,677,74,35,39,18,9,9,51,26,25,201,109,92
GRAYSON COUNTY,181,47 Years,1614,770,844,1262,584,678,80,39,41,13,4,9,50,27,23,209,116,93
GRAYSON COUNTY,181,48 Years,1594,795,799,1256,611,645,71,39,32,14,6,8,39,19,20,214,120,94
GRAYSON COUNTY,181,49 Years,1523,701,822,1189,545,644,72,33,39,23,15,8,38,15,23,201,93,108
GRAYSON COUNTY,181,50 Years,1499,731,768,1171,561,610,83,45,38,32,17,15,41,21,20,172,87,85
GRAYSON COUNTY,181,51 Years,1578,794,784,1248,616,632,73,38,35,18,8,10,46,25,21,193,107,86
GRAYSON COUNTY,181,52 Years,1705,831,874,1371,667,704,88,42,46,15,6,9,56,22,34,175,94,81
GRAYSON COUNTY,181,53 Years,1813,913,900,1492,753,739,99,46,53,14,7,7,52,24,28,156,83,73
GRAYSON COUNTY,181,54 Years,1836,894,942,1521,737,784,107,54,53,11,5,6,46,21,25,151,77,74
GRAYSON COUNTY,181,55 Years,1807,896,911,1491,737,754,103,49,54,20,12,8,50,22,28,143,76,67
GRAYSON COUNTY,181,56 Years,1890,938,952,1552,762,790,111,60,51,25,15,10,51,21,30,151,80,71
GRAYSON COUNTY,181,57 Years,1863,905,958,1563,760,803,104,47,57,14,6,8,52,27,25,130,65,65
GRAYSON COUNTY,181,58 Years,1855,891,964,1577,754,823,105,53,52,20,4,16,40,20,20,113,60,53
GRAYSON COUNTY,181,59 Years,1861,934,927,1574,795,779,109,51,58,19,6,13,51,24,27,108,58,50
GRAYSON COUNTY,181,60 Years,1848,897,951,1543,754,789,125,53,72,23,13,10,52,24,28,105,53,52
GRAYSON COUNTY,181,61 Years,1874,887,987,1592,756,836,107,49,58,35,17,18,43,20,23,97,45,52
GRAYSON COUNTY,181,62 Years,1781,874,907,1531,752,779,100,48,52,22,10,12,41,22,19,87,42,45
GRAYSON COUNTY,181,63 Years,1669,794,875,1449,696,753,83,38,45,13,5,8,48,18,30,76,37,39
GRAYSON COUNTY,181,64 Years,1548,735,813,1364,655,709,74,35,39,9,2,7,33,11,22,68,32,36
GRAYSON COUNTY,181,65 Years,1526,721,805,1338,627,711,69,38,31,12,5,7,38,18,20,69,33,36
GRAYSON COUNTY,181,66 Years,1427,658,769,1235,572,663,77,36,41,10,3,7,40,18,22,65,29,36
GRAYSON COUNTY,181,67 Years,1478,672,806,1285,582,703,79,38,41,7,2,5,39,19,20,68,31,37
GRAYSON COUNTY,181,68 Years,1416,667,749,1257,593,664,73,32,41,10,4,6,25,12,13,51,26,25
GRAYSON COUNTY,181,69 Years,1414,689,725,1283,624,659,54,27,27,5,1,4,30,15,15,42,22,20
GRAYSON COUNTY,181,70 Years,1475,702,773,1331,639,692,65,34,31,1,0,1,37,13,24,41,16,25
GRAYSON COUNTY,181,71 Years,1246,567,679,1125,520,605,51,22,29,5,2,3,33,12,21,32,11,21
GRAYSON COUNTY,181,72 Years,1132,522,610,1019,477,542,39,15,24,7,4,3,33,16,17,34,10,24
GRAYSON COUNTY,181,73 Years,1144,544,600,1037,497,540,43,22,21,7,4,3,31,10,21,26,11,15
GRAYSON COUNTY,181,74 Years,1102,529,573,1018,487,531,31,16,15,7,4,3,25,11,14,21,11,10
GRAYSON COUNTY,181,75 Years,1018,477,541,935,439,496,26,12,14,5,1,4,20,11,9,32,14,18
GRAYSON COUNTY,181,76 Years,876,378,498,804,349,455,26,10,16,4,1,3,15,6,9,27,12,15
GRAYSON COUNTY,181,77 Years,810,365,445,732,329,403,39,14,25,3,2,1,10,6,4,26,14,12
GRAYSON COUNTY,181,78 Years,754,350,404,693,324,369,26,10,16,6,2,4,11,6,5,18,8,10
GRAYSON COUNTY,181,79 Years,673,306,367,620,280,340,18,8,10,4,2,2,16,8,8,15,8,7
GRAYSON COUNTY,181,80 Years,655,305,350,602,282,320,21,7,14,3,2,1,15,6,9,14,8,6
GRAYSON COUNTY,181,81 Years,579,250,329,532,229,303,17,7,10,3,1,2,16,6,10,11,7,4
GRAYSON COUNTY,181,82 Years,579,248,331,535,228,307,17,6,11,3,1,2,12,6,6,12,7,5
GRAYSON COUNTY,181,83 Years,525,222,303,487,205,282,13,5,8,0,0,0,12,4,8,13,8,5
GRAYSON COUNTY,181,84 Years,498,208,290,464,192,272,11,5,6,0,0,0,11,4,7,12,7,5
GRAYSON COUNTY,181,85 Years,442,182,260,414,170,244,11,4,7,0,0,0,6,2,4,11,6,5
GRAYSON COUNTY,181,86 Years,404,166,238,376,152,224,10,4,6,1,0,1,7,3,4,10,7,3
GRAYSON COUNTY,181,87 Years,398,157,241,361,143,218,16,4,12,1,0,1,7,3,4,13,7,6
GRAYSON COUNTY,181,88 Years,319,125,194,293,116,177,14,3,11,0,0,0,4,1,3,8,5,3
GRAYSON COUNTY,181,89 Years,258,89,169,238,82,156,9,3,6,0,0,0,4,2,2,7,2,5
GRAYSON COUNTY,181,90 Years,225,80,145,208,73,135,5,2,3,0,0,0,5,2,3,7,3,4
GRAYSON COUNTY,181,91 Years,194,69,125,173,62,111,10,2,8,1,0,1,4,2,2,6,3,3
GRAYSON COUNTY,181,92 Years,165,55,110,150,50,100,6,2,4,1,0,1,2,0,2,6,3,3
GRAYSON COUNTY,181,93 Years,137,41,96,124,36,88,6,2,4,0,0,0,2,1,1,5,2,3
GRAYSON COUNTY,181,94 Years,109,26,83,99,22,77,5,2,3,2,1,1,1,0,1,2,1,1
GRAYSON COUNTY,181,95 Years +,228,57,171,205,52,153,10,2,8,1,0,1,3,1,2,9,2,7
GREGG COUNTY,183,All Ages,125319,61659,63660,72110,35136,36974,25169,11883,13286,1453,728,725,2986,1443,1543,23601,12469,11132
GREGG COUNTY,183,< 1 Year,1616,823,793,713,364,349,325,160,165,12,6,6,82,38,44,484,255,229
GREGG COUNTY,183,1 Years,1645,849,796,719,369,350,324,166,158,15,6,9,91,40,51,496,268,228
GREGG COUNTY,183,2 Years,1756,913,843,755,393,362,343,172,171,17,9,8,99,46,53,542,293,249
GREGG COUNTY,183,3 Years,1797,941,856,762,394,368,347,179,168,16,7,9,103,48,55,569,313,256
GREGG COUNTY,183,4 Years,1816,946,870,766,395,371,357,183,174,13,7,6,94,46,48,586,315,271
GREGG COUNTY,183,5 Years,1805,930,875,761,387,374,350,181,169,16,6,10,92,42,50,586,314,272
GREGG COUNTY,183,6 Years,1814,940,874,777,405,372,340,178,162,15,6,9,89,41,48,593,310,283
GREGG COUNTY,183,7 Years,1727,924,803,740,391,349,326,173,153,14,10,4,85,48,37,562,302,260
GREGG COUNTY,183,8 Years,1795,958,837,781,424,357,374,193,181,11,8,3,74,37,37,555,296,259
GREGG COUNTY,183,9 Years,1816,943,873,775,408,367,402,200,202,17,9,8,85,34,51,537,292,245
GREGG COUNTY,183,10 Years,1788,920,868,804,419,385,361,182,179,18,11,7,72,33,39,533,275,258
GREGG COUNTY,183,11 Years,1788,955,833,799,442,357,359,185,174,13,9,4,61,31,30,556,288,268
GREGG COUNTY,183,12 Years,1804,919,885,780,414,366,403,195,208,14,7,7,80,31,49,527,272,255
GREGG COUNTY,183,13 Years,1784,919,865,765,415,350,403,200,203,20,12,8,73,29,44,523,263,260
GREGG COUNTY,183,14 Years,1797,932,865,817,445,372,385,186,199,20,10,10,62,35,27,513,256,257
GREGG COUNTY,183,15 Years,1792,953,839,835,447,388,401,217,184,12,6,6,56,33,23,488,250,238
GREGG COUNTY,183,16 Years,1763,934,829,824,448,376,398,200,198,22,13,9,54,32,22,465,241,224
GREGG COUNTY,183,17 Years,1804,957,847,856,470,386,415,200,215,27,13,14,50,28,22,456,246,210
GREGG COUNTY,183,18 Years,1752,941,811,858,476,382,401,191,210,23,14,9,54,27,27,416,233,183
GREGG COUNTY,183,19 Years,1618,839,779,794,414,380,366,186,180,17,11,6,49,25,24,392,203,189
GREGG COUNTY,183,20 Years,1541,800,741,737,385,352,368,191,177,18,13,5,45,23,22,373,188,185
GREGG COUNTY,183,21 Years,1537,780,757,745,395,350,380,186,194,17,10,7,45,22,23,350,167,183
GREGG COUNTY,183,22 Years,1556,779,777,766,409,357,377,184,193,16,5,11,43,21,22,354,160,194
GREGG COUNTY,183,23 Years,1539,759,780,761,384,377,372,174,198,20,6,14,37,19,18,349,176,173
GREGG COUNTY,183,24 Years,1602,778,824,792,397,395,424,196,228,21,7,14,30,14,16,335,164,171
GREGG COUNTY,183,25 Years,1817,912,905,942,484,458,460,228,232,25,14,11,46,24,22,344,162,182
GREGG COUNTY,183,26 Years,2029,1017,1012,1088,544,544,492,246,246,29,17,12,46,27,19,374,183,191
GREGG COUNTY,183,27 Years,2018,1005,1013,1084,543,541,477,230,247,30,13,17,40,21,19,387,198,189
GREGG COUNTY,183,28 Years,1888,988,900,1069,560,509,389,204,185,33,18,15,36,20,16,361,186,175
GREGG COUNTY,183,29 Years,1869,945,924,1051,537,514,398,186,212,29,17,12,34,16,18,357,189,168
GREGG COUNTY,183,30 Years,1802,901,901,1016,501,515,375,177,198,28,16,12,32,16,16,351,191,160
GREGG COUNTY,183,31 Years,1697,860,837,970,473,497,353,170,183,21,11,10,33,21,12,320,185,135
GREGG COUNTY,183,32 Years,1674,855,819,946,466,480,344,165,179,28,16,12,31,20,11,325,188,137
GREGG COUNTY,183,33 Years,1688,840,848,948,455,493,334,167,167,22,12,10,36,19,17,348,187,161
GREGG COUNTY,183,34 Years,1739,883,856,976,494,482,367,173,194,16,10,6,32,18,14,348,188,160
GREGG COUNTY,183,35 Years,1717,852,865,932,472,460,370,167,203,21,10,11,26,16,10,368,187,181
GREGG COUNTY,183,36 Years,1679,805,874,938,460,478,354,150,204,22,11,11,24,14,10,341,170,171
GREGG COUNTY,183,37 Years,1643,815,828,895,442,453,351,162,189,30,14,16,27,12,15,340,185,155
GREGG COUNTY,183,38 Years,1533,767,766,824,423,401,339,157,182,27,13,14,26,10,16,317,164,153
GREGG COUNTY,183,39 Years,1535,763,772,834,408,426,350,166,184,25,12,13,20,11,9,306,166,140
GREGG COUNTY,183,40 Years,1501,754,747,810,410,400,327,160,167,21,9,12,22,9,13,321,166,155
GREGG COUNTY,183,41 Years,1418,689,729,790,401,389,278,106,172,16,9,7,25,9,16,309,164,145
GREGG COUNTY,183,42 Years,1389,687,702,772,389,383,262,109,153,17,7,10,25,11,14,313,171,142
GREGG COUNTY,183,43 Years,1411,697,714,785,389,396,286,130,156,21,8,13,24,11,13,295,159,136
GREGG COUNTY,183,44 Years,1355,653,702,748,358,390,293,129,164,24,13,11,20,8,12,270,145,125
GREGG COUNTY,183,45 Years,1404,668,736,787,362,425,307,137,170,19,13,6,22,9,13,269,147,122
GREGG COUNTY,183,46 Years,1540,737,803,862,400,462,342,165,177,29,12,17,23,9,14,284,151,133
GREGG COUNTY,183,47 Years,1560,754,806,921,445,476,324,146,178,24,11,13,21,9,12,270,143,127
GREGG COUNTY,183,48 Years,1458,683,775,893,406,487,297,133,164,14,7,7,19,9,10,235,128,107
GREGG COUNTY,183,49 Years,1353,655,698,789,378,411,300,141,159,18,9,9,20,10,10,226,117,109
GREGG COUNTY,183,50 Years,1350,667,683,794,391,403,288,138,150,20,10,10,24,9,15,224,119,105
GREGG COUNTY,183,51 Years,1365,671,694,826,395,431,272,133,139,21,10,11,21,12,9,225,121,104
GREGG COUNTY,183,52 Years,1495,735,760,936,452,484,295,138,157,16,7,9,19,9,10,229,129,100
GREGG COUNTY,183,53 Years,1528,734,794,967,463,504,289,133,156,16,6,10,19,8,11,237,124,113
GREGG COUNTY,183,54 Years,1528,748,780,952,455,497,300,138,162,29,13,16,25,13,12,222,129,93
GREGG COUNTY,183,55 Years,1640,779,861,1051,496,555,313,130,183,24,10,14,19,8,11,233,135,98
GREGG COUNTY,183,56 Years,1606,774,832,1029,485,544,308,136,172,28,13,15,20,11,9,221,129,92
GREGG COUNTY,183,57 Years,1640,778,862,1065,503,562,324,137,187,22,10,12,24,12,12,205,116,89
GREGG COUNTY,183,58 Years,1587,759,828,1062,494,568,306,142,164,18,6,12,29,13,16,172,104,68
GREGG COUNTY,183,59 Years,1656,801,855,1151,554,597,306,135,171,17,4,13,24,9,15,158,99,59
GREGG COUNTY,183,60 Years,1584,793,791,1119,556,563,299,141,158,13,7,6,23,6,17,130,83,47
GREGG COUNTY,183,61 Years,1516,741,775,1058,518,540,300,139,161,16,6,10,24,9,15,118,69,49
GREGG COUNTY,183,62 Years,1486,724,762,1032,502,530,294,135,159,24,14,10,23,10,13,113,63,50
GREGG COUNTY,183,63 Years,1374,641,733,980,455,525,260,112,148,15,9,6,25,12,13,94,53,41
GREGG COUNTY,183,64 Years,1365,614,751,980,435,545,240,103,137,18,11,7,20,8,12,107,57,50
GREGG COUNTY,183,65 Years,1296,634,662,962,470,492,233,111,122,11,4,7,19,11,8,71,38,33
GREGG COUNTY,183,66 Years,1249,616,633,920,463,457,231,102,129,14,4,10,15,11,4,69,36,33
GREGG COUNTY,183,67 Years,1189,558,631,880,428,452,216,90,126,16,7,9,12,7,5,65,26,39
GREGG COUNTY,183,68 Years,1127,504,623,839,377,462,197,85,112,13,8,5,17,2,15,61,32,29
GREGG COUNTY,183,69 Years,1113,505,608,868,396,472,174,71,103,9,6,3,11,6,5,51,26,25
GREGG COUNTY,183,70 Years,1122,510,612,891,411,480,162,69,93,8,2,6,13,9,4,48,19,29
GREGG COUNTY,183,71 Years,921,433,488,721,333,388,137,66,71,5,1,4,13,8,5,45,25,20
GREGG COUNTY,183,72 Years,818,379,439,650,293,357,111,53,58,7,5,2,10,5,5,40,23,17
GREGG COUNTY,183,73 Years,851,381,470,700,313,387,100,41,59,7,4,3,12,7,5,32,16,16
GREGG COUNTY,183,74 Years,861,386,475,716,317,399,98,47,51,4,2,2,12,6,6,31,14,17
GREGG COUNTY,183,75 Years,733,321,412,590,258,332,102,47,55,5,3,2,11,4,7,25,9,16
GREGG COUNTY,183,76 Years,688,311,377,549,249,300,105,47,58,4,3,1,10,5,5,20,7,13
GREGG COUNTY,183,77 Years,640,273,367,528,224,304,84,34,50,4,2,2,5,4,1,19,9,10
GREGG COUNTY,183,78 Years,614,260,354,492,214,278,83,30,53,6,2,4,7,4,3,26,10,16
GREGG COUNTY,183,79 Years,569,233,336,467,189,278,70,30,40,3,2,1,5,3,2,24,9,15
GREGG COUNTY,183,80 Years,566,227,339,462,182,280,71,31,40,3,1,2,9,5,4,21,8,13
GREGG COUNTY,183,81 Years,535,221,314,444,180,264,63,28,35,4,2,2,6,3,3,18,8,10
GREGG COUNTY,183,82 Years,496,204,292,413,173,240,63,25,38,1,1,0,5,0,5,14,5,9
GREGG COUNTY,183,83 Years,431,178,253,357,151,206,57,22,35,1,0,1,4,0,4,12,5,7
GREGG COUNTY,183,84 Years,428,180,248,359,148,211,44,19,25,3,2,1,8,4,4,14,7,7
GREGG COUNTY,183,85 Years,392,147,245,327,123,204,42,11,31,3,1,2,7,5,2,13,7,6
GREGG COUNTY,183,86 Years,354,129,225,299,113,186,41,10,31,3,1,2,3,1,2,8,4,4
GREGG COUNTY,183,87 Years,327,117,210,276,99,177,36,13,23,1,1,0,4,0,4,10,4,6
GREGG COUNTY,183,88 Years,287,97,190,244,81,163,27,9,18,1,1,0,5,1,4,10,5,5
GREGG COUNTY,183,89 Years,241,85,156,198,70,128,28,7,21,1,0,1,3,1,2,11,7,4
GREGG COUNTY,183,90 Years,214,74,140,179,61,118,24,8,16,1,1,0,3,0,3,7,4,3
GREGG COUNTY,183,91 Years,183,58,125,155,51,104,20,4,16,2,1,1,1,0,1,5,2,3
GREGG COUNTY,183,92 Years,152,44,108,129,38,91,17,2,15,1,1,0,1,0,1,4,3,1
GREGG COUNTY,183,93 Years,112,32,80,95,27,68,13,3,10,0,0,0,0,0,0,4,2,2
GREGG COUNTY,183,94 Years,87,25,62,71,19,52,12,4,8,0,0,0,0,0,0,4,2,2
GREGG COUNTY,183,95 Years +,234,61,173,175,41,134,44,12,32,2,1,1,1,0,1,12,7,5
GRIMES COUNTY,185,All Ages,28238,15382,12856,16442,8731,7711,4370,2527,1843,66,32,34,628,299,329,6732,3793,2939
GRIMES COUNTY,185,< 1 Year,338,162,176,151,74,77,36,20,16,2,1,1,43,16,27,106,51,55
GRIMES COUNTY,185,1 Years,331,157,174,150,72,78,36,17,19,1,1,0,36,14,22,108,53,55
GRIMES COUNTY,185,2 Years,354,169,185,158,80,78,38,21,17,0,0,0,35,6,29,123,62,61
GRIMES COUNTY,185,3 Years,348,182,166,153,79,74,45,21,24,0,0,0,29,14,15,121,68,53
GRIMES COUNTY,185,4 Years,344,193,151,153,85,68,43,23,20,1,1,0,30,18,12,117,66,51
GRIMES COUNTY,185,5 Years,331,187,144,145,83,62,39,19,20,1,1,0,30,20,10,116,64,52
GRIMES COUNTY,185,6 Years,334,188,146,161,91,70,39,22,17,0,0,0,17,11,6,117,64,53
GRIMES COUNTY,185,7 Years,316,158,158,148,75,73,39,18,21,0,0,0,11,1,10,118,64,54
GRIMES COUNTY,185,8 Years,337,173,164,138,67,71,44,24,20,0,0,0,12,6,6,143,76,67
GRIMES COUNTY,185,9 Years,355,177,178,164,82,82,35,16,19,1,1,0,6,3,3,149,75,74
GRIMES COUNTY,185,10 Years,374,178,196,167,78,89,55,29,26,1,1,0,10,4,6,141,66,75
GRIMES COUNTY,185,11 Years,354,173,181,148,65,83,60,37,23,1,0,1,7,4,3,138,67,71
GRIMES COUNTY,185,12 Years,352,183,169,145,70,75,55,34,21,3,3,0,9,6,3,140,70,70
GRIMES COUNTY,185,13 Years,364,177,187,149,74,75,63,33,30,1,1,0,8,2,6,143,67,76
GRIMES COUNTY,185,14 Years,362,179,183,165,81,84,50,25,25,0,0,0,7,3,4,140,70,70
GRIMES COUNTY,185,15 Years,339,155,184,137,59,78,57,22,35,0,0,0,6,3,3,139,71,68
GRIMES COUNTY,185,16 Years,354,179,175,153,83,70,58,27,31,1,0,1,12,6,6,130,63,67
GRIMES COUNTY,185,17 Years,330,162,168,148,71,77,59,29,30,1,0,1,10,6,4,112,56,56
GRIMES COUNTY,185,18 Years,297,159,138,133,66,67,50,25,25,1,0,1,9,7,2,104,61,43
GRIMES COUNTY,185,19 Years,277,160,117,126,69,57,51,31,20,0,0,0,7,5,2,93,55,38
GRIMES COUNTY,185,20 Years,304,170,134,137,81,56,57,36,21,2,1,1,6,2,4,102,50,52
GRIMES COUNTY,185,21 Years,321,181,140,141,78,63,62,39,23,2,1,1,11,7,4,105,56,49
GRIMES COUNTY,185,22 Years,332,197,135,154,83,71,64,42,22,2,0,2,12,9,3,100,63,37
GRIMES COUNTY,185,23 Years,348,211,137,158,88,70,69,47,22,1,0,1,9,7,2,111,69,42
GRIMES COUNTY,185,24 Years,386,229,157,183,109,74,78,48,30,1,0,1,14,9,5,110,63,47
GRIMES COUNTY,185,25 Years,394,230,164,196,111,85,82,54,28,1,0,1,8,3,5,107,62,45
GRIMES COUNTY,185,26 Years,403,241,162,222,116,106,79,59,20,1,1,0,7,3,4,94,62,32
GRIMES COUNTY,185,27 Years,366,222,144,210,123,87,63,47,16,0,0,0,4,1,3,89,51,38
GRIMES COUNTY,185,28 Years,365,211,154,202,107,95,67,46,21,0,0,0,3,3,0,93,55,38
GRIMES COUNTY,185,29 Years,355,216,139,186,110,76,77,54,23,0,0,0,1,1,0,91,51,40
GRIMES COUNTY,185,30 Years,343,212,131,184,109,75,63,47,16,1,1,0,4,2,2,91,53,38
GRIMES COUNTY,185,31 Years,374,225,149,205,116,89,65,49,16,1,1,0,4,1,3,99,58,41
GRIMES COUNTY,185,32 Years,358,215,143,196,116,80,61,39,22,1,0,1,4,1,3,96,59,37
GRIMES COUNTY,185,33 Years,350,207,143,189,102,87,55,36,19,1,0,1,5,2,3,100,67,33
GRIMES COUNTY,185,34 Years,353,215,138,196,114,82,66,37,29,0,0,0,2,1,1,89,63,26
GRIMES COUNTY,185,35 Years,338,202,136,165,94,71,78,45,33,1,1,0,0,0,0,94,62,32
GRIMES COUNTY,185,36 Years,351,199,152,187,105,82,70,40,30,1,1,0,1,1,0,92,52,40
GRIMES COUNTY,185,37 Years,343,190,153,185,100,85,75,42,33,1,1,0,2,0,2,80,47,33
GRIMES COUNTY,185,38 Years,331,194,137,184,111,73,60,34,26,2,0,2,5,3,2,80,46,34
GRIMES COUNTY,185,39 Years,318,197,121,168,102,66,58,41,17,1,0,1,2,1,1,89,53,36
GRIMES COUNTY,185,40 Years,302,179,123,159,91,68,49,31,18,0,0,0,4,3,1,90,54,36
GRIMES COUNTY,185,41 Years,336,190,146,177,101,76,51,29,22,1,1,0,2,1,1,105,58,47
GRIMES COUNTY,185,42 Years,356,211,145,191,104,87,58,40,18,2,1,1,5,4,1,100,62,38
GRIMES COUNTY,185,43 Years,324,190,134,190,113,77,44,28,16,2,0,2,3,3,0,85,46,39
GRIMES COUNTY,185,44 Years,354,206,148,200,115,85,58,37,21,4,3,1,5,2,3,87,49,38
GRIMES COUNTY,185,45 Years,364,206,158,222,124,98,54,32,22,1,1,0,5,2,3,82,47,35
GRIMES COUNTY,185,46 Years,379,234,145,233,136,97,53,35,18,1,0,1,6,5,1,86,58,28
GRIMES COUNTY,185,47 Years,362,214,148,213,115,98,54,38,16,1,0,1,5,3,2,89,58,31
GRIMES COUNTY,185,48 Years,348,202,146,206,117,89,49,29,20,0,0,0,3,1,2,90,55,35
GRIMES COUNTY,185,49 Years,349,210,139,205,118,87,52,37,15,0,0,0,4,2,2,88,53,35
GRIMES COUNTY,185,50 Years,320,189,131,182,110,72,55,34,21,0,0,0,4,2,2,79,43,36
GRIMES COUNTY,185,51 Years,364,211,153,190,107,83,78,46,32,2,2,0,7,2,5,87,54,33
GRIMES COUNTY,185,52 Years,361,197,164,205,108,97,79,45,34,2,0,2,6,3,3,69,41,28
GRIMES COUNTY,185,53 Years,395,233,162,241,144,97,73,43,30,2,1,1,8,4,4,71,41,30
GRIMES COUNTY,185,54 Years,396,219,177,255,136,119,73,42,31,0,0,0,6,3,3,62,38,24
GRIMES COUNTY,185,55 Years,381,206,175,257,132,125,62,36,26,0,0,0,4,2,2,58,36,22
GRIMES COUNTY,185,56 Years,398,218,180,278,146,132,61,37,24,1,1,0,3,2,1,55,32,23
GRIMES COUNTY,185,57 Years,415,211,204,284,141,143,55,31,24,2,0,2,8,3,5,66,36,30
GRIMES COUNTY,185,58 Years,432,243,189,287,154,133,70,42,28,0,0,0,6,1,5,69,46,23
GRIMES COUNTY,185,59 Years,406,218,188,278,138,140,64,37,27,2,1,1,6,3,3,56,39,17
GRIMES COUNTY,185,60 Years,406,216,190,283,142,141,58,37,21,0,0,0,5,2,3,60,35,25
GRIMES COUNTY,185,61 Years,416,221,195,285,140,145,62,34,28,2,1,1,6,3,3,61,43,18
GRIMES COUNTY,185,62 Years,427,219,208,307,147,160,53,30,23,1,0,1,5,2,3,61,40,21
GRIMES COUNTY,185,63 Years,441,253,188,322,185,137,58,33,25,0,0,0,5,2,3,56,33,23
GRIMES COUNTY,185,64 Years,401,235,166,295,175,120,56,30,26,1,1,0,6,2,4,43,27,16
GRIMES COUNTY,185,65 Years,360,186,174,268,136,132,52,26,26,0,0,0,4,1,3,36,23,13
GRIMES COUNTY,185,66 Years,360,181,179,260,130,130,46,22,24,0,0,0,3,2,1,51,27,24
GRIMES COUNTY,185,67 Years,353,192,161,273,146,127,42,23,19,0,0,0,3,1,2,35,22,13
GRIMES COUNTY,185,68 Years,308,170,138,224,123,101,46,24,22,0,0,0,3,1,2,35,22,13
GRIMES COUNTY,185,69 Years,318,155,163,245,126,119,35,14,21,1,0,1,2,0,2,35,15,20
GRIMES COUNTY,185,70 Years,302,150,152,242,123,119,29,13,16,1,1,0,3,1,2,27,12,15
GRIMES COUNTY,185,71 Years,238,117,121,191,95,96,26,13,13,0,0,0,1,0,1,20,9,11
GRIMES COUNTY,185,72 Years,252,128,124,198,102,96,24,10,14,0,0,0,3,0,3,27,16,11
GRIMES COUNTY,185,73 Years,255,131,124,204,108,96,20,8,12,1,0,1,6,3,3,24,12,12
GRIMES COUNTY,185,74 Years,260,124,136,211,103,108,18,8,10,0,0,0,6,3,3,25,10,15
GRIMES COUNTY,185,75 Years,207,105,102,168,86,82,14,6,8,0,0,0,4,3,1,21,10,11
GRIMES COUNTY,185,76 Years,197,107,90,154,86,68,22,10,12,0,0,0,2,2,0,19,9,10
GRIMES COUNTY,185,77 Years,174,95,79,136,79,57,17,6,11,0,0,0,4,2,2,17,8,9
GRIMES COUNTY,185,78 Years,150,77,73,126,66,60,11,5,6,0,0,0,2,1,1,11,5,6
GRIMES COUNTY,185,79 Years,132,57,75,108,49,59,14,4,10,0,0,0,1,0,1,9,4,5
GRIMES COUNTY,185,80 Years,114,52,62,93,41,52,14,7,7,0,0,0,1,0,1,6,4,2
GRIMES COUNTY,185,81 Years,119,55,64,95,42,53,15,9,6,0,0,0,2,0,2,7,4,3
GRIMES COUNTY,185,82 Years,109,53,56,83,40,43,16,8,8,0,0,0,1,1,0,9,4,5
GRIMES COUNTY,185,83 Years,99,46,53,76,36,40,12,5,7,0,0,0,1,1,0,10,4,6
GRIMES COUNTY,185,84 Years,82,35,47,65,26,39,11,5,6,0,0,0,0,0,0,6,4,2
GRIMES COUNTY,185,85 Years,92,38,54,70,30,40,13,4,9,1,0,1,2,0,2,6,4,2
GRIMES COUNTY,185,86 Years,85,31,54,64,25,39,15,4,11,0,0,0,2,0,2,4,2,2
GRIMES COUNTY,185,87 Years,82,35,47,60,30,30,18,4,14,0,0,0,2,0,2,2,1,1
GRIMES COUNTY,185,88 Years,62,28,34,45,22,23,11,4,7,0,0,0,0,0,0,6,2,4
GRIMES COUNTY,185,89 Years,52,17,35,38,12,26,8,3,5,0,0,0,1,0,1,5,2,3
GRIMES COUNTY,185,90 Years,43,14,29,31,10,21,7,3,4,0,0,0,1,1,0,4,0,4
GRIMES COUNTY,185,91 Years,41,14,27,29,9,20,7,3,4,0,0,0,1,1,0,4,1,3
GRIMES COUNTY,185,92 Years,33,13,20,26,10,16,5,2,3,0,0,0,1,1,0,1,0,1
GRIMES COUNTY,185,93 Years,25,9,16,20,7,13,5,2,3,0,0,0,0,0,0,0,0,0
GRIMES COUNTY,185,94 Years,22,7,15,18,6,12,4,1,3,0,0,0,0,0,0,0,0,0
GRIMES COUNTY,185,95 Years +,55,14,41,36,9,27,13,3,10,0,0,0,1,0,1,5,2,3
GUADALUPE COUNTY,187,All Ages,157072,77679,79393,79565,39378,40187,11625,6072,5553,2231,747,1484,3563,1765,1798,60088,29717,30371
GUADALUPE COUNTY,187,< 1 Year,1987,1017,970,852,431,421,103,54,49,13,8,5,72,38,34,947,486,461
GUADALUPE COUNTY,187,1 Years,2034,1038,996,892,453,439,108,55,53,14,7,7,69,32,37,951,491,460
GUADALUPE COUNTY,187,2 Years,2101,1081,1020,916,475,441,112,57,55,16,8,8,72,37,35,985,504,481
GUADALUPE COUNTY,187,3 Years,2131,1103,1028,935,487,448,115,61,54,19,11,8,70,35,35,992,509,483
GUADALUPE COUNTY,187,4 Years,2156,1112,1044,954,494,460,114,62,52,17,9,8,70,38,32,1001,509,492
GUADALUPE COUNTY,187,5 Years,2150,1108,1042,957,490,467,112,61,51,18,10,8,68,37,31,995,510,485
GUADALUPE COUNTY,187,6 Years,2184,1110,1074,962,492,470,119,61,58,19,11,8,69,42,27,1015,504,511
GUADALUPE COUNTY,187,7 Years,2332,1251,1081,1004,555,449,130,79,51,16,5,11,79,43,36,1103,569,534
GUADALUPE COUNTY,187,8 Years,2176,1138,1038,910,485,425,123,66,57,15,7,8,72,26,46,1056,554,502
GUADALUPE COUNTY,187,9 Years,2206,1151,1055,946,499,447,122,67,55,19,11,8,79,41,38,1040,533,507
GUADALUPE COUNTY,187,10 Years,2223,1145,1078,973,509,464,134,66,68,20,9,11,62,30,32,1034,531,503
GUADALUPE COUNTY,187,11 Years,2231,1158,1073,953,521,432,119,58,61,19,9,10,81,43,38,1059,527,532
GUADALUPE COUNTY,187,12 Years,2285,1181,1104,982,515,467,116,72,44,32,12,20,83,47,36,1072,535,537
GUADALUPE COUNTY,187,13 Years,2218,1138,1080,968,512,456,136,81,55,31,10,21,67,36,31,1016,499,517
GUADALUPE COUNTY,187,14 Years,2259,1135,1124,977,491,486,151,84,67,28,7,21,69,40,29,1034,513,521
GUADALUPE COUNTY,187,15 Years,2302,1156,1146,1000,503,497,177,96,81,24,12,12,69,40,29,1032,505,527
GUADALUPE COUNTY,187,16 Years,2362,1174,1188,989,490,499,169,88,81,22,11,11,85,45,40,1097,540,557
GUADALUPE COUNTY,187,17 Years,2286,1137,1149,922,463,459,180,94,86,28,9,19,84,48,36,1072,523,549
GUADALUPE COUNTY,187,18 Years,2169,1117,1052,883,474,409,193,97,96,18,7,11,80,38,42,995,501,494
GUADALUPE COUNTY,187,19 Years,2003,1065,938,772,418,354,175,100,75,34,19,15,73,32,41,949,496,453
GUADALUPE COUNTY,187,20 Years,1903,987,916,693,377,316,180,94,86,33,20,13,76,35,41,921,461,460
GUADALUPE COUNTY,187,21 Years,1950,1013,937,714,373,341,204,101,103,29,21,8,87,38,49,916,480,436
GUADALUPE COUNTY,187,22 Years,2046,1057,989,758,386,372,207,110,97,30,14,16,80,41,39,971,506,465
GUADALUPE COUNTY,187,23 Years,2124,1117,1007,826,440,386,232,128,104,17,8,9,72,35,37,977,506,471
GUADALUPE COUNTY,187,24 Years,2187,1125,1062,859,446,413,239,117,122,31,16,15,85,44,41,973,502,471
GUADALUPE COUNTY,187,25 Years,2218,1081,1137,928,452,476,202,102,100,35,14,21,96,42,54,957,471,486
GUADALUPE COUNTY,187,26 Years,2305,1166,1139,1011,502,509,214,111,103,30,8,22,76,41,35,974,504,470
GUADALUPE COUNTY,187,27 Years,2181,1142,1039,984,504,480,183,105,78,23,10,13,67,35,32,924,488,436
GUADALUPE COUNTY,187,28 Years,2250,1177,1073,1064,526,538,169,102,67,20,9,11,60,32,28,937,508,429
GUADALUPE COUNTY,187,29 Years,2138,1059,1079,1000,475,525,149,87,62,18,9,9,42,20,22,929,468,461
GUADALUPE COUNTY,187,30 Years,2021,1059,962,948,483,465,139,79,60,11,5,6,42,23,19,881,469,412
GUADALUPE COUNTY,187,31 Years,2063,1083,980,970,496,474,118,68,50,9,5,4,27,18,9,939,496,443
GUADALUPE COUNTY,187,32 Years,2064,1058,1006,1003,500,503,112,59,53,14,4,10,29,13,16,906,482,424
GUADALUPE COUNTY,187,33 Years,2024,999,1025,985,476,509,113,55,58,22,10,12,29,12,17,875,446,429
GUADALUPE COUNTY,187,34 Years,2168,1092,1076,1046,540,506,124,67,57,27,7,20,32,13,19,939,465,474
GUADALUPE COUNTY,187,35 Years,2170,1082,1088,1087,551,536,113,59,54,21,7,14,31,16,15,918,449,469
GUADALUPE COUNTY,187,36 Years,2126,1037,1089,1070,531,539,118,68,50,26,6,20,24,10,14,888,422,466
GUADALUPE COUNTY,187,37 Years,2118,1035,1083,1043,516,527,119,70,49,32,8,24,31,12,19,893,429,464
GUADALUPE COUNTY,187,38 Years,2030,986,1044,995,497,498,127,55,72,31,8,23,31,14,17,846,412,434
GUADALUPE COUNTY,187,39 Years,2013,942,1071,1005,485,520,126,54,72,29,8,21,34,14,20,819,381,438
GUADALUPE COUNTY,187,40 Years,1967,948,1019,965,474,491,120,56,64,32,11,21,41,20,21,809,387,422
GUADALUPE COUNTY,187,41 Years,1987,977,1010,983,492,491,120,60,60,34,11,23,37,15,22,813,399,414
GUADALUPE COUNTY,187,42 Years,2062,982,1080,1054,518,536,132,62,70,36,10,26,41,17,24,799,375,424
GUADALUPE COUNTY,187,43 Years,1907,936,971,954,479,475,135,71,64,34,9,25,34,17,17,750,360,390
GUADALUPE COUNTY,187,44 Years,1959,970,989,968,491,477,135,78,57,38,9,29,31,12,19,787,380,407
GUADALUPE COUNTY,187,45 Years,2088,989,1099,1094,561,533,153,71,82,39,7,32,31,13,18,771,337,434
GUADALUPE COUNTY,187,46 Years,2137,1051,1086,1122,558,564,175,94,81,39,11,28,34,15,19,767,373,394
GUADALUPE COUNTY,187,47 Years,2142,1059,1083,1095,547,548,192,95,97,51,18,33,36,21,15,768,378,390
GUADALUPE COUNTY,187,48 Years,2062,1004,1058,1083,541,542,160,72,88,56,24,32,35,18,17,728,349,379
GUADALUPE COUNTY,187,49 Years,2044,1002,1042,1081,526,555,197,104,93,46,14,32,31,13,18,689,345,344
GUADALUPE COUNTY,187,50 Years,2052,1018,1034,1083,536,547,210,118,92,25,10,15,34,20,14,700,334,366
GUADALUPE COUNTY,187,51 Years,2049,1007,1042,1075,523,552,224,116,108,43,21,22,34,22,12,673,325,348
GUADALUPE COUNTY,187,52 Years,2156,1046,1110,1155,576,579,231,116,115,46,13,33,27,13,14,697,328,369
GUADALUPE COUNTY,187,53 Years,2107,1020,1087,1169,571,598,232,114,118,43,10,33,31,15,16,632,310,322
GUADALUPE COUNTY,187,54 Years,2110,1003,1107,1168,574,594,216,108,108,35,6,29,39,22,17,652,293,359
GUADALUPE COUNTY,187,55 Years,2117,1021,1096,1171,566,605,230,123,107,49,19,30,39,14,25,628,299,329
GUADALUPE COUNTY,187,56 Years,2056,1010,1046,1173,583,590,222,116,106,56,23,33,42,21,21,563,267,296
GUADALUPE COUNTY,187,57 Years,2090,1016,1074,1202,603,599,170,85,85,39,9,30,30,14,16,649,305,344
GUADALUPE COUNTY,187,58 Years,1936,941,995,1142,560,582,171,89,82,37,11,26,27,13,14,559,268,291
GUADALUPE COUNTY,187,59 Years,1844,883,961,1081,527,554,180,86,94,37,8,29,31,13,18,515,249,266
GUADALUPE COUNTY,187,60 Years,1751,827,924,1067,522,545,168,74,94,40,6,34,28,9,19,448,216,232
GUADALUPE COUNTY,187,61 Years,1791,876,915,1105,536,569,170,101,69,28,3,25,23,10,13,465,226,239
GUADALUPE COUNTY,187,62 Years,1769,836,933,1089,500,589,155,88,67,42,9,33,22,11,11,461,228,233
GUADALUPE COUNTY,187,63 Years,1656,790,866,1027,479,548,136,73,63,35,10,25,27,16,11,431,212,219
GUADALUPE COUNTY,187,64 Years,1596,758,838,995,485,510,128,66,62,27,4,23,26,11,15,420,192,228
GUADALUPE COUNTY,187,65 Years,1548,754,794,958,451,507,109,67,42,34,7,27,21,9,12,426,220,206
GUADALUPE COUNTY,187,66 Years,1447,685,762,919,434,485,93,55,38,36,6,30,16,5,11,383,185,198
GUADALUPE COUNTY,187,67 Years,1471,689,782,958,464,494,92,50,42,32,4,28,15,5,10,374,166,208
GUADALUPE COUNTY,187,68 Years,1450,678,772,955,445,510,104,54,50,20,7,13,15,7,8,356,165,191
GUADALUPE COUNTY,187,69 Years,1416,679,737,949,461,488,96,51,45,25,5,20,14,7,7,332,155,177
GUADALUPE COUNTY,187,70 Years,1407,670,737,964,461,503,77,36,41,23,2,21,15,8,7,328,163,165
GUADALUPE COUNTY,187,71 Years,1202,589,613,778,383,395,75,36,39,14,1,13,14,7,7,321,162,159
GUADALUPE COUNTY,187,72 Years,1071,496,575,701,330,371,68,31,37,6,1,5,12,6,6,284,128,156
GUADALUPE COUNTY,187,73 Years,1081,520,561,739,357,382,68,33,35,9,4,5,12,6,6,253,120,133
GUADALUPE COUNTY,187,74 Years,1030,475,555,721,348,373,72,33,39,11,2,9,11,7,4,215,85,130
GUADALUPE COUNTY,187,75 Years,920,424,496,632,303,329,65,26,39,11,2,9,11,6,5,201,87,114
GUADALUPE COUNTY,187,76 Years,817,391,426,555,275,280,63,27,36,13,1,12,7,2,5,179,86,93
GUADALUPE COUNTY,187,77 Years,702,328,374,469,216,253,54,31,23,13,6,7,10,3,7,156,72,84
GUADALUPE COUNTY,187,78 Years,667,305,362,488,223,265,35,18,17,12,5,7,4,2,2,128,57,71
GUADALUPE COUNTY,187,79 Years,605,263,342,432,186,246,32,18,14,7,2,5,5,3,2,129,54,75
GUADALUPE COUNTY,187,80 Years,595,260,335,409,177,232,42,26,16,9,4,5,8,4,4,127,49,78
GUADALUPE COUNTY,187,81 Years,584,247,337,403,177,226,36,18,18,8,1,7,8,3,5,129,48,81
GUADALUPE COUNTY,187,82 Years,517,215,302,362,151,211,31,12,19,8,2,6,4,2,2,112,48,64
GUADALUPE COUNTY,187,83 Years,472,192,280,337,135,202,24,13,11,8,1,7,4,2,2,99,41,58
GUADALUPE COUNTY,187,84 Years,419,174,245,297,120,177,21,11,10,8,2,6,3,2,1,90,39,51
GUADALUPE COUNTY,187,85 Years,372,160,212,273,121,152,17,8,9,5,2,3,3,1,2,74,28,46
GUADALUPE COUNTY,187,86 Years,341,150,191,254,115,139,16,7,9,4,1,3,1,1,0,66,26,40
GUADALUPE COUNTY,187,87 Years,300,124,176,220,93,127,13,5,8,3,2,1,2,1,1,62,23,39
GUADALUPE COUNTY,187,88 Years,268,103,165,195,74,121,12,4,8,3,0,3,2,1,1,56,24,32
GUADALUPE COUNTY,187,89 Years,215,75,140,152,56,96,12,2,10,2,0,2,2,0,2,47,17,30
GUADALUPE COUNTY,187,90 Years,173,53,120,127,40,87,7,2,5,3,0,3,1,0,1,35,11,24
GUADALUPE COUNTY,187,91 Years,155,53,102,113,37,76,6,3,3,2,0,2,2,1,1,32,12,20
GUADALUPE COUNTY,187,92 Years,132,38,94,101,28,73,4,1,3,1,0,1,2,1,1,24,8,16
GUADALUPE COUNTY,187,93 Years,104,31,73,79,23,56,4,1,3,1,1,0,2,1,1,18,5,13
GUADALUPE COUNTY,187,94 Years,75,24,51,55,16,39,5,2,3,1,1,0,0,0,0,14,5,9
GUADALUPE COUNTY,187,95 Years +,187,52,135,133,37,96,14,5,9,2,0,2,2,1,1,36,9,27
HALE COUNTY,189,All Ages,33842,17565,16277,11514,5880,5634,1809,1113,696,157,87,70,521,263,258,19841,10222,9619
HALE COUNTY,189,< 1 Year,486,238,248,99,48,51,13,3,10,2,2,0,12,8,4,360,177,183
HALE COUNTY,189,1 Years,498,251,247,105,51,54,13,4,9,5,3,2,17,11,6,358,182,176
HALE COUNTY,189,2 Years,501,254,247,112,58,54,14,4,10,6,2,4,18,9,9,351,181,170
HALE COUNTY,189,3 Years,523,262,261,123,61,62,16,6,10,5,2,3,16,9,7,363,184,179
HALE COUNTY,189,4 Years,532,258,274,115,59,56,19,9,10,3,1,2,11,4,7,384,185,199
HALE COUNTY,189,5 Years,559,279,280,114,57,57,21,11,10,3,2,1,12,8,4,409,201,208
HALE COUNTY,189,6 Years,578,293,285,117,61,56,23,11,12,2,1,1,16,8,8,420,212,208
HALE COUNTY,189,7 Years,571,258,313,111,54,57,24,9,15,0,0,0,13,8,5,423,187,236
HALE COUNTY,189,8 Years,532,270,262,114,57,57,30,17,13,1,1,0,10,5,5,377,190,187
HALE COUNTY,189,9 Years,523,270,253,105,53,52,27,16,11,2,2,0,10,5,5,379,194,185
HALE COUNTY,189,10 Years,511,261,250,103,57,46,25,15,10,1,1,0,9,3,6,373,185,188
HALE COUNTY,189,11 Years,504,260,244,113,61,52,19,12,7,0,0,0,12,3,9,360,184,176
HALE COUNTY,189,12 Years,500,261,239,119,65,54,16,7,9,1,1,0,6,3,3,358,185,173
HALE COUNTY,189,13 Years,523,257,266,115,53,62,18,7,11,1,0,1,6,3,3,383,194,189
HALE COUNTY,189,14 Years,494,262,232,113,61,52,23,8,15,2,2,0,8,4,4,348,187,161
HALE COUNTY,189,15 Years,521,259,262,139,76,63,20,8,12,2,2,0,11,4,7,349,169,180
HALE COUNTY,189,16 Years,499,241,258,138,70,68,20,14,6,2,0,2,9,5,4,330,152,178
HALE COUNTY,189,17 Years,529,288,241,144,76,68,20,15,5,4,2,2,10,6,4,351,189,162
HALE COUNTY,189,18 Years,521,296,225,140,80,60,25,19,6,1,0,1,10,6,4,345,191,154
HALE COUNTY,189,19 Years,474,269,205,124,72,52,28,19,9,0,0,0,8,5,3,314,173,141
HALE COUNTY,189,20 Years,487,292,195,149,92,57,29,19,10,1,1,0,13,10,3,295,170,125
HALE COUNTY,189,21 Years,515,304,211,153,97,56,27,21,6,2,1,1,10,8,2,323,177,146
HALE COUNTY,189,22 Years,471,279,192,137,87,50,30,23,7,4,3,1,7,5,2,293,161,132
HALE COUNTY,189,23 Years,495,296,199,131,80,51,38,25,13,3,3,0,10,7,3,313,181,132
HALE COUNTY,189,24 Years,503,283,220,135,79,56,34,22,12,1,1,0,13,6,7,320,175,145
HALE COUNTY,189,25 Years,536,307,229,155,92,63,40,27,13,0,0,0,9,2,7,332,186,146
HALE COUNTY,189,26 Years,577,325,252,185,101,84,46,31,15,0,0,0,10,3,7,336,190,146
HALE COUNTY,189,27 Years,551,304,247,193,104,89,45,30,15,1,1,0,11,5,6,301,164,137
HALE COUNTY,189,28 Years,550,320,230,198,119,79,45,34,11,3,3,0,9,3,6,295,161,134
HALE COUNTY,189,29 Years,548,311,237,188,111,77,42,32,10,4,3,1,9,5,4,305,160,145
HALE COUNTY,189,30 Years,508,285,223,172,96,76,43,31,12,4,4,0,5,0,5,284,154,130
HALE COUNTY,189,31 Years,488,278,210,153,89,64,41,28,13,2,1,1,7,3,4,285,157,128
HALE COUNTY,189,32 Years,433,238,195,131,73,58,30,22,8,2,1,1,3,3,0,267,139,128
HALE COUNTY,189,33 Years,408,235,173,114,67,47,24,20,4,1,0,1,1,1,0,268,147,121
HALE COUNTY,189,34 Years,437,244,193,126,66,60,29,24,5,1,0,1,2,1,1,279,153,126
HALE COUNTY,189,35 Years,440,240,200,120,60,60,28,24,4,3,2,1,4,1,3,285,153,132
HALE COUNTY,189,36 Years,427,225,202,122,59,63,25,21,4,1,0,1,6,3,3,273,142,131
HALE COUNTY,189,37 Years,442,240,202,145,75,70,28,19,9,2,1,1,4,3,1,263,142,121
HALE COUNTY,189,38 Years,425,239,186,132,74,58,29,22,7,0,0,0,6,2,4,258,141,117
HALE COUNTY,189,39 Years,402,220,182,122,67,55,28,20,8,2,2,0,3,2,1,247,129,118
HALE COUNTY,189,40 Years,358,193,165,108,56,52,20,12,8,6,4,2,0,0,0,224,121,103
HALE COUNTY,189,41 Years,356,187,169,105,53,52,23,15,8,2,0,2,3,1,2,223,118,105
HALE COUNTY,189,42 Years,354,185,169,101,52,49,29,21,8,0,0,0,4,2,2,220,110,110
HALE COUNTY,189,43 Years,363,174,189,105,50,55,20,14,6,3,0,3,3,1,2,232,109,123
HALE COUNTY,189,44 Years,380,199,181,111,57,54,29,19,10,4,2,2,3,3,0,233,118,115
HALE COUNTY,189,45 Years,398,210,188,117,59,58,24,17,7,6,3,3,3,1,2,248,130,118
HALE COUNTY,189,46 Years,399,205,194,129,67,62,26,20,6,4,2,2,6,3,3,234,113,121
HALE COUNTY,189,47 Years,381,211,170,145,83,62,19,10,9,3,2,1,7,3,4,207,113,94
HALE COUNTY,189,48 Years,363,193,170,136,76,60,19,9,10,2,1,1,4,1,3,202,106,96
HALE COUNTY,189,49 Years,389,196,193,143,76,67,23,13,10,1,0,1,4,1,3,218,106,112
HALE COUNTY,189,50 Years,370,191,179,136,73,63,16,8,8,2,1,1,5,1,4,211,108,103
HALE COUNTY,189,51 Years,367,196,171,129,66,63,19,14,5,2,2,0,5,2,3,212,112,100
HALE COUNTY,189,52 Years,392,201,191,145,71,74,21,13,8,2,2,0,4,1,3,220,114,106
HALE COUNTY,189,53 Years,388,195,193,156,78,78,19,15,4,2,1,1,3,1,2,208,100,108
HALE COUNTY,189,54 Years,395,201,194,159,84,75,17,9,8,1,0,1,7,2,5,211,106,105
HALE COUNTY,189,55 Years,389,194,195,156,76,80,19,9,10,2,2,0,5,2,3,207,105,102
HALE COUNTY,189,56 Years,373,196,177,154,81,73,19,10,9,1,1,0,3,0,3,196,104,92
HALE COUNTY,189,57 Years,396,204,192,162,86,76,20,11,9,2,1,1,3,1,2,209,105,104
HALE COUNTY,189,58 Years,371,188,183,170,81,89,20,12,8,3,0,3,5,3,2,173,92,81
HALE COUNTY,189,59 Years,372,181,191,169,78,91,19,10,9,2,1,1,3,2,1,179,90,89
HALE COUNTY,189,60 Years,366,170,196,162,74,88,20,12,8,1,0,1,3,1,2,180,83,97
HALE COUNTY,189,61 Years,359,167,192,163,74,89,19,10,9,0,0,0,2,1,1,175,82,93
HALE COUNTY,189,62 Years,346,179,167,162,82,80,19,10,9,0,0,0,5,2,3,160,85,75
HALE COUNTY,189,63 Years,339,176,163,167,86,81,18,10,8,0,0,0,4,2,2,150,78,72
HALE COUNTY,189,64 Years,322,154,168,160,76,84,12,8,4,1,0,1,3,2,1,146,68,78
HALE COUNTY,189,65 Years,272,136,136,148,67,81,15,8,7,0,0,0,2,1,1,107,60,47
HALE COUNTY,189,66 Years,261,139,122,136,69,67,8,3,5,2,1,1,3,2,1,112,64,48
HALE COUNTY,189,67 Years,275,135,140,142,65,77,7,4,3,2,1,1,2,2,0,122,63,59
HALE COUNTY,189,68 Years,285,134,151,152,71,81,11,4,7,2,1,1,2,2,0,118,56,62
HALE COUNTY,189,69 Years,263,126,137,135,62,73,14,6,8,1,1,0,2,1,1,111,56,55
HALE COUNTY,189,70 Years,237,114,123,128,60,68,13,6,7,1,0,1,5,3,2,90,45,45
HALE COUNTY,189,71 Years,209,93,116,110,45,65,8,5,3,2,1,1,3,2,1,86,40,46
HALE COUNTY,189,72 Years,199,91,108,99,47,52,9,4,5,2,1,1,5,2,3,84,37,47
HALE COUNTY,189,73 Years,214,101,113,127,61,66,6,1,5,1,0,1,7,4,3,73,35,38
HALE COUNTY,189,74 Years,202,96,106,121,60,61,5,3,2,1,0,1,4,3,1,71,30,41
HALE COUNTY,189,75 Years,203,94,109,119,58,61,14,7,7,1,1,0,2,1,1,67,27,40
HALE COUNTY,189,76 Years,172,78,94,110,50,60,8,4,4,1,1,0,2,1,1,51,22,29
HALE COUNTY,189,77 Years,158,68,90,92,40,52,6,2,4,1,0,1,0,0,0,59,26,33
HALE COUNTY,189,78 Years,146,62,84,86,35,51,4,1,3,1,0,1,1,0,1,54,26,28
HALE COUNTY,189,79 Years,163,66,97,97,39,58,6,2,4,0,0,0,2,0,2,58,25,33
HALE COUNTY,189,80 Years,135,62,73,78,34,44,5,3,2,1,0,1,3,1,2,48,24,24
HALE COUNTY,189,81 Years,117,56,61,77,37,40,4,3,1,1,1,0,1,1,0,34,14,20
HALE COUNTY,189,82 Years,132,63,69,83,38,45,4,2,2,1,1,0,0,0,0,44,22,22
HALE COUNTY,189,83 Years,119,53,66,78,33,45,5,2,3,0,0,0,2,2,0,34,16,18
HALE COUNTY,189,84 Years,117,46,71,79,30,49,3,1,2,0,0,0,2,2,0,33,13,20
HALE COUNTY,189,85 Years,109,47,62,75,31,44,4,2,2,1,0,1,1,1,0,28,13,15
HALE COUNTY,189,86 Years,83,32,51,60,23,37,5,2,3,0,0,0,1,0,1,17,7,10
HALE COUNTY,189,87 Years,76,30,46,49,20,29,6,2,4,0,0,0,1,0,1,20,8,12
HALE COUNTY,189,88 Years,78,32,46,51,21,30,8,4,4,0,0,0,1,1,0,18,6,12
HALE COUNTY,189,89 Years,62,23,39,45,15,30,3,2,1,0,0,0,0,0,0,14,6,8
HALE COUNTY,189,90 Years,50,19,31,39,15,24,2,0,2,0,0,0,0,0,0,9,4,5
HALE COUNTY,189,91 Years,45,18,27,30,12,18,6,2,4,0,0,0,1,0,1,8,4,4
HALE COUNTY,189,92 Years,39,16,23,26,10,16,3,2,1,2,0,2,1,1,0,7,3,4
HALE COUNTY,189,93 Years,33,12,21,20,6,14,4,2,2,0,0,0,2,1,1,7,3,4
HALE COUNTY,189,94 Years,23,8,15,14,4,10,4,2,2,0,0,0,0,0,0,5,2,3
HALE COUNTY,189,95 Years +,57,17,40,34,9,25,5,2,3,1,1,0,0,0,0,17,5,12
HALL COUNTY,191,All Ages,3136,1558,1578,1716,844,872,257,143,114,2,1,1,36,12,24,1125,558,567
HALL COUNTY,191,< 1 Year,26,13,13,6,3,3,4,3,1,0,0,0,0,0,0,16,7,9
HALL COUNTY,191,1 Years,29,13,16,8,4,4,6,3,3,0,0,0,0,0,0,15,6,9
HALL COUNTY,191,2 Years,34,19,15,10,5,5,5,4,1,0,0,0,0,0,0,19,10,9
HALL COUNTY,191,3 Years,39,22,17,9,5,4,9,6,3,0,0,0,0,0,0,21,11,10
HALL COUNTY,191,4 Years,43,21,22,9,4,5,7,5,2,0,0,0,0,0,0,27,12,15
HALL COUNTY,191,5 Years,47,19,28,10,7,3,6,2,4,0,0,0,3,1,2,28,9,19
HALL COUNTY,191,6 Years,48,22,26,12,7,5,5,1,4,0,0,0,3,2,1,28,12,16
HALL COUNTY,191,7 Years,52,23,29,11,6,5,5,3,2,0,0,0,0,0,0,36,14,22
HALL COUNTY,191,8 Years,46,20,26,16,5,11,1,1,0,0,0,0,0,0,0,29,14,15
HALL COUNTY,191,9 Years,39,20,19,13,6,7,3,2,1,0,0,0,1,1,0,22,11,11
HALL COUNTY,191,10 Years,38,20,18,11,6,5,6,3,3,0,0,0,0,0,0,21,11,10
HALL COUNTY,191,11 Years,43,22,21,14,5,9,6,3,3,0,0,0,0,0,0,23,14,9
HALL COUNTY,191,12 Years,41,25,16,15,9,6,3,1,2,0,0,0,1,0,1,22,15,7
HALL COUNTY,191,13 Years,35,20,15,19,11,8,2,1,1,0,0,0,0,0,0,14,8,6
HALL COUNTY,191,14 Years,43,26,17,14,9,5,4,2,2,0,0,0,1,0,1,24,15,9
HALL COUNTY,191,15 Years,44,23,21,16,9,7,4,1,3,0,0,0,1,0,1,23,13,10
HALL COUNTY,191,16 Years,50,25,25,21,11,10,3,1,2,0,0,0,1,0,1,25,13,12
HALL COUNTY,191,17 Years,37,17,20,18,7,11,4,2,2,0,0,0,0,0,0,15,8,7
HALL COUNTY,191,18 Years,44,23,21,24,11,13,6,3,3,0,0,0,0,0,0,14,9,5
HALL COUNTY,191,19 Years,38,21,17,22,12,10,4,2,2,0,0,0,0,0,0,12,7,5
HALL COUNTY,191,20 Years,44,21,23,23,10,13,3,1,2,0,0,0,0,0,0,18,10,8
HALL COUNTY,191,21 Years,48,24,24,30,15,15,2,2,0,0,0,0,0,0,0,16,7,9
HALL COUNTY,191,22 Years,37,17,20,19,8,11,4,4,0,0,0,0,0,0,0,14,5,9
HALL COUNTY,191,23 Years,46,27,19,24,15,9,6,4,2,0,0,0,0,0,0,16,8,8
HALL COUNTY,191,24 Years,41,18,23,22,10,12,3,2,1,0,0,0,0,0,0,16,6,10
HALL COUNTY,191,25 Years,43,22,21,18,9,9,6,4,2,0,0,0,1,0,1,18,9,9
HALL COUNTY,191,26 Years,43,28,15,16,10,6,3,2,1,0,0,0,0,0,0,24,16,8
HALL COUNTY,191,27 Years,29,15,14,10,5,5,2,0,2,0,0,0,0,0,0,17,10,7
HALL COUNTY,191,28 Years,27,13,14,11,4,7,3,2,1,0,0,0,0,0,0,13,7,6
HALL COUNTY,191,29 Years,30,13,17,10,3,7,3,2,1,0,0,0,1,0,1,16,8,8
HALL COUNTY,191,30 Years,26,17,9,8,5,3,1,1,0,0,0,0,0,0,0,17,11,6
HALL COUNTY,191,31 Years,21,10,11,5,2,3,2,1,1,0,0,0,0,0,0,14,7,7
HALL COUNTY,191,32 Years,27,11,16,8,4,4,4,2,2,0,0,0,1,0,1,14,5,9
HALL COUNTY,191,33 Years,29,15,14,7,4,3,2,1,1,0,0,0,1,0,1,19,10,9
HALL COUNTY,191,34 Years,33,14,19,20,9,11,2,0,2,0,0,0,1,0,1,10,5,5
HALL COUNTY,191,35 Years,23,11,12,17,8,9,1,1,0,0,0,0,0,0,0,5,2,3
HALL COUNTY,191,36 Years,25,9,16,11,5,6,1,0,1,0,0,0,0,0,0,13,4,9
HALL COUNTY,191,37 Years,26,11,15,12,7,5,1,0,1,0,0,0,0,0,0,13,4,9
HALL COUNTY,191,38 Years,29,13,16,15,8,7,0,0,0,0,0,0,1,0,1,13,5,8
HALL COUNTY,191,39 Years,29,14,15,19,9,10,1,1,0,0,0,0,1,0,1,8,4,4
HALL COUNTY,191,40 Years,32,13,19,19,6,13,4,3,1,0,0,0,1,0,1,8,4,4
HALL COUNTY,191,41 Years,26,12,14,14,7,7,1,1,0,0,0,0,0,0,0,11,4,7
HALL COUNTY,191,42 Years,30,11,19,18,7,11,0,0,0,0,0,0,0,0,0,12,4,8
HALL COUNTY,191,43 Years,26,11,15,14,7,7,1,0,1,0,0,0,0,0,0,11,4,7
HALL COUNTY,191,44 Years,26,12,14,13,6,7,2,1,1,0,0,0,0,0,0,11,5,6
HALL COUNTY,191,45 Years,33,13,20,17,8,9,1,0,1,0,0,0,0,0,0,15,5,10
HALL COUNTY,191,46 Years,33,11,22,18,7,11,1,0,1,0,0,0,0,0,0,14,4,10
HALL COUNTY,191,47 Years,27,12,15,20,8,12,1,1,0,0,0,0,0,0,0,6,3,3
HALL COUNTY,191,48 Years,34,18,16,18,10,8,5,2,3,0,0,0,0,0,0,11,6,5
HALL COUNTY,191,49 Years,30,20,10,15,10,5,5,3,2,0,0,0,0,0,0,10,7,3
HALL COUNTY,191,50 Years,30,16,14,17,12,5,3,1,2,0,0,0,0,0,0,10,3,7
HALL COUNTY,191,51 Years,32,19,13,18,12,6,2,1,1,0,0,0,0,0,0,12,6,6
HALL COUNTY,191,52 Years,37,21,16,23,13,10,1,0,1,0,0,0,1,0,1,12,8,4
HALL COUNTY,191,53 Years,37,22,15,23,11,12,2,2,0,0,0,0,0,0,0,12,9,3
HALL COUNTY,191,54 Years,44,25,19,25,12,13,4,2,2,0,0,0,2,2,0,13,9,4
HALL COUNTY,191,55 Years,46,25,21,28,14,14,3,2,1,0,0,0,2,1,1,13,8,5
HALL COUNTY,191,56 Years,39,22,17,27,15,12,3,2,1,0,0,0,0,0,0,9,5,4
HALL COUNTY,191,57 Years,42,19,23,27,13,14,4,2,2,0,0,0,0,0,0,11,4,7
HALL COUNTY,191,58 Years,50,27,23,28,13,15,4,3,1,0,0,0,0,0,0,18,11,7
HALL COUNTY,191,59 Years,40,22,18,25,11,14,3,2,1,0,0,0,0,0,0,12,9,3
HALL COUNTY,191,60 Years,32,14,18,21,8,13,2,1,1,0,0,0,0,0,0,9,5,4
HALL COUNTY,191,61 Years,49,24,25,33,16,17,2,1,1,0,0,0,0,0,0,14,7,7
HALL COUNTY,191,62 Years,46,22,24,30,14,16,3,2,1,0,0,0,1,1,0,12,5,7
HALL COUNTY,191,63 Years,40,20,20,29,15,14,1,1,0,0,0,0,1,0,1,9,4,5
HALL COUNTY,191,64 Years,32,15,17,23,11,12,2,1,1,0,0,0,1,0,1,6,3,3
HALL COUNTY,191,65 Years,40,15,25,25,11,14,5,2,3,0,0,0,0,0,0,10,2,8
HALL COUNTY,191,66 Years,41,18,23,28,14,14,5,2,3,0,0,0,0,0,0,8,2,6
HALL COUNTY,191,67 Years,38,18,20,31,14,17,1,1,0,0,0,0,0,0,0,6,3,3
HALL COUNTY,191,68 Years,37,15,22,27,9,18,3,2,1,0,0,0,0,0,0,7,4,3
HALL COUNTY,191,69 Years,37,20,17,28,15,13,2,0,2,0,0,0,0,0,0,7,5,2
HALL COUNTY,191,70 Years,46,23,23,34,18,16,3,1,2,0,0,0,0,0,0,9,4,5
HALL COUNTY,191,71 Years,39,20,19,33,16,17,1,1,0,0,0,0,0,0,0,5,3,2
HALL COUNTY,191,72 Years,45,25,20,31,16,15,6,5,1,0,0,0,0,0,0,8,4,4
HALL COUNTY,191,73 Years,37,20,17,31,17,14,3,2,1,0,0,0,0,0,0,3,1,2
HALL COUNTY,191,74 Years,36,19,17,30,16,14,2,1,1,1,1,0,1,0,1,2,1,1
HALL COUNTY,191,75 Years,32,16,16,26,13,13,2,1,1,0,0,0,0,0,0,4,2,2
HALL COUNTY,191,76 Years,31,12,19,25,10,15,2,0,2,1,0,1,1,1,0,2,1,1
HALL COUNTY,191,77 Years,32,18,14,25,13,12,4,4,0,0,0,0,0,0,0,3,1,2
HALL COUNTY,191,78 Years,27,16,11,23,13,10,2,2,0,0,0,0,0,0,0,2,1,1
HALL COUNTY,191,79 Years,25,13,12,20,10,10,1,1,0,0,0,0,0,0,0,4,2,2
HALL COUNTY,191,80 Years,30,16,14,24,14,10,2,1,1,0,0,0,1,0,1,3,1,2
HALL COUNTY,191,81 Years,23,12,11,19,10,9,0,0,0,0,0,0,1,0,1,3,2,1
HALL COUNTY,191,82 Years,22,12,10,17,10,7,0,0,0,0,0,0,1,1,0,4,1,3
HALL COUNTY,191,83 Years,19,7,12,15,7,8,1,0,1,0,0,0,1,0,1,2,0,2
HALL COUNTY,191,84 Years,15,8,7,12,6,6,1,0,1,0,0,0,0,0,0,2,2,0
HALL COUNTY,191,85 Years,12,7,5,10,5,5,1,1,0,0,0,0,0,0,0,1,1,0
HALL COUNTY,191,86 Years,14,8,6,12,6,6,1,1,0,0,0,0,0,0,0,1,1,0
HALL COUNTY,191,87 Years,15,5,10,13,4,9,0,0,0,0,0,0,0,0,0,2,1,1
HALL COUNTY,191,88 Years,12,6,6,9,4,5,0,0,0,0,0,0,0,0,0,3,2,1
HALL COUNTY,191,89 Years,9,4,5,6,3,3,1,0,1,0,0,0,0,0,0,2,1,1
HALL COUNTY,191,90 Years,13,3,10,10,3,7,1,0,1,0,0,0,1,0,1,1,0,1
HALL COUNTY,191,91 Years,10,6,4,6,2,4,1,1,0,0,0,0,0,0,0,3,3,0
HALL COUNTY,191,92 Years,9,4,5,5,2,3,2,1,1,0,0,0,1,1,0,1,0,1
HALL COUNTY,191,93 Years,8,4,4,5,2,3,0,0,0,0,0,0,1,1,0,2,1,1
HALL COUNTY,191,94 Years,6,3,3,3,1,2,0,0,0,0,0,0,0,0,0,3,2,1
HALL COUNTY,191,95 Years +,11,2,9,7,2,5,1,0,1,0,0,0,0,0,0,3,0,3
HAMILTON COUNTY,193,All Ages,8747,4364,4383,7467,3685,3782,42,26,16,33,16,17,109,61,48,1096,576,520
HAMILTON COUNTY,193,< 1 Year,108,57,51,77,41,36,0,0,0,1,1,0,4,2,2,26,13,13
HAMILTON COUNTY,193,1 Years,109,58,51,80,43,37,0,0,0,0,0,0,2,1,1,27,14,13
HAMILTON COUNTY,193,2 Years,104,55,49,76,41,35,0,0,0,0,0,0,2,2,0,26,12,14
HAMILTON COUNTY,193,3 Years,102,55,47,74,42,32,0,0,0,0,0,0,1,1,0,27,12,15
HAMILTON COUNTY,193,4 Years,105,53,52,78,40,38,0,0,0,0,0,0,0,0,0,27,13,14
HAMILTON COUNTY,193,5 Years,111,60,51,80,42,38,0,0,0,0,0,0,2,2,0,29,16,13
HAMILTON COUNTY,193,6 Years,112,57,55,84,41,43,0,0,0,0,0,0,0,0,0,28,16,12
HAMILTON COUNTY,193,7 Years,102,50,52,76,32,44,0,0,0,0,0,0,0,0,0,26,18,8
HAMILTON COUNTY,193,8 Years,113,58,55,90,47,43,2,0,2,0,0,0,1,0,1,20,11,9
HAMILTON COUNTY,193,9 Years,98,54,44,80,42,38,1,0,1,0,0,0,0,0,0,17,12,5
HAMILTON COUNTY,193,10 Years,91,43,48,75,35,40,0,0,0,0,0,0,0,0,0,16,8,8
HAMILTON COUNTY,193,11 Years,101,54,47,79,40,39,0,0,0,0,0,0,2,1,1,20,13,7
HAMILTON COUNTY,193,12 Years,94,45,49,72,33,39,0,0,0,0,0,0,2,2,0,20,10,10
HAMILTON COUNTY,193,13 Years,103,58,45,82,47,35,0,0,0,0,0,0,1,1,0,20,10,10
HAMILTON COUNTY,193,14 Years,105,57,48,85,49,36,0,0,0,1,0,1,1,0,1,18,8,10
HAMILTON COUNTY,193,15 Years,114,55,59,88,41,47,2,2,0,0,0,0,1,0,1,23,12,11
HAMILTON COUNTY,193,16 Years,111,52,59,86,36,50,2,2,0,0,0,0,3,2,1,20,12,8
HAMILTON COUNTY,193,17 Years,116,59,57,95,47,48,1,1,0,1,0,1,2,2,0,17,9,8
HAMILTON COUNTY,193,18 Years,95,52,43,73,43,30,0,0,0,1,0,1,4,2,2,17,7,10
HAMILTON COUNTY,193,19 Years,115,64,51,95,55,40,0,0,0,0,0,0,4,3,1,16,6,10
HAMILTON COUNTY,193,20 Years,113,60,53,87,47,40,1,1,0,0,0,0,5,3,2,20,9,11
HAMILTON COUNTY,193,21 Years,100,52,48,75,39,36,2,2,0,1,0,1,3,2,1,19,9,10
HAMILTON COUNTY,193,22 Years,96,53,43,77,40,37,2,2,0,0,0,0,0,0,0,17,11,6
HAMILTON COUNTY,193,23 Years,110,54,56,84,42,42,2,1,1,1,1,0,1,1,0,22,9,13
HAMILTON COUNTY,193,24 Years,104,55,49,80,43,37,1,0,1,0,0,0,2,0,2,21,12,9
HAMILTON COUNTY,193,25 Years,120,63,57,92,49,43,1,1,0,0,0,0,4,2,2,23,11,12
HAMILTON COUNTY,193,26 Years,82,39,43,62,31,31,1,0,1,0,0,0,2,1,1,17,7,10
HAMILTON COUNTY,193,27 Years,76,31,45,60,24,36,1,0,1,0,0,0,1,1,0,14,6,8
HAMILTON COUNTY,193,28 Years,79,34,45,65,27,38,0,0,0,0,0,0,0,0,0,14,7,7
HAMILTON COUNTY,193,29 Years,101,53,48,80,44,36,1,0,1,0,0,0,0,0,0,20,9,11
HAMILTON COUNTY,193,30 Years,102,58,44,85,50,35,0,0,0,1,1,0,1,1,0,15,6,9
HAMILTON COUNTY,193,31 Years,72,40,32,65,36,29,0,0,0,1,1,0,1,1,0,5,2,3
HAMILTON COUNTY,193,32 Years,89,52,37,68,38,30,3,2,1,1,1,0,0,0,0,17,11,6
HAMILTON COUNTY,193,33 Years,78,37,41,65,31,34,2,1,1,0,0,0,0,0,0,11,5,6
HAMILTON COUNTY,193,34 Years,101,52,49,90,45,45,0,0,0,0,0,0,0,0,0,11,7,4
HAMILTON COUNTY,193,35 Years,93,55,38,78,47,31,2,1,1,0,0,0,0,0,0,13,7,6
HAMILTON COUNTY,193,36 Years,81,42,39,65,35,30,2,1,1,0,0,0,1,0,1,13,6,7
HAMILTON COUNTY,193,37 Years,91,52,39,79,44,35,0,0,0,0,0,0,0,0,0,12,8,4
HAMILTON COUNTY,193,38 Years,79,45,34,68,38,30,0,0,0,0,0,0,0,0,0,11,7,4
HAMILTON COUNTY,193,39 Years,80,49,31,70,41,29,1,1,0,0,0,0,1,1,0,8,6,2
HAMILTON COUNTY,193,40 Years,88,50,38,75,44,31,0,0,0,0,0,0,1,0,1,12,6,6
HAMILTON COUNTY,193,41 Years,87,41,46,73,33,40,1,1,0,0,0,0,1,0,1,12,7,5
HAMILTON COUNTY,193,42 Years,100,49,51,82,40,42,0,0,0,0,0,0,5,2,3,13,7,6
HAMILTON COUNTY,193,43 Years,81,41,40,70,37,33,1,0,1,0,0,0,3,2,1,7,2,5
HAMILTON COUNTY,193,44 Years,83,38,45,68,28,40,0,0,0,1,1,0,1,1,0,13,8,5
HAMILTON COUNTY,193,45 Years,107,53,54,91,45,46,0,0,0,0,0,0,2,0,2,14,8,6
HAMILTON COUNTY,193,46 Years,97,50,47,80,42,38,2,0,2,1,1,0,2,1,1,12,6,6
HAMILTON COUNTY,193,47 Years,103,53,50,87,45,42,1,0,1,1,0,1,2,2,0,12,6,6
HAMILTON COUNTY,193,48 Years,104,57,47,93,48,45,0,0,0,0,0,0,3,2,1,8,7,1
HAMILTON COUNTY,193,49 Years,91,46,45,83,42,41,0,0,0,0,0,0,1,0,1,7,4,3
HAMILTON COUNTY,193,50 Years,89,43,46,73,37,36,0,0,0,0,0,0,2,2,0,14,4,10
HAMILTON COUNTY,193,51 Years,96,48,48,79,39,40,0,0,0,1,1,0,4,3,1,12,5,7
HAMILTON COUNTY,193,52 Years,101,53,48,84,41,43,0,0,0,0,0,0,1,0,1,16,12,4
HAMILTON COUNTY,193,53 Years,117,60,57,102,53,49,0,0,0,0,0,0,1,0,1,14,7,7
HAMILTON COUNTY,193,54 Years,126,60,66,114,56,58,1,1,0,2,0,2,0,0,0,9,3,6
HAMILTON COUNTY,193,55 Years,119,60,59,105,52,53,2,2,0,1,0,1,1,1,0,10,5,5
HAMILTON COUNTY,193,56 Years,129,64,65,108,53,55,1,1,0,1,1,0,2,1,1,17,8,9
HAMILTON COUNTY,193,57 Years,128,69,59,111,58,53,0,0,0,2,0,2,0,0,0,15,11,4
HAMILTON COUNTY,193,58 Years,112,53,59,103,49,54,0,0,0,1,0,1,1,0,1,7,4,3
HAMILTON COUNTY,193,59 Years,118,60,58,106,53,53,0,0,0,1,1,0,0,0,0,11,6,5
HAMILTON COUNTY,193,60 Years,114,57,57,99,49,50,1,1,0,1,1,0,1,1,0,12,5,7
HAMILTON COUNTY,193,61 Years,99,48,51,89,41,48,0,0,0,0,0,0,0,0,0,10,7,3
HAMILTON COUNTY,193,62 Years,102,41,61,90,35,55,0,0,0,1,0,1,1,0,1,10,6,4
HAMILTON COUNTY,193,63 Years,120,57,63,105,50,55,1,1,0,0,0,0,3,0,3,11,6,5
HAMILTON COUNTY,193,64 Years,98,48,50,88,43,45,0,0,0,1,0,1,2,1,1,7,4,3
HAMILTON COUNTY,193,65 Years,120,48,72,112,43,69,0,0,0,1,1,0,2,1,1,5,3,2
HAMILTON COUNTY,193,66 Years,100,38,62,97,36,61,0,0,0,0,0,0,0,0,0,3,2,1
HAMILTON COUNTY,193,67 Years,97,49,48,91,47,44,0,0,0,0,0,0,2,1,1,4,1,3
HAMILTON COUNTY,193,68 Years,115,64,51,107,60,47,1,1,0,1,0,1,0,0,0,6,3,3
HAMILTON COUNTY,193,69 Years,106,50,56,100,47,53,0,0,0,0,0,0,0,0,0,6,3,3
HAMILTON COUNTY,193,70 Years,116,58,58,108,54,54,0,0,0,1,1,0,1,0,1,6,3,3
HAMILTON COUNTY,193,71 Years,90,36,54,85,34,51,0,0,0,0,0,0,1,0,1,4,2,2
HAMILTON COUNTY,193,72 Years,103,46,57,100,44,56,0,0,0,0,0,0,0,0,0,3,2,1
HAMILTON COUNTY,193,73 Years,103,44,59,98,41,57,0,0,0,0,0,0,1,0,1,4,3,1
HAMILTON COUNTY,193,74 Years,110,53,57,107,51,56,0,0,0,1,1,0,0,0,0,2,1,1
HAMILTON COUNTY,193,75 Years,105,49,56,102,47,55,0,0,0,0,0,0,1,1,0,2,1,1
HAMILTON COUNTY,193,76 Years,97,46,51,95,44,51,0,0,0,0,0,0,1,1,0,1,1,0
HAMILTON COUNTY,193,77 Years,89,40,49,84,38,46,0,0,0,0,0,0,3,2,1,2,0,2
HAMILTON COUNTY,193,78 Years,91,47,44,85,43,42,0,0,0,2,2,0,1,1,0,3,1,2
HAMILTON COUNTY,193,79 Years,82,37,45,79,35,44,0,0,0,0,0,0,0,0,0,3,2,1
HAMILTON COUNTY,193,80 Years,67,28,39,66,28,38,0,0,0,0,0,0,0,0,0,1,0,1
HAMILTON COUNTY,193,81 Years,75,34,41,73,33,40,0,0,0,0,0,0,1,1,0,1,0,1
HAMILTON COUNTY,193,82 Years,82,36,46,79,35,44,0,0,0,0,0,0,0,0,0,3,1,2
HAMILTON COUNTY,193,83 Years,57,26,31,56,25,31,0,0,0,0,0,0,0,0,0,1,1,0
HAMILTON COUNTY,193,84 Years,52,26,26,52,26,26,0,0,0,0,0,0,0,0,0,0,0,0
HAMILTON COUNTY,193,85 Years,45,24,21,45,24,21,0,0,0,0,0,0,0,0,0,0,0,0
HAMILTON COUNTY,193,86 Years,42,21,21,40,21,19,0,0,0,1,0,1,0,0,0,1,0,1
HAMILTON COUNTY,193,87 Years,46,21,25,44,20,24,0,0,0,0,0,0,0,0,0,2,1,1
HAMILTON COUNTY,193,88 Years,36,17,19,36,17,19,0,0,0,0,0,0,0,0,0,0,0,0
HAMILTON COUNTY,193,89 Years,23,11,12,23,11,12,0,0,0,0,0,0,0,0,0,0,0,0
HAMILTON COUNTY,193,90 Years,22,11,11,20,10,10,0,0,0,0,0,0,1,0,1,1,1,0
HAMILTON COUNTY,193,91 Years,26,9,17,22,8,14,0,0,0,2,0,2,0,0,0,2,1,1
HAMILTON COUNTY,193,92 Years,21,8,13,20,7,13,0,0,0,0,0,0,0,0,0,1,1,0
HAMILTON COUNTY,193,93 Years,16,7,9,15,6,9,0,0,0,0,0,0,0,0,0,1,1,0
HAMILTON COUNTY,193,94 Years,12,4,8,12,4,8,0,0,0,0,0,0,0,0,0,0,0,0
HAMILTON COUNTY,193,95 Years +,36,5,31,36,5,31,0,0,0,0,0,0,0,0,0,0,0,0
HANSFORD COUNTY,195,All Ages,5437,2736,2701,2735,1318,1417,26,17,9,17,7,10,61,35,26,2598,1359,1239
HANSFORD COUNTY,195,< 1 Year,70,37,33,24,13,11,0,0,0,0,0,0,2,1,1,44,23,21
HANSFORD COUNTY,195,1 Years,76,43,33,25,15,10,0,0,0,0,0,0,6,5,1,45,23,22
HANSFORD COUNTY,195,2 Years,80,42,38,27,14,13,0,0,0,0,0,0,4,3,1,49,25,24
HANSFORD COUNTY,195,3 Years,86,49,37,32,18,14,0,0,0,0,0,0,4,3,1,50,28,22
HANSFORD COUNTY,195,4 Years,85,44,41,31,17,14,0,0,0,0,0,0,0,0,0,54,27,27
HANSFORD COUNTY,195,5 Years,82,44,38,29,16,13,0,0,0,0,0,0,0,0,0,53,28,25
HANSFORD COUNTY,195,6 Years,82,43,39,28,15,13,0,0,0,0,0,0,0,0,0,54,28,26
HANSFORD COUNTY,195,7 Years,90,48,42,35,15,20,0,0,0,1,1,0,1,1,0,53,31,22
HANSFORD COUNTY,195,8 Years,85,40,45,33,15,18,0,0,0,2,1,1,0,0,0,50,24,26
HANSFORD COUNTY,195,9 Years,90,39,51,39,14,25,0,0,0,1,0,1,1,1,0,49,24,25
HANSFORD COUNTY,195,10 Years,91,53,38,32,19,13,3,3,0,0,0,0,1,1,0,55,30,25
HANSFORD COUNTY,195,11 Years,89,52,37,37,21,16,2,2,0,0,0,0,1,1,0,49,28,21
HANSFORD COUNTY,195,12 Years,100,49,51,43,20,23,0,0,0,0,0,0,1,1,0,56,28,28
HANSFORD COUNTY,195,13 Years,97,50,47,38,18,20,0,0,0,0,0,0,0,0,0,59,32,27
HANSFORD COUNTY,195,14 Years,91,44,47,36,19,17,2,0,2,0,0,0,0,0,0,53,25,28
HANSFORD COUNTY,195,15 Years,89,46,43,39,22,17,1,0,1,0,0,0,0,0,0,49,24,25
HANSFORD COUNTY,195,16 Years,99,50,49,37,20,17,0,0,0,0,0,0,1,1,0,61,29,32
HANSFORD COUNTY,195,17 Years,92,48,44,35,18,17,0,0,0,0,0,0,2,2,0,55,28,27
HANSFORD COUNTY,195,18 Years,80,37,43,32,16,16,0,0,0,0,0,0,1,1,0,47,20,27
HANSFORD COUNTY,195,19 Years,63,32,31,25,14,11,0,0,0,0,0,0,1,0,1,37,18,19
HANSFORD COUNTY,195,20 Years,65,35,30,24,13,11,0,0,0,1,0,1,3,2,1,37,20,17
HANSFORD COUNTY,195,21 Years,69,37,32,26,12,14,1,0,1,0,0,0,1,0,1,41,25,16
HANSFORD COUNTY,195,22 Years,72,38,34,27,13,14,0,0,0,1,1,0,0,0,0,44,24,20
HANSFORD COUNTY,195,23 Years,76,36,40,29,14,15,0,0,0,1,0,1,1,0,1,45,22,23
HANSFORD COUNTY,195,24 Years,92,50,42,35,17,18,1,1,0,0,0,0,1,0,1,55,32,23
HANSFORD COUNTY,195,25 Years,97,47,50,30,12,18,1,1,0,0,0,0,0,0,0,66,34,32
HANSFORD COUNTY,195,26 Years,63,32,31,20,10,10,2,1,1,0,0,0,0,0,0,41,21,20
HANSFORD COUNTY,195,27 Years,58,31,27,21,9,12,0,0,0,0,0,0,0,0,0,37,22,15
HANSFORD COUNTY,195,28 Years,46,20,26,23,9,14,1,0,1,0,0,0,0,0,0,22,11,11
HANSFORD COUNTY,195,29 Years,47,23,24,23,9,14,0,0,0,0,0,0,0,0,0,24,14,10
HANSFORD COUNTY,195,30 Years,56,31,25,24,14,10,0,0,0,0,0,0,2,0,2,30,17,13
HANSFORD COUNTY,195,31 Years,59,31,28,23,16,7,0,0,0,2,1,1,0,0,0,34,14,20
HANSFORD COUNTY,195,32 Years,47,27,20,20,13,7,0,0,0,1,1,0,0,0,0,26,13,13
HANSFORD COUNTY,195,33 Years,52,31,21,20,12,8,2,2,0,0,0,0,1,1,0,29,16,13
HANSFORD COUNTY,195,34 Years,72,37,35,33,19,14,1,1,0,0,0,0,0,0,0,38,17,21
HANSFORD COUNTY,195,35 Years,60,23,37,26,10,16,1,0,1,1,1,0,1,0,1,31,12,19
HANSFORD COUNTY,195,36 Years,60,25,35,26,9,17,1,1,0,1,0,1,1,1,0,31,14,17
HANSFORD COUNTY,195,37 Years,57,29,28,28,13,15,0,0,0,0,0,0,0,0,0,29,16,13
HANSFORD COUNTY,195,38 Years,56,27,29,28,12,16,0,0,0,1,0,1,0,0,0,27,15,12
HANSFORD COUNTY,195,39 Years,56,29,27,30,15,15,0,0,0,1,0,1,1,1,0,24,13,11
HANSFORD COUNTY,195,40 Years,60,32,28,32,17,15,1,1,0,0,0,0,0,0,0,27,14,13
HANSFORD COUNTY,195,41 Years,61,30,31,30,15,15,0,0,0,0,0,0,0,0,0,31,15,16
HANSFORD COUNTY,195,42 Years,58,31,27,29,15,14,0,0,0,1,1,0,0,0,0,28,15,13
HANSFORD COUNTY,195,43 Years,60,32,28,33,17,16,1,0,1,0,0,0,0,0,0,26,15,11
HANSFORD COUNTY,195,44 Years,69,36,33,29,15,14,0,0,0,0,0,0,1,0,1,39,21,18
HANSFORD COUNTY,195,45 Years,55,28,27,27,13,14,0,0,0,0,0,0,0,0,0,28,15,13
HANSFORD COUNTY,195,46 Years,66,33,33,33,15,18,0,0,0,0,0,0,0,0,0,33,18,15
HANSFORD COUNTY,195,47 Years,67,30,37,31,12,19,0,0,0,0,0,0,0,0,0,36,18,18
HANSFORD COUNTY,195,48 Years,60,29,31,30,16,14,0,0,0,0,0,0,0,0,0,30,13,17
HANSFORD COUNTY,195,49 Years,65,35,30,38,22,16,0,0,0,0,0,0,1,1,0,26,12,14
HANSFORD COUNTY,195,50 Years,58,30,28,31,16,15,0,0,0,0,0,0,1,1,0,26,13,13
HANSFORD COUNTY,195,51 Years,70,40,30,33,16,17,0,0,0,1,0,1,0,0,0,36,24,12
HANSFORD COUNTY,195,52 Years,68,37,31,36,17,19,0,0,0,1,0,1,1,1,0,30,19,11
HANSFORD COUNTY,195,53 Years,69,36,33,37,18,19,0,0,0,0,0,0,1,1,0,31,17,14
HANSFORD COUNTY,195,54 Years,76,41,35,39,21,18,0,0,0,0,0,0,0,0,0,37,20,17
HANSFORD COUNTY,195,55 Years,67,38,29,38,19,19,0,0,0,0,0,0,1,0,1,28,19,9
HANSFORD COUNTY,195,56 Years,64,34,30,36,17,19,2,2,0,0,0,0,0,0,0,26,15,11
HANSFORD COUNTY,195,57 Years,69,35,34,36,17,19,1,1,0,0,0,0,0,0,0,32,17,15
HANSFORD COUNTY,195,58 Years,62,37,25,43,24,19,0,0,0,0,0,0,0,0,0,19,13,6
HANSFORD COUNTY,195,59 Years,65,31,34,44,22,22,0,0,0,0,0,0,1,0,1,20,9,11
HANSFORD COUNTY,195,60 Years,63,30,33,40,19,21,0,0,0,0,0,0,1,0,1,22,11,11
HANSFORD COUNTY,195,61 Years,66,36,30,43,23,20,0,0,0,0,0,0,2,0,2,21,13,8
HANSFORD COUNTY,195,62 Years,65,32,33,41,21,20,0,0,0,0,0,0,0,0,0,24,11,13
HANSFORD COUNTY,195,63 Years,64,31,33,44,23,21,0,0,0,0,0,0,0,0,0,20,8,12
HANSFORD COUNTY,195,64 Years,58,28,30,46,22,24,0,0,0,0,0,0,1,1,0,11,5,6
HANSFORD COUNTY,195,65 Years,50,22,28,33,16,17,0,0,0,0,0,0,0,0,0,17,6,11
HANSFORD COUNTY,195,66 Years,55,28,27,40,22,18,0,0,0,0,0,0,0,0,0,15,6,9
HANSFORD COUNTY,195,67 Years,50,28,22,35,20,15,0,0,0,0,0,0,0,0,0,15,8,7
HANSFORD COUNTY,195,68 Years,51,22,29,41,15,26,0,0,0,0,0,0,0,0,0,10,7,3
HANSFORD COUNTY,195,69 Years,40,15,25,32,11,21,0,0,0,0,0,0,0,0,0,8,4,4
HANSFORD COUNTY,195,70 Years,54,28,26,36,16,20,0,0,0,0,0,0,2,1,1,16,11,5
HANSFORD COUNTY,195,71 Years,43,19,24,31,13,18,0,0,0,0,0,0,2,0,2,10,6,4
HANSFORD COUNTY,195,72 Years,39,20,19,26,11,15,1,1,0,0,0,0,0,0,0,12,8,4
HANSFORD COUNTY,195,73 Years,35,19,16,26,13,13,0,0,0,0,0,0,0,0,0,9,6,3
HANSFORD COUNTY,195,74 Years,45,22,23,36,18,18,0,0,0,0,0,0,0,0,0,9,4,5
HANSFORD COUNTY,195,75 Years,41,17,24,32,14,18,1,0,1,0,0,0,0,0,0,8,3,5
HANSFORD COUNTY,195,76 Years,31,12,19,27,11,16,0,0,0,0,0,0,1,0,1,3,1,2
HANSFORD COUNTY,195,77 Years,26,13,13,22,10,12,0,0,0,0,0,0,0,0,0,4,3,1
HANSFORD COUNTY,195,78 Years,29,14,15,23,10,13,0,0,0,0,0,0,0,0,0,6,4,2
HANSFORD COUNTY,195,79 Years,27,9,18,23,7,16,0,0,0,0,0,0,0,0,0,4,2,2
HANSFORD COUNTY,195,80 Years,23,8,15,18,6,12,0,0,0,0,0,0,1,0,1,4,2,2
HANSFORD COUNTY,195,81 Years,23,13,10,21,12,9,0,0,0,0,0,0,1,0,1,1,1,0
HANSFORD COUNTY,195,82 Years,18,10,8,17,10,7,0,0,0,0,0,0,0,0,0,1,0,1
HANSFORD COUNTY,195,83 Years,22,9,13,20,8,12,0,0,0,0,0,0,1,1,0,1,0,1
HANSFORD COUNTY,195,84 Years,23,8,15,18,4,14,0,0,0,0,0,0,1,1,0,4,3,1
HANSFORD COUNTY,195,85 Years,18,5,13,14,3,11,0,0,0,0,0,0,0,0,0,4,2,2
HANSFORD COUNTY,195,86 Years,18,5,13,16,4,12,0,0,0,0,0,0,0,0,0,2,1,1
HANSFORD COUNTY,195,87 Years,16,6,10,13,3,10,0,0,0,0,0,0,1,1,0,2,2,0
HANSFORD COUNTY,195,88 Years,14,3,11,10,2,8,0,0,0,0,0,0,1,0,1,3,1,2
HANSFORD COUNTY,195,89 Years,16,7,9,13,6,7,0,0,0,0,0,0,0,0,0,3,1,2
HANSFORD COUNTY,195,90 Years,9,4,5,8,3,5,0,0,0,0,0,0,0,0,0,1,1,0
HANSFORD COUNTY,195,91 Years,8,2,6,6,2,4,0,0,0,0,0,0,1,0,1,1,0,1
HANSFORD COUNTY,195,92 Years,6,3,3,5,2,3,0,0,0,0,0,0,0,0,0,1,1,0
HANSFORD COUNTY,195,93 Years,6,2,4,6,2,4,0,0,0,0,0,0,0,0,0,0,0,0
HANSFORD COUNTY,195,94 Years,6,1,5,4,1,3,0,0,0,0,0,0,0,0,0,2,0,2
HANSFORD COUNTY,195,95 Years +,13,1,12,11,1,10,0,0,0,0,0,0,0,0,0,2,0,2
HARDEMAN COUNTY,197,All Ages,3934,1999,1935,2512,1251,1261,238,130,108,13,8,5,117,59,58,1054,551,503
HARDEMAN COUNTY,197,< 1 Year,42,23,19,15,6,9,4,3,1,0,0,0,5,3,2,18,11,7
HARDEMAN COUNTY,197,1 Years,50,28,22,19,9,10,3,2,1,0,0,0,7,4,3,21,13,8
HARDEMAN COUNTY,197,2 Years,57,31,26,22,12,10,2,1,1,0,0,0,7,3,4,26,15,11
HARDEMAN COUNTY,197,3 Years,57,33,24,26,16,10,3,1,2,0,0,0,4,2,2,24,14,10
HARDEMAN COUNTY,197,4 Years,52,27,25,26,13,13,3,2,1,0,0,0,0,0,0,23,12,11
HARDEMAN COUNTY,197,5 Years,51,24,27,24,12,12,3,1,2,0,0,0,5,1,4,19,10,9
HARDEMAN COUNTY,197,6 Years,55,24,31,22,11,11,4,1,3,0,0,0,5,1,4,24,11,13
HARDEMAN COUNTY,197,7 Years,70,39,31,32,16,16,4,2,2,0,0,0,7,5,2,27,16,11
HARDEMAN COUNTY,197,8 Years,58,33,25,21,12,9,5,2,3,0,0,0,3,2,1,29,17,12
HARDEMAN COUNTY,197,9 Years,52,25,27,24,12,12,3,2,1,0,0,0,1,0,1,24,11,13
HARDEMAN COUNTY,197,10 Years,52,25,27,25,12,13,2,1,1,0,0,0,4,3,1,21,9,12
HARDEMAN COUNTY,197,11 Years,51,28,23,25,12,13,2,1,1,1,1,0,2,2,0,21,12,9
HARDEMAN COUNTY,197,12 Years,49,32,17,23,13,10,2,2,0,1,1,0,3,3,0,20,13,7
HARDEMAN COUNTY,197,13 Years,55,32,23,23,12,11,4,3,1,0,0,0,2,2,0,26,15,11
HARDEMAN COUNTY,197,14 Years,47,25,22,20,10,10,1,1,0,0,0,0,2,1,1,24,13,11
HARDEMAN COUNTY,197,15 Years,47,21,26,21,9,12,3,3,0,0,0,0,1,0,1,22,9,13
HARDEMAN COUNTY,197,16 Years,53,27,26,28,13,15,3,3,0,0,0,0,0,0,0,22,11,11
HARDEMAN COUNTY,197,17 Years,43,21,22,21,10,11,4,2,2,0,0,0,0,0,0,18,9,9
HARDEMAN COUNTY,197,18 Years,50,24,26,27,12,15,2,2,0,0,0,0,1,0,1,20,10,10
HARDEMAN COUNTY,197,19 Years,46,27,19,23,13,10,1,1,0,0,0,0,1,0,1,21,13,8
HARDEMAN COUNTY,197,20 Years,39,24,15,20,11,9,3,2,1,0,0,0,1,1,0,15,10,5
HARDEMAN COUNTY,197,21 Years,46,25,21,24,13,11,4,3,1,0,0,0,1,1,0,17,8,9
HARDEMAN COUNTY,197,22 Years,44,23,21,19,9,10,6,3,3,0,0,0,2,2,0,17,9,8
HARDEMAN COUNTY,197,23 Years,46,22,24,22,11,11,6,2,4,0,0,0,2,1,1,16,8,8
HARDEMAN COUNTY,197,24 Years,49,23,26,24,10,14,4,1,3,0,0,0,1,1,0,20,11,9
HARDEMAN COUNTY,197,25 Years,50,23,27,27,14,13,3,1,2,0,0,0,0,0,0,20,8,12
HARDEMAN COUNTY,197,26 Years,44,24,20,26,14,12,2,2,0,0,0,0,1,0,1,15,8,7
HARDEMAN COUNTY,197,27 Years,30,20,10,20,13,7,1,1,0,0,0,0,0,0,0,9,6,3
HARDEMAN COUNTY,197,28 Years,30,15,15,18,9,9,1,1,0,0,0,0,2,0,2,9,5,4
HARDEMAN COUNTY,197,29 Years,37,14,23,22,9,13,3,3,0,0,0,0,1,0,1,11,2,9
HARDEMAN COUNTY,197,30 Years,39,16,23,30,13,17,3,2,1,0,0,0,1,0,1,5,1,4
HARDEMAN COUNTY,197,31 Years,45,24,21,29,15,14,3,2,1,0,0,0,2,2,0,11,5,6
HARDEMAN COUNTY,197,32 Years,44,23,21,28,14,14,2,1,1,0,0,0,3,2,1,11,6,5
HARDEMAN COUNTY,197,33 Years,50,28,22,36,20,16,3,2,1,0,0,0,1,1,0,10,5,5
HARDEMAN COUNTY,197,34 Years,47,28,19,28,16,12,2,1,1,0,0,0,0,0,0,17,11,6
HARDEMAN COUNTY,197,35 Years,43,22,21,24,12,12,2,1,1,0,0,0,0,0,0,17,9,8
HARDEMAN COUNTY,197,36 Years,39,21,18,24,13,11,4,3,1,0,0,0,0,0,0,11,5,6
HARDEMAN COUNTY,197,37 Years,43,17,26,27,13,14,3,1,2,0,0,0,1,0,1,12,3,9
HARDEMAN COUNTY,197,38 Years,34,17,17,20,11,9,2,1,1,0,0,0,1,0,1,11,5,6
HARDEMAN COUNTY,197,39 Years,49,23,26,30,12,18,0,0,0,1,0,1,0,0,0,18,11,7
HARDEMAN COUNTY,197,40 Years,49,23,26,33,14,19,1,1,0,1,0,1,0,0,0,14,8,6
HARDEMAN COUNTY,197,41 Years,43,22,21,27,12,15,3,3,0,0,0,0,0,0,0,13,7,6
HARDEMAN COUNTY,197,42 Years,38,23,15,27,16,11,4,3,1,0,0,0,0,0,0,7,4,3
HARDEMAN COUNTY,197,43 Years,47,24,23,34,16,18,4,3,1,0,0,0,1,0,1,8,5,3
HARDEMAN COUNTY,197,44 Years,37,16,21,27,10,17,3,3,0,0,0,0,1,0,1,6,3,3
HARDEMAN COUNTY,197,45 Years,51,29,22,35,20,15,6,3,3,1,1,0,1,1,0,8,4,4
HARDEMAN COUNTY,197,46 Years,51,24,27,41,19,22,3,1,2,0,0,0,1,1,0,6,3,3
HARDEMAN COUNTY,197,47 Years,51,24,27,41,19,22,1,0,1,0,0,0,0,0,0,9,5,4
HARDEMAN COUNTY,197,48 Years,47,21,26,37,17,20,3,0,3,0,0,0,1,1,0,6,3,3
HARDEMAN COUNTY,197,49 Years,44,20,24,33,17,16,2,0,2,0,0,0,1,0,1,8,3,5
HARDEMAN COUNTY,197,50 Years,41,16,25,33,14,19,1,1,0,0,0,0,1,0,1,6,1,5
HARDEMAN COUNTY,197,51 Years,50,26,24,35,20,15,4,2,2,0,0,0,1,1,0,10,3,7
HARDEMAN COUNTY,197,52 Years,60,30,30,36,18,18,5,2,3,0,0,0,2,0,2,17,10,7
HARDEMAN COUNTY,197,53 Years,57,28,29,39,17,22,2,1,1,0,0,0,2,1,1,14,9,5
HARDEMAN COUNTY,197,54 Years,46,20,26,35,15,20,3,1,2,0,0,0,1,0,1,7,4,3
HARDEMAN COUNTY,197,55 Years,47,24,23,34,16,18,4,2,2,0,0,0,2,1,1,7,5,2
HARDEMAN COUNTY,197,56 Years,54,26,28,39,19,20,4,2,2,0,0,0,1,1,0,10,4,6
HARDEMAN COUNTY,197,57 Years,46,27,19,38,23,15,2,1,1,0,0,0,0,0,0,6,3,3
HARDEMAN COUNTY,197,58 Years,54,29,25,42,20,22,4,3,1,0,0,0,1,1,0,7,5,2
HARDEMAN COUNTY,197,59 Years,69,32,37,50,20,30,5,3,2,2,2,0,1,1,0,11,6,5
HARDEMAN COUNTY,197,60 Years,57,29,28,47,24,23,2,1,1,1,1,0,1,0,1,6,3,3
HARDEMAN COUNTY,197,61 Years,60,37,23,41,22,19,4,4,0,0,0,0,1,1,0,14,10,4
HARDEMAN COUNTY,197,62 Years,67,36,31,47,26,21,3,3,0,0,0,0,0,0,0,17,7,10
HARDEMAN COUNTY,197,63 Years,58,29,29,46,21,25,2,2,0,0,0,0,0,0,0,10,6,4
HARDEMAN COUNTY,197,64 Years,49,23,26,41,20,21,1,0,1,1,0,1,0,0,0,6,3,3
HARDEMAN COUNTY,197,65 Years,50,21,29,40,18,22,1,0,1,1,0,1,0,0,0,8,3,5
HARDEMAN COUNTY,197,66 Years,49,29,20,40,24,16,2,1,1,1,1,0,0,0,0,6,3,3
HARDEMAN COUNTY,197,67 Years,44,30,14,36,25,11,2,1,1,1,0,1,1,1,0,4,3,1
HARDEMAN COUNTY,197,68 Years,47,26,21,37,22,15,3,1,2,0,0,0,2,1,1,5,2,3
HARDEMAN COUNTY,197,69 Years,43,20,23,33,15,18,2,1,1,0,0,0,2,2,0,6,2,4
HARDEMAN COUNTY,197,70 Years,38,17,21,29,14,15,2,1,1,0,0,0,0,0,0,7,2,5
HARDEMAN COUNTY,197,71 Years,45,17,28,30,14,16,3,1,2,0,0,0,3,0,3,9,2,7
HARDEMAN COUNTY,197,72 Years,39,17,22,30,15,15,1,0,1,0,0,0,1,0,1,7,2,5
HARDEMAN COUNTY,197,73 Years,38,17,21,30,13,17,3,1,2,0,0,0,0,0,0,5,3,2
HARDEMAN COUNTY,197,74 Years,35,18,17,28,13,15,1,0,1,0,0,0,1,0,1,5,5,0
HARDEMAN COUNTY,197,75 Years,38,23,15,27,16,11,1,1,0,0,0,0,2,1,1,8,5,3
HARDEMAN COUNTY,197,76 Years,35,19,16,29,16,13,1,1,0,0,0,0,1,0,1,4,2,2
HARDEMAN COUNTY,197,77 Years,30,14,16,25,11,14,2,0,2,0,0,0,0,0,0,3,3,0
HARDEMAN COUNTY,197,78 Years,26,15,11,21,12,9,3,1,2,0,0,0,0,0,0,2,2,0
HARDEMAN COUNTY,197,79 Years,17,12,5,15,10,5,1,1,0,0,0,0,0,0,0,1,1,0
HARDEMAN COUNTY,197,80 Years,28,12,16,23,11,12,2,0,2,0,0,0,0,0,0,3,1,2
HARDEMAN COUNTY,197,81 Years,25,9,16,20,7,13,2,1,1,0,0,0,0,0,0,3,1,2
HARDEMAN COUNTY,197,82 Years,19,11,8,18,11,7,1,0,1,0,0,0,0,0,0,0,0,0
HARDEMAN COUNTY,197,83 Years,15,7,8,13,6,7,0,0,0,0,0,0,0,0,0,2,1,1
HARDEMAN COUNTY,197,84 Years,11,4,7,9,3,6,0,0,0,0,0,0,0,0,0,2,1,1
HARDEMAN COUNTY,197,85 Years,10,3,7,8,3,5,1,0,1,0,0,0,0,0,0,1,0,1
HARDEMAN COUNTY,197,86 Years,13,8,5,9,6,3,2,1,1,0,0,0,0,0,0,2,1,1
HARDEMAN COUNTY,197,87 Years,15,10,5,11,8,3,4,2,2,0,0,0,0,0,0,0,0,0
HARDEMAN COUNTY,197,88 Years,16,5,11,10,3,7,2,1,1,0,0,0,3,1,2,1,0,1
HARDEMAN COUNTY,197,89 Years,10,2,8,8,2,6,0,0,0,0,0,0,1,0,1,1,0,1
HARDEMAN COUNTY,197,90 Years,9,3,6,8,2,6,0,0,0,0,0,0,0,0,0,1,1,0
HARDEMAN COUNTY,197,91 Years,6,2,4,5,2,3,1,0,1,0,0,0,0,0,0,0,0,0
HARDEMAN COUNTY,197,92 Years,4,2,2,3,2,1,1,0,1,0,0,0,0,0,0,0,0,0
HARDEMAN COUNTY,197,93 Years,4,1,3,4,1,3,0,0,0,0,0,0,0,0,0,0,0,0
HARDEMAN COUNTY,197,94 Years,3,2,1,2,1,1,0,0,0,0,0,0,0,0,0,1,1,0
HARDEMAN COUNTY,197,95 Years +,14,4,10,8,3,5,3,0,3,1,1,0,0,0,0,2,0,2
HARDIN COUNTY,199,All Ages,58257,28913,29344,50852,25094,25758,3096,1497,1599,296,125,171,912,481,431,3101,1716,1385
HARDIN COUNTY,199,< 1 Year,653,336,317,538,274,264,32,18,14,2,1,1,23,12,11,58,31,27
HARDIN COUNTY,199,1 Years,648,330,318,534,270,264,30,16,14,3,2,1,21,12,9,60,30,30
HARDIN COUNTY,199,2 Years,649,334,315,537,272,265,28,16,12,3,2,1,23,14,9,58,30,28
HARDIN COUNTY,199,3 Years,654,341,313,542,279,263,28,15,13,3,2,1,21,12,9,60,33,27
HARDIN COUNTY,199,4 Years,655,346,309,546,287,259,31,15,16,2,1,1,24,13,11,52,30,22
HARDIN COUNTY,199,5 Years,650,346,304,533,281,252,34,16,18,3,2,1,25,14,11,55,33,22
HARDIN COUNTY,199,6 Years,651,344,307,533,279,254,35,19,16,2,1,1,25,14,11,56,31,25
HARDIN COUNTY,199,7 Years,698,353,345,564,279,285,39,22,17,3,2,1,24,13,11,68,37,31
HARDIN COUNTY,199,8 Years,775,411,364,651,351,300,57,27,30,2,0,2,17,10,7,48,23,25
HARDIN COUNTY,199,9 Years,765,399,366,628,325,303,58,28,30,2,1,1,22,12,10,55,33,22
HARDIN COUNTY,199,10 Years,794,422,372,649,339,310,56,31,25,3,1,2,24,12,12,62,39,23
HARDIN COUNTY,199,11 Years,772,413,359,639,340,299,54,28,26,3,2,1,22,10,12,54,33,21
HARDIN COUNTY,199,12 Years,842,435,407,694,354,340,46,27,19,7,2,5,20,10,10,75,42,33
HARDIN COUNTY,199,13 Years,813,426,387,680,354,326,48,26,22,5,2,3,16,6,10,64,38,26
HARDIN COUNTY,199,14 Years,816,426,390,690,356,334,47,26,21,5,2,3,15,7,8,59,35,24
HARDIN COUNTY,199,15 Years,849,453,396,717,384,333,48,30,18,4,1,3,11,5,6,69,33,36
HARDIN COUNTY,199,16 Years,907,477,430,768,398,370,48,26,22,4,1,3,17,11,6,70,41,29
HARDIN COUNTY,199,17 Years,939,513,426,792,424,368,60,34,26,2,2,0,15,9,6,70,44,26
HARDIN COUNTY,199,18 Years,870,467,403,743,395,348,43,20,23,3,3,0,17,12,5,64,37,27
HARDIN COUNTY,199,19 Years,786,414,372,665,355,310,38,17,21,3,1,2,13,7,6,67,34,33
HARDIN COUNTY,199,20 Years,757,408,349,635,342,293,42,16,26,3,1,2,13,8,5,64,41,23
HARDIN COUNTY,199,21 Years,734,405,329,625,340,285,41,19,22,4,2,2,10,6,4,54,38,16
HARDIN COUNTY,199,22 Years,705,361,344,602,298,304,44,23,21,4,3,1,8,3,5,47,34,13
HARDIN COUNTY,199,23 Years,713,362,351,602,288,314,44,28,16,5,3,2,9,6,3,53,37,16
HARDIN COUNTY,199,24 Years,772,400,372,638,327,311,53,31,22,7,4,3,10,6,4,64,32,32
HARDIN COUNTY,199,25 Years,764,390,374,648,330,318,45,24,21,7,3,4,8,4,4,56,29,27
HARDIN COUNTY,199,26 Years,740,391,349,622,331,291,38,13,25,6,4,2,14,9,5,60,34,26
HARDIN COUNTY,199,27 Years,753,392,361,623,324,299,56,26,30,3,2,1,15,8,7,56,32,24
HARDIN COUNTY,199,28 Years,691,349,342,589,299,290,45,23,22,3,1,2,13,5,8,41,21,20
HARDIN COUNTY,199,29 Years,712,358,354,633,318,315,38,18,20,3,2,1,8,4,4,30,16,14
HARDIN COUNTY,199,30 Years,687,353,334,610,317,293,38,17,21,3,3,0,5,3,2,31,13,18
HARDIN COUNTY,199,31 Years,730,368,362,626,307,319,53,28,25,2,2,0,8,4,4,41,27,14
HARDIN COUNTY,199,32 Years,676,329,347,582,278,304,50,28,22,3,2,1,10,3,7,31,18,13
HARDIN COUNTY,199,33 Years,655,306,349,576,265,311,39,19,20,2,2,0,6,2,4,32,18,14
HARDIN COUNTY,199,34 Years,707,354,353,622,309,313,33,16,17,1,0,1,4,2,2,47,27,20
HARDIN COUNTY,199,35 Years,712,350,362,630,314,316,38,16,22,3,0,3,6,4,2,35,16,19
HARDIN COUNTY,199,36 Years,728,359,369,635,312,323,33,17,16,5,1,4,7,4,3,48,25,23
HARDIN COUNTY,199,37 Years,758,373,385,663,328,335,33,16,17,6,2,4,11,6,5,45,21,24
HARDIN COUNTY,199,38 Years,729,355,374,649,313,336,34,16,18,6,3,3,6,3,3,34,20,14
HARDIN COUNTY,199,39 Years,723,342,381,636,301,335,37,17,20,5,2,3,5,2,3,40,20,20
HARDIN COUNTY,199,40 Years,689,323,366,610,285,325,34,16,18,4,1,3,5,3,2,36,18,18
HARDIN COUNTY,199,41 Years,666,321,345,598,287,311,30,14,16,4,0,4,8,3,5,26,17,9
HARDIN COUNTY,199,42 Years,654,335,319,586,303,283,29,14,15,3,0,3,6,3,3,30,15,15
HARDIN COUNTY,199,43 Years,631,299,332,565,268,297,23,10,13,3,2,1,8,3,5,32,16,16
HARDIN COUNTY,199,44 Years,685,319,366,605,287,318,35,11,24,3,1,2,9,5,4,33,15,18
HARDIN COUNTY,199,45 Years,696,327,369,619,299,320,34,14,20,8,1,7,10,6,4,25,7,18
HARDIN COUNTY,199,46 Years,765,376,389,692,340,352,29,14,15,8,3,5,7,6,1,29,13,16
HARDIN COUNTY,199,47 Years,802,419,383,724,370,354,30,16,14,2,2,0,9,4,5,37,27,10
HARDIN COUNTY,199,48 Years,701,342,359,613,296,317,29,15,14,3,1,2,15,9,6,41,21,20
HARDIN COUNTY,199,49 Years,707,346,361,632,314,318,28,13,15,5,2,3,7,4,3,35,13,22
HARDIN COUNTY,199,50 Years,732,362,370,652,317,335,35,18,17,5,3,2,13,9,4,27,15,12
HARDIN COUNTY,199,51 Years,744,367,377,649,315,334,40,17,23,7,4,3,10,5,5,38,26,12
HARDIN COUNTY,199,52 Years,783,383,400,673,324,349,49,22,27,6,3,3,10,4,6,45,30,15
HARDIN COUNTY,199,53 Years,772,379,393,677,328,349,47,22,25,6,3,3,9,7,2,33,19,14
HARDIN COUNTY,199,54 Years,807,412,395,724,375,349,40,18,22,7,0,7,10,6,4,26,13,13
HARDIN COUNTY,199,55 Years,824,387,437,736,354,382,37,13,24,5,1,4,13,6,7,33,13,20
HARDIN COUNTY,199,56 Years,857,423,434,770,386,384,41,16,25,5,4,1,12,7,5,29,10,19
HARDIN COUNTY,199,57 Years,843,414,429,755,373,382,45,19,26,6,4,2,10,5,5,27,13,14
HARDIN COUNTY,199,58 Years,829,395,434,753,363,390,41,16,25,6,2,4,9,3,6,20,11,9
HARDIN COUNTY,199,59 Years,821,388,433,743,349,394,41,19,22,3,2,1,10,4,6,24,14,10
HARDIN COUNTY,199,60 Years,811,393,418,734,355,379,41,18,23,2,0,2,11,6,5,23,14,9
HARDIN COUNTY,199,61 Years,819,406,413,743,365,378,37,22,15,6,0,6,11,6,5,22,13,9
HARDIN COUNTY,199,62 Years,780,398,382,694,353,341,47,24,23,5,1,4,11,6,5,23,14,9
HARDIN COUNTY,199,63 Years,757,386,371,675,340,335,47,25,22,4,2,2,7,3,4,24,16,8
HARDIN COUNTY,199,64 Years,701,319,382,632,288,344,42,16,26,3,0,3,7,3,4,17,12,5
HARDIN COUNTY,199,65 Years,641,287,354,579,259,320,36,14,22,1,0,1,7,2,5,18,12,6
HARDIN COUNTY,199,66 Years,681,331,350,604,294,310,39,16,23,1,1,0,10,3,7,27,17,10
HARDIN COUNTY,199,67 Years,636,314,322,572,281,291,33,17,16,0,0,0,9,5,4,22,11,11
HARDIN COUNTY,199,68 Years,611,291,320,564,266,298,27,16,11,3,2,1,5,3,2,12,4,8
HARDIN COUNTY,199,69 Years,625,298,327,580,277,303,26,12,14,2,1,1,9,4,5,8,4,4
HARDIN COUNTY,199,70 Years,600,295,305,552,267,285,28,17,11,1,0,1,6,3,3,13,8,5
HARDIN COUNTY,199,71 Years,473,235,238,433,214,219,22,12,10,4,2,2,3,1,2,11,6,5
HARDIN COUNTY,199,72 Years,489,236,253,447,215,232,22,14,8,2,2,0,6,1,5,12,4,8
HARDIN COUNTY,199,73 Years,464,212,252,424,194,230,25,12,13,1,0,1,4,2,2,10,4,6
HARDIN COUNTY,199,74 Years,462,212,250,425,196,229,22,8,14,1,0,1,5,5,0,9,3,6
HARDIN COUNTY,199,75 Years,435,201,234,400,185,215,19,7,12,0,0,0,8,4,4,8,5,3
HARDIN COUNTY,199,76 Years,384,172,212,352,161,191,15,4,11,2,0,2,7,3,4,8,4,4
HARDIN COUNTY,199,77 Years,351,156,195,326,147,179,13,5,8,2,1,1,3,2,1,7,1,6
HARDIN COUNTY,199,78 Years,313,134,179,294,124,170,13,7,6,0,0,0,1,1,0,5,2,3
HARDIN COUNTY,199,79 Years,298,134,164,275,125,150,11,6,5,1,0,1,2,1,1,9,2,7
HARDIN COUNTY,199,80 Years,276,121,155,256,113,143,11,5,6,0,0,0,1,1,0,8,2,6
HARDIN COUNTY,199,81 Years,259,107,152,241,97,144,11,5,6,0,0,0,1,1,0,6,4,2
HARDIN COUNTY,199,82 Years,246,106,140,233,101,132,8,3,5,2,0,2,2,1,1,1,1,0
HARDIN COUNTY,199,83 Years,215,92,123,198,84,114,7,3,4,1,0,1,1,1,0,8,4,4
HARDIN COUNTY,199,84 Years,199,89,110,183,84,99,8,3,5,1,0,1,2,0,2,5,2,3
HARDIN COUNTY,199,85 Years,174,73,101,162,68,94,8,3,5,0,0,0,1,0,1,3,2,1
HARDIN COUNTY,199,86 Years,148,62,86,137,58,79,8,2,6,1,1,0,0,0,0,2,1,1
HARDIN COUNTY,199,87 Years,143,44,99,129,40,89,7,1,6,3,0,3,1,0,1,3,3,0
HARDIN COUNTY,199,88 Years,128,43,85,111,37,74,11,2,9,0,0,0,4,3,1,2,1,1
HARDIN COUNTY,199,89 Years,111,34,77,100,33,67,6,0,6,0,0,0,3,1,2,2,0,2
HARDIN COUNTY,199,90 Years,91,33,58,84,32,52,6,1,5,0,0,0,0,0,0,1,0,1
HARDIN COUNTY,199,91 Years,74,24,50,63,19,44,7,3,4,0,0,0,1,0,1,3,2,1
HARDIN COUNTY,199,92 Years,59,20,39,50,16,34,4,2,2,1,0,1,1,0,1,3,2,1
HARDIN COUNTY,199,93 Years,49,16,33,41,12,29,5,3,2,1,0,1,0,0,0,2,1,1
HARDIN COUNTY,199,94 Years,33,10,23,29,9,20,2,0,2,1,0,1,0,0,0,1,1,0
HARDIN COUNTY,199,95 Years +,81,21,60,65,15,50,11,4,7,0,0,0,1,0,1,4,2,2
HARRIS COUNTY,201,All Ages,4629711,2303945,2325766,1386432,692036,694396,857888,402859,455029,333013,164652,168361,93450,46511,46939,1958928,997887,961041
HARRIS COUNTY,201,< 1 Year,71199,36417,34782,14602,7502,7100,12771,6510,6261,3473,1773,1700,2632,1340,1292,37721,19292,18429
HARRIS COUNTY,201,1 Years,71996,36659,35337,14934,7602,7332,12898,6562,6336,3782,1920,1862,2653,1347,1306,37729,19228,18501
HARRIS COUNTY,201,2 Years,73976,37683,36293,15669,8013,7656,13183,6692,6491,4198,2131,2067,2691,1367,1324,38235,19480,18755
HARRIS COUNTY,201,3 Years,73380,37332,36048,15823,8067,7756,13079,6633,6446,4352,2206,2146,2599,1319,1280,37527,19107,18420
HARRIS COUNTY,201,4 Years,71894,36648,35246,15616,7993,7623,12804,6497,6307,4293,2194,2099,2535,1292,1243,36646,18672,17974
HARRIS COUNTY,201,5 Years,70354,35792,34562,15247,7794,7453,12473,6330,6143,4047,2080,1967,2376,1212,1164,36211,18376,17835
HARRIS COUNTY,201,6 Years,70689,35884,34805,15180,7740,7440,12498,6337,6161,3966,2032,1934,2311,1177,1134,36734,18598,18136
HARRIS COUNTY,201,7 Years,68701,34826,33875,14419,7422,6997,12127,6117,6010,3687,1823,1864,2130,1065,1065,36338,18399,17939
HARRIS COUNTY,201,8 Years,70383,35719,34664,14702,7523,7179,12552,6310,6242,3729,1902,1827,2117,1096,1021,37283,18888,18395
HARRIS COUNTY,201,9 Years,70335,35807,34528,14610,7532,7078,12590,6330,6260,3708,1972,1736,2091,1095,996,37336,18878,18458
HARRIS COUNTY,201,10 Years,70008,35610,34398,14546,7498,7048,12801,6530,6271,3685,1872,1813,2022,1047,975,36954,18663,18291
HARRIS COUNTY,201,11 Years,68555,34798,33757,14304,7377,6927,12628,6292,6336,3729,1897,1832,1860,969,891,36034,18263,17771
HARRIS COUNTY,201,12 Years,67932,34563,33369,14150,7219,6931,12476,6213,6263,3760,1968,1792,1757,894,863,35789,18269,17520
HARRIS COUNTY,201,13 Years,67343,34275,33068,14132,7237,6895,12314,6192,6122,3811,1973,1838,1691,865,826,35395,18008,17387
HARRIS COUNTY,201,14 Years,66458,33977,32481,14158,7329,6829,12004,6082,5922,3846,2026,1820,1688,853,835,34762,17687,17075
HARRIS COUNTY,201,15 Years,65262,33730,31532,13708,7149,6559,12098,6265,5833,3737,1980,1757,1625,821,804,34094,17515,16579
HARRIS COUNTY,201,16 Years,66519,34235,32284,14139,7376,6763,12254,6182,6072,4149,2222,1927,1563,827,736,34414,17628,16786
HARRIS COUNTY,201,17 Years,67752,34733,33019,14841,7653,7188,12520,6326,6194,4294,2267,2027,1527,785,742,34570,17702,16868
HARRIS COUNTY,201,18 Years,64247,33038,31209,14202,7380,6822,11977,6197,5780,3933,2027,1906,1456,751,705,32679,16683,15996
HARRIS COUNTY,201,19 Years,60347,31058,29289,12961,6778,6183,11443,5794,5649,3867,2008,1859,1402,696,706,30674,15782,14892
HARRIS COUNTY,201,20 Years,60012,30620,29392,13153,6802,6351,11445,5652,5793,4173,2130,2043,1415,691,724,29826,15345,14481
HARRIS COUNTY,201,21 Years,61219,31170,30049,13946,7219,6727,11847,5892,5955,4351,2249,2102,1445,691,754,29630,15119,14511
HARRIS COUNTY,201,22 Years,64015,32324,31691,15249,7793,7456,12907,6382,6525,4507,2292,2215,1533,725,808,29819,15132,14687
HARRIS COUNTY,201,23 Years,67122,33870,33252,16873,8601,8272,13915,6878,7037,4760,2425,2335,1603,742,861,29971,15224,14747
HARRIS COUNTY,201,24 Years,70781,35865,34916,18591,9608,8983,15115,7468,7647,5001,2502,2499,1738,831,907,30336,15456,14880
HARRIS COUNTY,201,25 Years,73486,37457,36029,19549,10223,9326,15934,7829,8105,5247,2653,2594,1703,831,872,31053,15921,15132
HARRIS COUNTY,201,26 Years,74030,37536,36494,19014,9940,9074,16320,7753,8567,5419,2711,2708,1643,817,826,31634,16315,15319
HARRIS COUNTY,201,27 Years,73670,37419,36251,18810,9841,8969,16528,7796,8732,5553,2735,2818,1649,846,803,31130,16201,14929
HARRIS COUNTY,201,28 Years,72398,36506,35892,18741,9568,9173,15774,7337,8437,6057,3004,3053,1518,773,745,30308,15824,14484
HARRIS COUNTY,201,29 Years,72927,36848,36079,19680,9954,9726,14920,6849,8071,6403,3265,3138,1450,704,746,30474,16076,14398
HARRIS COUNTY,201,30 Years,74017,37261,36756,21188,10575,10613,14492,6652,7840,6132,3078,3054,1455,672,783,30750,16284,14466
HARRIS COUNTY,201,31 Years,75456,38279,37177,22273,11230,11043,14577,6783,7794,6384,3196,3188,1423,703,720,30799,16367,14432
HARRIS COUNTY,201,32 Years,74694,37981,36713,21936,11163,10773,14037,6520,7517,6294,3185,3109,1382,690,692,31045,16423,14622
HARRIS COUNTY,201,33 Years,73692,37355,36337,21350,10940,10410,13593,6295,7298,6499,3224,3275,1378,698,680,30872,16198,14674
HARRIS COUNTY,201,34 Years,74187,37820,36367,21239,10868,10371,13646,6391,7255,6600,3263,3337,1366,660,706,31336,16638,14698
HARRIS COUNTY,201,35 Years,73121,37232,35889,20676,10637,10039,13449,6279,7170,6248,3067,3181,1319,633,686,31429,16616,14813
HARRIS COUNTY,201,36 Years,72477,36668,35809,20125,10372,9753,13509,6284,7225,5872,2853,3019,1277,639,638,31694,16520,15174
HARRIS COUNTY,201,37 Years,72380,36756,35624,19955,10254,9701,13502,6251,7251,5726,2832,2894,1199,608,591,31998,16811,15187
HARRIS COUNTY,201,38 Years,67724,34250,33474,18442,9545,8897,12724,5914,6810,5427,2630,2797,1106,556,550,30025,15605,14420
HARRIS COUNTY,201,39 Years,65830,33207,32623,17687,9114,8573,11910,5480,6430,5151,2538,2613,1075,532,543,30007,15543,14464
HARRIS COUNTY,201,40 Years,64282,32558,31724,17274,8888,8386,11421,5320,6101,4814,2338,2476,1014,503,511,29759,15509,14250
HARRIS COUNTY,201,41 Years,63502,31991,31511,16774,8607,8167,11090,5077,6013,5089,2443,2646,974,481,493,29575,15383,14192
HARRIS COUNTY,201,42 Years,63571,31863,31708,16954,8664,8290,10880,5048,5832,5211,2542,2669,910,463,447,29616,15146,14470
HARRIS COUNTY,201,43 Years,61851,30814,31037,16447,8373,8074,10772,4957,5815,5158,2479,2679,929,461,468,28545,14544,14001
HARRIS COUNTY,201,44 Years,61657,30559,31098,16577,8525,8052,11179,5020,6159,5292,2538,2754,923,446,477,27686,14030,13656
HARRIS COUNTY,201,45 Years,62355,30940,31415,17940,9204,8736,11269,5106,6163,5158,2463,2695,965,453,512,27023,13714,13309
HARRIS COUNTY,201,46 Years,63119,31404,31715,19218,9744,9474,11352,5250,6102,5181,2448,2733,982,458,524,26386,13504,12882
HARRIS COUNTY,201,47 Years,62145,30941,31204,19426,9933,9493,10794,4946,5848,5161,2458,2703,908,410,498,25856,13194,12662
HARRIS COUNTY,201,48 Years,57964,29061,28903,18278,9395,8883,9878,4509,5369,4946,2411,2535,807,379,428,24055,12367,11688
HARRIS COUNTY,201,49 Years,55862,27983,27879,17697,9039,8658,9611,4445,5166,4655,2276,2379,759,358,401,23140,11865,11275
HARRIS COUNTY,201,50 Years,54805,27239,27566,17644,8902,8742,9751,4459,5292,4298,2088,2210,755,341,414,22357,11449,10908
HARRIS COUNTY,201,51 Years,54193,26984,27209,17551,8870,8681,9829,4489,5340,4295,2100,2195,689,332,357,21829,11193,10636
HARRIS COUNTY,201,52 Years,55335,27468,27867,18837,9447,9390,10153,4570,5583,4231,2064,2167,678,334,344,21436,11053,10383
HARRIS COUNTY,201,53 Years,54912,27211,27701,19556,9844,9712,9906,4468,5438,4299,2114,2185,736,366,370,20415,10419,9996
HARRIS COUNTY,201,54 Years,54390,26799,27591,20037,9999,10038,9706,4359,5347,4259,2112,2147,769,378,391,19619,9951,9668
HARRIS COUNTY,201,55 Years,53624,26438,27186,20637,10245,10392,9722,4375,5347,3913,1944,1969,731,342,389,18621,9532,9089
HARRIS COUNTY,201,56 Years,53803,26345,27458,21146,10501,10645,10006,4478,5528,3830,1847,1983,739,352,387,18082,9167,8915
HARRIS COUNTY,201,57 Years,54086,26491,27595,21733,10801,10932,9969,4457,5512,3843,1853,1990,746,375,371,17795,9005,8790
HARRIS COUNTY,201,58 Years,52169,25357,26812,21700,10794,10906,9752,4297,5455,3786,1809,1977,684,332,352,16247,8125,8122
HARRIS COUNTY,201,59 Years,51458,25014,26444,22099,11030,11069,9545,4252,5293,3668,1724,1944,704,347,357,15442,7661,7781
HARRIS COUNTY,201,60 Years,49327,24015,25312,21430,10727,10703,9166,4095,5071,3553,1676,1877,654,329,325,14524,7188,7336
HARRIS COUNTY,201,61 Years,47502,22950,24552,20827,10221,10606,8766,3921,4845,3586,1681,1905,639,335,304,13684,6792,6892
HARRIS COUNTY,201,62 Years,45740,22187,23553,20356,10130,10226,8433,3755,4678,3522,1672,1850,612,306,306,12817,6324,6493
HARRIS COUNTY,201,63 Years,42923,20700,22223,19536,9623,9913,7797,3419,4378,3373,1628,1745,533,278,255,11684,5752,5932
HARRIS COUNTY,201,64 Years,40759,19418,21341,18850,9232,9618,7422,3245,4177,3266,1514,1752,522,283,239,10699,5144,5555
HARRIS COUNTY,201,65 Years,38043,18015,20028,17909,8759,9150,7056,3032,4024,3053,1403,1650,455,248,207,9570,4573,4997
HARRIS COUNTY,201,66 Years,35774,16841,18933,16604,7985,8619,6763,2912,3851,2918,1327,1591,430,225,205,9059,4392,4667
HARRIS COUNTY,201,67 Years,34078,15941,18137,16076,7692,8384,6382,2691,3691,2895,1327,1568,394,204,190,8331,4027,4304
HARRIS COUNTY,201,68 Years,31930,14938,16992,15527,7459,8068,5940,2511,3429,2680,1244,1436,380,195,185,7403,3529,3874
HARRIS COUNTY,201,69 Years,30950,14499,16451,15708,7496,8212,5454,2337,3117,2427,1153,1274,386,203,183,6975,3310,3665
HARRIS COUNTY,201,70 Years,29535,13710,15825,15689,7479,8210,5016,2096,2920,2122,982,1140,363,185,178,6345,2968,3377
HARRIS COUNTY,201,71 Years,24397,11262,13135,12406,5905,6501,4233,1735,2498,1830,884,946,292,133,159,5636,2605,3031
HARRIS COUNTY,201,72 Years,22584,10328,12256,11504,5393,6111,3986,1617,2369,1748,857,891,250,114,136,5096,2347,2749
HARRIS COUNTY,201,73 Years,21330,9584,11746,11327,5222,6105,3635,1453,2182,1540,752,788,215,100,115,4613,2057,2556
HARRIS COUNTY,201,74 Years,20251,9060,11191,10917,5030,5887,3464,1378,2086,1507,738,769,198,96,102,4165,1818,2347
HARRIS COUNTY,201,75 Years,17864,7961,9903,9572,4407,5165,3079,1211,1868,1393,693,700,185,86,99,3635,1564,2071
HARRIS COUNTY,201,76 Years,16095,7068,9027,8444,3811,4633,2843,1092,1751,1268,638,630,164,73,91,3376,1454,1922
HARRIS COUNTY,201,77 Years,14646,6386,8260,7645,3409,4236,2581,985,1596,1147,558,589,150,58,92,3123,1376,1747
HARRIS COUNTY,201,78 Years,13196,5712,7484,7043,3116,3927,2252,857,1395,1006,475,531,122,53,69,2773,1211,1562
HARRIS COUNTY,201,79 Years,12422,5163,7259,6597,2783,3814,2097,756,1341,973,467,506,99,40,59,2656,1117,1539
HARRIS COUNTY,201,80 Years,11113,4595,6518,5798,2473,3325,1919,671,1248,895,430,465,89,35,54,2412,986,1426
HARRIS COUNTY,201,81 Years,10364,4169,6195,5541,2323,3218,1789,601,1188,757,354,403,89,34,55,2188,857,1331
HARRIS COUNTY,201,82 Years,9760,3943,5817,5358,2192,3166,1671,567,1104,651,340,311,64,25,39,2016,819,1197
HARRIS COUNTY,201,83 Years,8651,3457,5194,4753,1945,2808,1454,502,952,599,280,319,57,22,35,1788,708,1080
HARRIS COUNTY,201,84 Years,7828,3067,4761,4421,1789,2632,1327,457,870,519,237,282,49,15,34,1512,569,943
HARRIS COUNTY,201,85 Years,7230,2766,4464,4220,1647,2573,1132,375,757,442,201,241,51,15,36,1385,528,857
HARRIS COUNTY,201,86 Years,6667,2533,4134,3974,1566,2408,983,316,667,415,180,235,48,14,34,1247,457,790
HARRIS COUNTY,201,87 Years,6116,2237,3879,3662,1391,2271,930,280,650,396,171,225,42,11,31,1086,384,702
HARRIS COUNTY,201,88 Years,5231,1852,3379,3200,1180,2020,781,221,560,312,135,177,26,7,19,912,309,603
HARRIS COUNTY,201,89 Years,4482,1580,2902,2771,1004,1767,657,181,476,259,117,142,20,6,14,775,272,503
HARRIS COUNTY,201,90 Years,3862,1336,2526,2419,864,1555,568,156,412,222,88,134,19,4,15,634,224,410
HARRIS COUNTY,201,91 Years,3229,1071,2158,2010,687,1323,487,120,367,202,78,124,17,4,13,513,182,331
HARRIS COUNTY,201,92 Years,2714,842,1872,1718,556,1162,402,91,311,156,55,101,11,2,9,427,138,289
HARRIS COUNTY,201,93 Years,2135,637,1498,1380,411,969,313,74,239,111,42,69,7,2,5,324,108,216
HARRIS COUNTY,201,94 Years,1623,474,1149,1042,302,740,242,55,187,91,37,54,6,0,6,242,80,162
HARRIS COUNTY,201,95 Years +,3709,980,2729,2253,591,1662,649,136,513,242,82,160,7,0,7,558,171,387
HARRISON COUNTY,203,All Ages,67893,32969,34924,42881,20948,21933,14297,6551,7746,365,175,190,1329,669,660,9021,4626,4395
HARRISON COUNTY,203,< 1 Year,916,456,460,476,243,233,192,92,100,4,2,2,36,16,20,208,103,105
HARRISON COUNTY,203,1 Years,904,454,450,462,237,225,183,89,94,4,3,1,37,18,19,218,107,111
HARRISON COUNTY,203,2 Years,946,469,477,475,237,238,193,88,105,5,4,1,36,19,17,237,121,116
HARRISON COUNTY,203,3 Years,947,467,480,470,238,232,196,89,107,3,1,2,32,15,17,246,124,122
HARRISON COUNTY,203,4 Years,949,481,468,471,245,226,199,97,102,3,1,2,30,13,17,246,125,121
HARRISON COUNTY,203,5 Years,967,500,467,479,262,217,201,96,105,2,1,1,31,14,17,254,127,127
HARRISON COUNTY,203,6 Years,980,508,472,491,263,228,199,98,101,3,2,1,33,16,17,254,129,125
HARRISON COUNTY,203,7 Years,1075,543,532,538,285,253,223,107,116,4,4,0,31,20,11,279,127,152
HARRISON COUNTY,203,8 Years,922,485,437,475,264,211,189,85,104,3,1,2,39,26,13,216,109,107
HARRISON COUNTY,203,9 Years,937,494,443,478,269,209,205,104,101,3,1,2,28,12,16,223,108,115
HARRISON COUNTY,203,10 Years,1007,500,507,522,256,266,206,103,103,4,1,3,37,20,17,238,120,118
HARRISON COUNTY,203,11 Years,1007,501,506,536,280,256,205,95,110,6,2,4,37,20,17,223,104,119
HARRISON COUNTY,203,12 Years,967,515,452,521,282,239,203,101,102,7,4,3,30,19,11,206,109,97
HARRISON COUNTY,203,13 Years,968,486,482,522,273,249,205,92,113,9,4,5,28,15,13,204,102,102
HARRISON COUNTY,203,14 Years,934,448,486,487,238,249,204,90,114,10,7,3,28,14,14,205,99,106
HARRISON COUNTY,203,15 Years,932,466,466,495,242,253,215,107,108,7,4,3,29,13,16,186,100,86
HARRISON COUNTY,203,16 Years,931,480,451,521,266,255,198,99,99,4,1,3,24,14,10,184,100,84
HARRISON COUNTY,203,17 Years,955,511,444,530,288,242,217,108,109,6,4,2,26,13,13,176,98,78
HARRISON COUNTY,203,18 Years,858,416,442,466,231,235,217,102,115,3,3,0,20,10,10,152,70,82
HARRISON COUNTY,203,19 Years,790,404,386,429,220,209,190,99,91,5,3,2,20,10,10,146,72,74
HARRISON COUNTY,203,20 Years,774,404,370,427,223,204,185,100,85,2,1,1,20,9,11,140,71,69
HARRISON COUNTY,203,21 Years,755,383,372,422,219,203,172,85,87,7,3,4,21,11,10,133,65,68
HARRISON COUNTY,203,22 Years,771,378,393,430,219,211,194,78,116,5,4,1,14,9,5,128,68,60
HARRISON COUNTY,203,23 Years,828,417,411,483,238,245,205,103,102,4,2,2,19,11,8,117,63,54
HARRISON COUNTY,203,24 Years,851,428,423,514,265,249,200,101,99,5,3,2,18,9,9,114,50,64
HARRISON COUNTY,203,25 Years,943,463,480,535,267,268,272,128,144,6,4,2,14,8,6,116,56,60
HARRISON COUNTY,203,26 Years,952,456,496,513,243,270,298,141,157,7,4,3,10,6,4,124,62,62
HARRISON COUNTY,203,27 Years,993,451,542,540,252,288,309,135,174,3,2,1,12,4,8,129,58,71
HARRISON COUNTY,203,28 Years,975,465,510,564,283,281,279,125,154,2,2,0,15,4,11,115,51,64
HARRISON COUNTY,203,29 Years,942,437,505,567,273,294,230,92,138,3,2,1,17,7,10,125,63,62
HARRISON COUNTY,203,30 Years,841,402,439,502,239,263,203,97,106,3,2,1,10,3,7,123,61,62
HARRISON COUNTY,203,31 Years,856,416,440,515,258,257,185,90,95,6,3,3,14,6,8,136,59,77
HARRISON COUNTY,203,32 Years,869,412,457,555,267,288,172,80,92,4,1,3,13,5,8,125,59,66
HARRISON COUNTY,203,33 Years,812,390,422,508,239,269,167,77,90,3,1,2,12,6,6,122,67,55
HARRISON COUNTY,203,34 Years,823,400,423,530,253,277,161,76,85,3,1,2,9,6,3,120,64,56
HARRISON COUNTY,203,35 Years,826,412,414,526,262,264,159,75,84,3,1,2,10,6,4,128,68,60
HARRISON COUNTY,203,36 Years,891,432,459,594,292,302,170,74,96,7,4,3,9,4,5,111,58,53
HARRISON COUNTY,203,37 Years,879,406,473,578,269,309,170,70,100,4,1,3,8,2,6,119,64,55
HARRISON COUNTY,203,38 Years,780,376,404,496,231,265,150,70,80,4,1,3,19,11,8,111,63,48
HARRISON COUNTY,203,39 Years,814,385,429,541,249,292,144,68,76,4,1,3,11,7,4,114,60,54
HARRISON COUNTY,203,40 Years,792,373,419,505,242,263,151,67,84,5,1,4,9,5,4,122,58,64
HARRISON COUNTY,203,41 Years,756,380,376,482,253,229,152,69,83,6,2,4,7,3,4,109,53,56
HARRISON COUNTY,203,42 Years,766,404,362,496,267,229,145,70,75,5,2,3,7,3,4,113,62,51
HARRISON COUNTY,203,43 Years,718,368,350,467,233,234,124,65,59,4,2,2,12,3,9,111,65,46
HARRISON COUNTY,203,44 Years,769,372,397,518,248,270,130,63,67,9,6,3,12,6,6,100,49,51
HARRISON COUNTY,203,45 Years,823,415,408,550,271,279,142,73,69,11,4,7,15,7,8,105,60,45
HARRISON COUNTY,203,46 Years,868,424,444,586,294,292,161,67,94,6,3,3,15,6,9,100,54,46
HARRISON COUNTY,203,47 Years,884,438,446,601,301,300,159,72,87,9,3,6,9,4,5,106,58,48
HARRISON COUNTY,203,48 Years,783,380,403,527,262,265,146,59,87,10,5,5,7,4,3,93,50,43
HARRISON COUNTY,203,49 Years,713,348,365,490,243,247,133,53,80,6,4,2,11,6,5,73,42,31
HARRISON COUNTY,203,50 Years,712,338,374,483,232,251,132,59,73,4,0,4,9,3,6,84,44,40
HARRISON COUNTY,203,51 Years,726,335,391,485,221,264,150,65,85,3,0,3,6,3,3,82,46,36
HARRISON COUNTY,203,52 Years,864,400,464,591,271,320,175,73,102,1,0,1,7,2,5,90,54,36
HARRISON COUNTY,203,53 Years,875,394,481,601,268,333,175,72,103,3,1,2,10,3,7,86,50,36
HARRISON COUNTY,203,54 Years,931,447,484,643,309,334,197,90,107,5,3,2,10,5,5,76,40,36
HARRISON COUNTY,203,55 Years,904,459,445,636,326,310,179,81,98,5,3,2,14,8,6,70,41,29
HARRISON COUNTY,203,56 Years,918,479,439,656,344,312,192,94,98,3,1,2,11,6,5,56,34,22
HARRISON COUNTY,203,57 Years,894,449,445,637,322,315,188,84,104,3,2,1,9,6,3,57,35,22
HARRISON COUNTY,203,58 Years,895,448,447,660,327,333,173,85,88,1,0,1,11,4,7,50,32,18
HARRISON COUNTY,203,59 Years,956,488,468,669,329,340,193,102,91,5,2,3,16,9,7,73,46,27
HARRISON COUNTY,203,60 Years,927,469,458,678,339,339,175,88,87,6,3,3,18,7,11,50,32,18
HARRISON COUNTY,203,61 Years,873,423,450,631,304,327,174,81,93,6,5,1,14,8,6,48,25,23
HARRISON COUNTY,203,62 Years,861,415,446,626,294,332,166,79,87,7,4,3,17,7,10,45,31,14
HARRISON COUNTY,203,63 Years,812,373,439,601,269,332,153,73,80,6,3,3,13,7,6,39,21,18
HARRISON COUNTY,203,64 Years,782,348,434,570,247,323,159,72,87,3,2,1,12,5,7,38,22,16
HARRISON COUNTY,203,65 Years,750,344,406,547,255,292,155,66,89,4,1,3,17,7,10,27,15,12
HARRISON COUNTY,203,66 Years,714,321,393,518,232,286,157,74,83,3,0,3,12,6,6,24,9,15
HARRISON COUNTY,203,67 Years,724,346,378,527,247,280,160,82,78,2,1,1,12,8,4,23,8,15
HARRISON COUNTY,203,68 Years,727,330,397,543,251,292,146,63,83,4,1,3,13,7,6,21,8,13
HARRISON COUNTY,203,69 Years,743,360,383,558,279,279,148,64,84,3,0,3,12,8,4,22,9,13
HARRISON COUNTY,203,70 Years,723,343,380,549,263,286,130,57,73,5,3,2,17,10,7,22,10,12
HARRISON COUNTY,203,71 Years,612,300,312,466,233,233,113,47,66,4,3,1,9,6,3,20,11,9
HARRISON COUNTY,203,72 Years,559,255,304,416,193,223,117,48,69,1,1,0,9,5,4,16,8,8
HARRISON COUNTY,203,73 Years,507,239,268,387,188,199,100,41,59,1,0,1,6,2,4,13,8,5
HARRISON COUNTY,203,74 Years,508,251,257,386,194,192,99,42,57,2,1,1,6,5,1,15,9,6
HARRISON COUNTY,203,75 Years,466,213,253,358,168,190,88,36,52,5,1,4,6,4,2,9,4,5
HARRISON COUNTY,203,76 Years,404,182,222,315,141,174,76,33,43,2,1,1,3,1,2,8,6,2
HARRISON COUNTY,203,77 Years,390,179,211,302,138,164,76,35,41,1,0,1,5,3,2,6,3,3
HARRISON COUNTY,203,78 Years,359,162,197,279,132,147,66,22,44,2,0,2,6,3,3,6,5,1
HARRISON COUNTY,203,79 Years,327,144,183,259,115,144,56,22,34,2,1,1,3,2,1,7,4,3
HARRISON COUNTY,203,80 Years,302,123,179,229,95,134,59,22,37,2,0,2,4,3,1,8,3,5
HARRISON COUNTY,203,81 Years,291,115,176,227,93,134,53,18,35,0,0,0,2,0,2,9,4,5
HARRISON COUNTY,203,82 Years,254,108,146,198,89,109,47,16,31,2,1,1,1,0,1,6,2,4
HARRISON COUNTY,203,83 Years,225,85,140,179,71,108,41,13,28,2,1,1,1,0,1,2,0,2
HARRISON COUNTY,203,84 Years,221,81,140,173,71,102,42,9,33,0,0,0,2,1,1,4,0,4
HARRISON COUNTY,203,85 Years,188,72,116,148,58,90,32,10,22,2,1,1,2,1,1,4,2,2
HARRISON COUNTY,203,86 Years,179,68,111,136,55,81,38,11,27,0,0,0,2,1,1,3,1,2
HARRISON COUNTY,203,87 Years,165,62,103,127,49,78,33,10,23,0,0,0,2,1,1,3,2,1
HARRISON COUNTY,203,88 Years,135,51,84,106,40,66,24,8,16,1,0,1,2,1,1,2,2,0
HARRISON COUNTY,203,89 Years,118,42,76,85,32,53,27,8,19,1,0,1,1,1,0,4,1,3
HARRISON COUNTY,203,90 Years,96,30,66,67,22,45,24,7,17,0,0,0,1,0,1,4,1,3
HARRISON COUNTY,203,91 Years,80,30,50,55,21,34,22,7,15,0,0,0,1,0,1,2,2,0
HARRISON COUNTY,203,92 Years,65,21,44,46,15,31,16,4,12,0,0,0,2,1,1,1,1,0
HARRISON COUNTY,203,93 Years,45,13,32,30,8,22,13,4,9,0,0,0,1,1,0,1,0,1
HARRISON COUNTY,203,94 Years,40,11,29,27,8,19,12,2,10,1,1,0,0,0,0,0,0,0
HARRISON COUNTY,203,95 Years +,107,24,83,65,16,49,38,8,30,1,0,1,1,0,1,2,0,2
HARTLEY COUNTY,205,All Ages,6184,3824,2360,4016,2230,1786,439,432,7,32,19,13,60,28,32,1637,1115,522
HARTLEY COUNTY,205,< 1 Year,64,38,26,40,24,16,0,0,0,0,0,0,1,1,0,23,13,10
HARTLEY COUNTY,205,1 Years,63,35,28,36,20,16,0,0,0,0,0,0,2,1,1,25,14,11
HARTLEY COUNTY,205,2 Years,58,33,25,37,21,16,0,0,0,0,0,0,0,0,0,21,12,9
HARTLEY COUNTY,205,3 Years,61,32,29,35,18,17,0,0,0,0,0,0,1,0,1,25,14,11
HARTLEY COUNTY,205,4 Years,65,32,33,40,19,21,0,0,0,0,0,0,1,0,1,24,13,11
HARTLEY COUNTY,205,5 Years,62,31,31,38,18,20,0,0,0,0,0,0,1,1,0,23,12,11
HARTLEY COUNTY,205,6 Years,58,30,28,36,17,19,0,0,0,2,1,1,1,1,0,19,11,8
HARTLEY COUNTY,205,7 Years,58,35,23,35,21,14,1,0,1,1,1,0,1,1,0,20,12,8
HARTLEY COUNTY,205,8 Years,64,35,29,40,23,17,1,0,1,0,0,0,1,1,0,22,11,11
HARTLEY COUNTY,205,9 Years,67,39,28,49,28,21,0,0,0,0,0,0,1,0,1,17,11,6
HARTLEY COUNTY,205,10 Years,74,39,35,52,29,23,0,0,0,0,0,0,1,0,1,21,10,11
HARTLEY COUNTY,205,11 Years,79,36,43,53,25,28,0,0,0,0,0,0,1,0,1,25,11,14
HARTLEY COUNTY,205,12 Years,81,40,41,50,27,23,0,0,0,0,0,0,1,0,1,30,13,17
HARTLEY COUNTY,205,13 Years,80,39,41,52,26,26,0,0,0,0,0,0,1,0,1,27,13,14
HARTLEY COUNTY,205,14 Years,80,43,37,50,27,23,0,0,0,0,0,0,1,1,0,29,15,14
HARTLEY COUNTY,205,15 Years,80,37,43,51,26,25,0,0,0,1,0,1,1,1,0,27,10,17
HARTLEY COUNTY,205,16 Years,72,36,36,46,28,18,0,0,0,1,0,1,1,0,1,24,8,16
HARTLEY COUNTY,205,17 Years,72,34,38,52,25,27,0,0,0,0,0,0,1,1,0,19,8,11
HARTLEY COUNTY,205,18 Years,77,35,42,49,20,29,1,0,1,2,1,1,1,1,0,24,13,11
HARTLEY COUNTY,205,19 Years,58,33,25,35,19,16,1,1,0,0,0,0,1,0,1,21,13,8
HARTLEY COUNTY,205,20 Years,53,32,21,32,18,14,2,2,0,0,0,0,2,2,0,17,10,7
HARTLEY COUNTY,205,21 Years,61,31,30,35,18,17,1,1,0,1,0,1,1,1,0,23,11,12
HARTLEY COUNTY,205,22 Years,49,22,27,29,13,16,1,1,0,1,1,0,1,0,1,17,7,10
HARTLEY COUNTY,205,23 Years,67,27,40,44,17,27,1,1,0,0,0,0,2,1,1,20,8,12
HARTLEY COUNTY,205,24 Years,68,30,38,49,18,31,0,0,0,1,1,0,0,0,0,18,11,7
HARTLEY COUNTY,205,25 Years,68,40,28,45,23,22,1,1,0,1,1,0,2,1,1,19,14,5
HARTLEY COUNTY,205,26 Years,75,55,20,33,19,14,10,10,0,1,1,0,1,1,0,30,24,6
HARTLEY COUNTY,205,27 Years,84,69,15,33,26,7,14,14,0,1,1,0,2,0,2,34,28,6
HARTLEY COUNTY,205,28 Years,75,57,18,43,31,12,8,8,0,0,0,0,2,0,2,22,18,4
HARTLEY COUNTY,205,29 Years,93,73,20,42,30,12,22,22,0,0,0,0,1,0,1,28,21,7
HARTLEY COUNTY,205,30 Years,92,71,21,41,30,11,15,15,0,2,1,1,1,1,0,33,24,9
HARTLEY COUNTY,205,31 Years,81,64,17,38,26,12,14,14,0,1,1,0,1,1,0,27,22,5
HARTLEY COUNTY,205,32 Years,84,61,23,44,28,16,13,13,0,0,0,0,2,1,1,25,19,6
HARTLEY COUNTY,205,33 Years,99,73,26,48,29,19,17,17,0,1,0,1,0,0,0,33,27,6
HARTLEY COUNTY,205,34 Years,99,82,17,49,35,14,14,14,0,1,0,1,1,1,0,34,32,2
HARTLEY COUNTY,205,35 Years,104,88,16,53,42,11,14,14,0,2,0,2,0,0,0,35,32,3
HARTLEY COUNTY,205,36 Years,109,83,26,52,37,15,16,16,0,1,1,0,1,1,0,39,28,11
HARTLEY COUNTY,205,37 Years,93,68,25,47,31,16,12,12,0,1,1,0,0,0,0,33,24,9
HARTLEY COUNTY,205,38 Years,92,67,25,43,27,16,17,16,1,2,2,0,0,0,0,30,22,8
HARTLEY COUNTY,205,39 Years,109,76,33,52,27,25,24,22,2,1,1,0,0,0,0,32,26,6
HARTLEY COUNTY,205,40 Years,102,74,28,50,30,20,13,13,0,1,1,0,1,1,0,37,29,8
HARTLEY COUNTY,205,41 Years,102,74,28,49,31,18,16,16,0,0,0,0,1,0,1,36,27,9
HARTLEY COUNTY,205,42 Years,117,95,22,59,43,16,16,16,0,0,0,0,0,0,0,42,36,6
HARTLEY COUNTY,205,43 Years,112,80,32,58,38,20,14,14,0,0,0,0,0,0,0,40,28,12
HARTLEY COUNTY,205,44 Years,120,82,38,65,38,27,19,19,0,0,0,0,0,0,0,36,25,11
HARTLEY COUNTY,205,45 Years,123,82,41,70,38,32,15,15,0,0,0,0,0,0,0,38,29,9
HARTLEY COUNTY,205,46 Years,120,87,33,64,36,28,17,17,0,0,0,0,0,0,0,39,34,5
HARTLEY COUNTY,205,47 Years,111,78,33,64,38,26,9,9,0,1,1,0,0,0,0,37,30,7
HARTLEY COUNTY,205,48 Years,103,75,28,63,42,21,12,12,0,0,0,0,0,0,0,28,21,7
HARTLEY COUNTY,205,49 Years,105,77,28,69,47,22,10,10,0,1,1,0,0,0,0,25,19,6
HARTLEY COUNTY,205,50 Years,100,73,27,66,41,25,9,9,0,0,0,0,0,0,0,25,23,2
HARTLEY COUNTY,205,51 Years,90,62,28,56,31,25,12,12,0,2,1,1,0,0,0,20,18,2
HARTLEY COUNTY,205,52 Years,98,71,27,56,36,20,12,12,0,1,0,1,0,0,0,29,23,6
HARTLEY COUNTY,205,53 Years,94,67,27,59,36,23,15,15,0,0,0,0,2,1,1,18,15,3
HARTLEY COUNTY,205,54 Years,93,64,29,63,39,24,2,2,0,0,0,0,2,1,1,26,22,4
HARTLEY COUNTY,205,55 Years,85,52,33,64,36,28,6,6,0,0,0,0,1,0,1,14,10,4
HARTLEY COUNTY,205,56 Years,84,47,37,68,35,33,0,0,0,0,0,0,0,0,0,16,12,4
HARTLEY COUNTY,205,57 Years,80,54,26,64,40,24,6,6,0,0,0,0,0,0,0,10,8,2
HARTLEY COUNTY,205,58 Years,68,39,29,59,33,26,2,2,0,0,0,0,0,0,0,7,4,3
HARTLEY COUNTY,205,59 Years,69,39,30,53,28,25,5,5,0,0,0,0,0,0,0,11,6,5
HARTLEY COUNTY,205,60 Years,55,29,26,49,25,24,1,1,0,0,0,0,0,0,0,5,3,2
HARTLEY COUNTY,205,61 Years,55,32,23,50,27,23,2,2,0,0,0,0,0,0,0,3,3,0
HARTLEY COUNTY,205,62 Years,49,27,22,47,25,22,0,0,0,0,0,0,0,0,0,2,2,0
HARTLEY COUNTY,205,63 Years,53,26,27,46,21,25,1,1,0,0,0,0,1,0,1,5,4,1
HARTLEY COUNTY,205,64 Years,47,24,23,36,17,19,0,0,0,1,0,1,1,1,0,9,6,3
HARTLEY COUNTY,205,65 Years,47,24,23,41,22,19,1,0,1,0,0,0,2,1,1,3,1,2
HARTLEY COUNTY,205,66 Years,37,17,20,35,16,19,0,0,0,0,0,0,0,0,0,2,1,1
HARTLEY COUNTY,205,67 Years,40,20,20,37,19,18,0,0,0,0,0,0,0,0,0,3,1,2
HARTLEY COUNTY,205,68 Years,41,22,19,36,20,16,0,0,0,0,0,0,2,0,2,3,2,1
HARTLEY COUNTY,205,69 Years,50,22,28,44,21,23,0,0,0,0,0,0,1,0,1,5,1,4
HARTLEY COUNTY,205,70 Years,56,26,30,50,24,26,0,0,0,0,0,0,1,1,0,5,1,4
HARTLEY COUNTY,205,71 Years,40,19,21,36,16,20,0,0,0,0,0,0,0,0,0,4,3,1
HARTLEY COUNTY,205,72 Years,36,19,17,33,16,17,1,1,0,0,0,0,0,0,0,2,2,0
HARTLEY COUNTY,205,73 Years,40,18,22,37,17,20,0,0,0,0,0,0,1,0,1,2,1,1
HARTLEY COUNTY,205,74 Years,41,17,24,38,15,23,1,1,0,0,0,0,1,0,1,1,1,0
HARTLEY COUNTY,205,75 Years,55,30,25,52,28,24,0,0,0,0,0,0,1,0,1,2,2,0
HARTLEY COUNTY,205,76 Years,56,25,31,52,22,30,0,0,0,0,0,0,0,0,0,4,3,1
HARTLEY COUNTY,205,77 Years,46,23,23,43,21,22,0,0,0,0,0,0,0,0,0,3,2,1
HARTLEY COUNTY,205,78 Years,32,15,17,28,13,15,0,0,0,0,0,0,0,0,0,4,2,2
HARTLEY COUNTY,205,79 Years,35,16,19,34,16,18,0,0,0,0,0,0,0,0,0,1,0,1
HARTLEY COUNTY,205,80 Years,35,13,22,32,13,19,0,0,0,0,0,0,0,0,0,3,0,3
HARTLEY COUNTY,205,81 Years,31,13,18,29,12,17,0,0,0,0,0,0,0,0,0,2,1,1
HARTLEY COUNTY,205,82 Years,27,13,14,26,12,14,1,1,0,0,0,0,0,0,0,0,0,0
HARTLEY COUNTY,205,83 Years,26,12,14,25,11,14,1,1,0,0,0,0,0,0,0,0,0,0
HARTLEY COUNTY,205,84 Years,17,7,10,16,7,9,0,0,0,0,0,0,0,0,0,1,0,1
HARTLEY COUNTY,205,85 Years,20,10,10,17,8,9,0,0,0,0,0,0,0,0,0,3,2,1
HARTLEY COUNTY,205,86 Years,17,10,7,16,9,7,0,0,0,0,0,0,0,0,0,1,1,0
HARTLEY COUNTY,205,87 Years,18,7,11,17,7,10,0,0,0,0,0,0,1,0,1,0,0,0
HARTLEY COUNTY,205,88 Years,12,6,6,11,5,6,0,0,0,0,0,0,1,1,0,0,0,0
HARTLEY COUNTY,205,89 Years,11,4,7,10,4,6,0,0,0,0,0,0,0,0,0,1,0,1
HARTLEY COUNTY,205,90 Years,10,5,5,9,4,5,0,0,0,0,0,0,0,0,0,1,1,0
HARTLEY COUNTY,205,91 Years,8,4,4,6,3,3,0,0,0,0,0,0,0,0,0,2,1,1
HARTLEY COUNTY,205,92 Years,6,4,2,6,4,2,0,0,0,0,0,0,0,0,0,0,0,0
HARTLEY COUNTY,205,93 Years,7,2,5,6,2,4,0,0,0,0,0,0,0,0,0,1,0,1
HARTLEY COUNTY,205,94 Years,5,3,2,4,2,2,0,0,0,0,0,0,0,0,0,1,1,0
HARTLEY COUNTY,205,95 Years +,19,7,12,15,4,11,0,0,0,0,0,0,0,0,0,4,3,1
HASKELL COUNTY,207,All Ages,5696,3046,2650,3691,1919,1772,210,126,84,32,21,11,111,66,45,1652,914,738
HASKELL COUNTY,207,< 1 Year,56,27,29,24,11,13,0,0,0,0,0,0,4,3,1,28,13,15
HASKELL COUNTY,207,1 Years,62,33,29,27,14,13,3,2,1,0,0,0,2,2,0,30,15,15
HASKELL COUNTY,207,2 Years,62,29,33,29,14,15,0,0,0,0,0,0,1,1,0,32,14,18
HASKELL COUNTY,207,3 Years,66,31,35,30,14,16,4,1,3,0,0,0,3,2,1,29,14,15
HASKELL COUNTY,207,4 Years,59,26,33,25,11,14,4,2,2,0,0,0,0,0,0,30,13,17
HASKELL COUNTY,207,5 Years,60,28,32,27,14,13,4,1,3,0,0,0,1,0,1,28,13,15
HASKELL COUNTY,207,6 Years,62,30,32,26,14,12,3,1,2,0,0,0,2,1,1,31,14,17
HASKELL COUNTY,207,7 Years,85,38,47,41,17,24,3,0,3,0,0,0,1,0,1,40,21,19
HASKELL COUNTY,207,8 Years,62,32,30,28,12,16,2,1,1,0,0,0,3,3,0,29,16,13
HASKELL COUNTY,207,9 Years,61,33,28,31,17,14,2,2,0,0,0,0,4,3,1,24,11,13
HASKELL COUNTY,207,10 Years,58,28,30,30,15,15,0,0,0,0,0,0,3,2,1,25,11,14
HASKELL COUNTY,207,11 Years,52,30,22,23,12,11,2,2,0,0,0,0,3,3,0,24,13,11
HASKELL COUNTY,207,12 Years,62,33,29,34,18,16,2,1,1,0,0,0,1,1,0,25,13,12
HASKELL COUNTY,207,13 Years,61,32,29,31,18,13,2,1,1,0,0,0,2,0,2,26,13,13
HASKELL COUNTY,207,14 Years,68,31,37,42,23,19,2,1,1,0,0,0,3,0,3,21,7,14
HASKELL COUNTY,207,15 Years,73,38,35,35,15,20,5,3,2,0,0,0,2,1,1,31,19,12
HASKELL COUNTY,207,16 Years,62,36,26,24,13,11,3,1,2,0,0,0,1,1,0,34,21,13
HASKELL COUNTY,207,17 Years,65,37,28,36,20,16,4,1,3,0,0,0,4,4,0,21,12,9
HASKELL COUNTY,207,18 Years,76,43,33,37,20,17,3,1,2,1,1,0,1,1,0,34,20,14
HASKELL COUNTY,207,19 Years,60,39,21,26,14,12,2,2,0,1,1,0,1,1,0,30,21,9
HASKELL COUNTY,207,20 Years,68,43,25,34,20,14,4,3,1,0,0,0,1,0,1,29,20,9
HASKELL COUNTY,207,21 Years,78,48,30,40,26,14,7,4,3,0,0,0,2,2,0,29,16,13
HASKELL COUNTY,207,22 Years,82,49,33,42,23,19,4,2,2,0,0,0,5,4,1,31,20,11
HASKELL COUNTY,207,23 Years,81,43,38,47,24,23,4,2,2,2,2,0,5,3,2,23,12,11
HASKELL COUNTY,207,24 Years,89,43,46,63,33,30,0,0,0,1,0,1,4,1,3,21,9,12
HASKELL COUNTY,207,25 Years,87,45,42,53,27,26,3,2,1,0,0,0,1,0,1,30,16,14
HASKELL COUNTY,207,26 Years,90,53,37,54,31,23,1,1,0,1,1,0,0,0,0,34,20,14
HASKELL COUNTY,207,27 Years,88,57,31,53,30,23,5,5,0,0,0,0,0,0,0,30,22,8
HASKELL COUNTY,207,28 Years,74,49,25,49,32,17,4,3,1,0,0,0,0,0,0,21,14,7
HASKELL COUNTY,207,29 Years,78,57,21,50,37,13,2,2,0,0,0,0,3,1,2,23,17,6
HASKELL COUNTY,207,30 Years,70,52,18,41,29,12,2,1,1,0,0,0,2,1,1,25,21,4
HASKELL COUNTY,207,31 Years,67,46,21,44,29,15,2,2,0,0,0,0,2,1,1,19,14,5
HASKELL COUNTY,207,32 Years,60,34,26,38,21,17,3,1,2,1,1,0,2,1,1,16,10,6
HASKELL COUNTY,207,33 Years,68,37,31,45,23,22,2,2,0,2,2,0,1,1,0,18,9,9
HASKELL COUNTY,207,34 Years,60,39,21,37,21,16,3,3,0,1,1,0,1,1,0,18,13,5
HASKELL COUNTY,207,35 Years,63,40,23,36,19,17,3,3,0,0,0,0,1,1,0,23,17,6
HASKELL COUNTY,207,36 Years,60,40,20,38,22,16,5,4,1,0,0,0,1,1,0,16,13,3
HASKELL COUNTY,207,37 Years,71,43,28,51,31,20,3,2,1,0,0,0,1,1,0,16,9,7
HASKELL COUNTY,207,38 Years,71,43,28,48,27,21,3,3,0,1,1,0,1,0,1,18,12,6
HASKELL COUNTY,207,39 Years,63,40,23,41,23,18,1,1,0,2,2,0,1,1,0,18,13,5
HASKELL COUNTY,207,40 Years,62,39,23,38,24,14,3,3,0,1,0,1,0,0,0,20,12,8
HASKELL COUNTY,207,41 Years,66,39,27,41,23,18,2,2,0,2,1,1,0,0,0,21,13,8
HASKELL COUNTY,207,42 Years,67,36,31,40,20,20,2,1,1,1,1,0,1,0,1,23,14,9
HASKELL COUNTY,207,43 Years,56,32,24,37,21,16,5,4,1,0,0,0,0,0,0,14,7,7
HASKELL COUNTY,207,44 Years,57,34,23,43,26,17,3,2,1,1,1,0,0,0,0,10,5,5
HASKELL COUNTY,207,45 Years,46,24,22,31,18,13,3,2,1,0,0,0,0,0,0,12,4,8
HASKELL COUNTY,207,46 Years,49,24,25,31,18,13,2,1,1,1,1,0,1,0,1,14,4,10
HASKELL COUNTY,207,47 Years,63,32,31,42,23,19,2,0,2,2,2,0,1,1,0,16,6,10
HASKELL COUNTY,207,48 Years,55,33,22,35,23,12,3,2,1,0,0,0,1,1,0,16,7,9
HASKELL COUNTY,207,49 Years,58,31,27,33,16,17,4,2,2,0,0,0,2,1,1,19,12,7
HASKELL COUNTY,207,50 Years,54,29,25,32,18,14,4,2,2,0,0,0,1,0,1,17,9,8
HASKELL COUNTY,207,51 Years,58,30,28,38,21,17,3,2,1,1,0,1,0,0,0,16,7,9
HASKELL COUNTY,207,52 Years,63,33,30,44,23,21,2,2,0,0,0,0,0,0,0,17,8,9
HASKELL COUNTY,207,53 Years,72,39,33,54,26,28,3,3,0,0,0,0,0,0,0,15,10,5
HASKELL COUNTY,207,54 Years,81,40,41,57,29,28,4,1,3,1,0,1,1,0,1,18,10,8
HASKELL COUNTY,207,55 Years,87,42,45,63,31,32,2,1,1,1,0,1,1,0,1,20,10,10
HASKELL COUNTY,207,56 Years,80,38,42,59,27,32,3,1,2,0,0,0,1,0,1,17,10,7
HASKELL COUNTY,207,57 Years,88,40,48,67,27,40,3,2,1,0,0,0,1,1,0,17,10,7
HASKELL COUNTY,207,58 Years,77,38,39,54,28,26,2,1,1,1,1,0,0,0,0,20,8,12
HASKELL COUNTY,207,59 Years,66,39,27,46,27,19,2,2,0,2,1,1,0,0,0,16,9,7
HASKELL COUNTY,207,60 Years,76,43,33,58,31,27,2,2,0,0,0,0,1,1,0,15,9,6
HASKELL COUNTY,207,61 Years,81,36,45,60,22,38,2,1,1,1,1,0,2,1,1,16,11,5
HASKELL COUNTY,207,62 Years,89,40,49,68,27,41,2,1,1,1,0,1,2,1,1,16,11,5
HASKELL COUNTY,207,63 Years,69,39,30,52,27,25,3,2,1,0,0,0,0,0,0,14,10,4
HASKELL COUNTY,207,64 Years,79,48,31,62,38,24,1,1,0,0,0,0,1,0,1,15,9,6
HASKELL COUNTY,207,65 Years,74,45,29,62,38,24,1,1,0,0,0,0,0,0,0,11,6,5
HASKELL COUNTY,207,66 Years,80,42,38,62,32,30,1,1,0,0,0,0,1,0,1,16,9,7
HASKELL COUNTY,207,67 Years,77,38,39,60,29,31,3,2,1,0,0,0,1,1,0,13,6,7
HASKELL COUNTY,207,68 Years,68,34,34,48,25,23,1,0,1,1,0,1,2,1,1,16,8,8
HASKELL COUNTY,207,69 Years,65,30,35,51,24,27,2,1,1,0,0,0,0,0,0,12,5,7
HASKELL COUNTY,207,70 Years,64,27,37,46,18,28,3,2,1,0,0,0,2,1,1,13,6,7
HASKELL COUNTY,207,71 Years,46,22,24,33,15,18,1,0,1,1,0,1,1,1,0,10,6,4
HASKELL COUNTY,207,72 Years,55,30,25,44,24,20,1,0,1,0,0,0,1,1,0,9,5,4
HASKELL COUNTY,207,73 Years,58,28,30,50,23,27,2,1,1,0,0,0,1,1,0,5,3,2
HASKELL COUNTY,207,74 Years,54,20,34,44,16,28,2,1,1,0,0,0,1,0,1,7,3,4
HASKELL COUNTY,207,75 Years,55,26,29,43,24,19,2,0,2,0,0,0,1,0,1,9,2,7
HASKELL COUNTY,207,76 Years,44,24,20,34,21,13,2,0,2,0,0,0,0,0,0,8,3,5
HASKELL COUNTY,207,77 Years,46,22,24,38,17,21,0,0,0,0,0,0,1,1,0,7,4,3
HASKELL COUNTY,207,78 Years,33,19,14,27,15,12,0,0,0,0,0,0,1,1,0,5,3,2
HASKELL COUNTY,207,79 Years,36,20,16,29,17,12,1,1,0,0,0,0,0,0,0,6,2,4
HASKELL COUNTY,207,80 Years,34,15,19,29,13,16,0,0,0,0,0,0,0,0,0,5,2,3
HASKELL COUNTY,207,81 Years,41,19,22,35,15,20,1,1,0,0,0,0,0,0,0,5,3,2
HASKELL COUNTY,207,82 Years,40,17,23,31,13,18,1,1,0,0,0,0,0,0,0,8,3,5
HASKELL COUNTY,207,83 Years,34,12,22,28,12,16,0,0,0,1,0,1,0,0,0,5,0,5
HASKELL COUNTY,207,84 Years,33,15,18,28,11,17,1,1,0,0,0,0,1,1,0,3,2,1
HASKELL COUNTY,207,85 Years,28,12,16,23,8,15,0,0,0,0,0,0,0,0,0,5,4,1
HASKELL COUNTY,207,86 Years,26,11,15,21,9,12,1,0,1,0,0,0,0,0,0,4,2,2
HASKELL COUNTY,207,87 Years,26,11,15,22,10,12,0,0,0,0,0,0,0,0,0,4,1,3
HASKELL COUNTY,207,88 Years,23,8,15,20,8,12,0,0,0,0,0,0,1,0,1,2,0,2
HASKELL COUNTY,207,89 Years,21,10,11,17,8,9,0,0,0,0,0,0,0,0,0,4,2,2
HASKELL COUNTY,207,90 Years,19,9,10,16,8,8,0,0,0,0,0,0,0,0,0,3,1,2
HASKELL COUNTY,207,91 Years,16,7,9,12,5,7,0,0,0,0,0,0,2,1,1,2,1,1
HASKELL COUNTY,207,92 Years,17,5,12,12,4,8,2,0,2,0,0,0,1,0,1,2,1,1
HASKELL COUNTY,207,93 Years,13,6,7,10,4,6,1,0,1,0,0,0,0,0,0,2,2,0
HASKELL COUNTY,207,94 Years,10,4,6,6,2,4,1,0,1,0,0,0,0,0,0,3,2,1
HASKELL COUNTY,207,95 Years +,21,5,16,15,3,12,2,1,1,0,0,0,0,0,0,4,1,3
HAYS COUNTY,209,All Ages,210805,104892,105913,115600,57102,58498,5705,3094,2611,3064,1413,1651,4790,2408,2382,81646,40875,40771
HAYS COUNTY,209,< 1 Year,2393,1218,1175,965,496,469,55,23,32,24,13,11,103,54,49,1246,632,614
HAYS COUNTY,209,1 Years,2463,1254,1209,997,509,488,53,24,29,27,14,13,107,53,54,1279,654,625
HAYS COUNTY,209,2 Years,2486,1286,1200,1034,542,492,52,24,28,26,14,12,104,57,47,1270,649,621
HAYS COUNTY,209,3 Years,2452,1280,1172,1018,533,485,47,24,23,29,15,14,106,56,50,1252,652,600
HAYS COUNTY,209,4 Years,2396,1246,1150,1003,520,483,43,23,20,30,17,13,102,59,43,1218,627,591
HAYS COUNTY,209,5 Years,2379,1217,1162,986,504,482,43,22,21,29,17,12,101,56,45,1220,618,602
HAYS COUNTY,209,6 Years,2460,1238,1222,1023,517,506,43,22,21,31,19,12,92,49,43,1271,631,640
HAYS COUNTY,209,7 Years,2462,1254,1208,1002,501,501,39,27,12,30,19,11,85,42,43,1306,665,641
HAYS COUNTY,209,8 Years,2774,1403,1371,1137,576,561,52,27,25,37,15,22,81,35,46,1467,750,717
HAYS COUNTY,209,9 Years,2802,1392,1410,1140,572,568,69,28,41,24,13,11,77,45,32,1492,734,758
HAYS COUNTY,209,10 Years,2833,1441,1392,1154,609,545,54,30,24,25,13,12,90,49,41,1510,740,770
HAYS COUNTY,209,11 Years,2867,1488,1379,1205,640,565,61,33,28,27,5,22,110,60,50,1464,750,714
HAYS COUNTY,209,12 Years,2909,1494,1415,1245,635,610,65,37,28,29,13,16,82,36,46,1488,773,715
HAYS COUNTY,209,13 Years,2939,1453,1486,1311,641,670,54,33,21,24,7,17,90,46,44,1460,726,734
HAYS COUNTY,209,14 Years,2993,1546,1447,1275,678,597,64,30,34,30,12,18,99,50,49,1525,776,749
HAYS COUNTY,209,15 Years,2952,1510,1442,1281,659,622,65,35,30,31,5,26,95,48,47,1480,763,717
HAYS COUNTY,209,16 Years,3089,1545,1544,1346,671,675,72,33,39,44,20,24,108,47,61,1519,774,745
HAYS COUNTY,209,17 Years,3162,1666,1496,1339,718,621,71,35,36,55,32,23,90,42,48,1607,839,768
HAYS COUNTY,209,18 Years,4773,2311,2462,2325,1124,1201,176,90,86,65,35,30,133,70,63,2074,992,1082
HAYS COUNTY,209,19 Years,5859,2701,3158,2709,1241,1468,220,97,123,59,38,21,156,65,91,2715,1260,1455
HAYS COUNTY,209,20 Years,5856,2726,3130,2763,1271,1492,202,101,101,47,27,20,135,63,72,2709,1264,1445
HAYS COUNTY,209,21 Years,5736,2822,2914,2753,1335,1418,221,118,103,66,43,23,127,65,62,2569,1261,1308
HAYS COUNTY,209,22 Years,5037,2633,2404,2553,1276,1277,183,97,86,76,47,29,143,68,75,2082,1145,937
HAYS COUNTY,209,23 Years,4761,2511,2250,2328,1181,1147,184,93,91,74,36,38,110,57,53,2065,1144,921
HAYS COUNTY,209,24 Years,4024,2169,1855,2082,1057,1025,172,102,70,68,39,29,95,51,44,1607,920,687
HAYS COUNTY,209,25 Years,2526,1344,1182,929,453,476,88,49,39,68,33,35,96,47,49,1345,762,583
HAYS COUNTY,209,26 Years,2673,1322,1351,1496,699,797,109,54,55,67,36,31,72,37,35,929,496,433
HAYS COUNTY,209,27 Years,2788,1389,1399,1780,820,960,114,61,53,39,17,22,88,49,39,767,442,325
HAYS COUNTY,209,28 Years,2903,1479,1424,1877,940,937,121,72,49,51,26,25,87,40,47,767,401,366
HAYS COUNTY,209,29 Years,2846,1468,1378,1761,960,801,97,57,40,74,38,36,66,37,29,848,376,472
HAYS COUNTY,209,30 Years,2489,1265,1224,1461,836,625,82,47,35,56,23,33,76,44,32,814,315,499
HAYS COUNTY,209,31 Years,2303,1177,1126,1149,657,492,57,40,17,48,22,26,55,36,19,994,422,572
HAYS COUNTY,209,32 Years,2947,1539,1408,1734,916,818,92,58,34,38,18,20,34,20,14,1049,527,522
HAYS COUNTY,209,33 Years,2852,1540,1312,1679,908,771,89,57,32,34,15,19,57,30,27,993,530,463
HAYS COUNTY,209,34 Years,2618,1402,1216,1522,816,706,83,52,31,43,23,20,60,23,37,910,488,422
HAYS COUNTY,209,35 Years,2574,1371,1203,1475,775,700,75,43,32,50,26,24,57,30,27,917,497,420
HAYS COUNTY,209,36 Years,2536,1359,1177,1442,776,666,77,46,31,73,33,40,44,25,19,900,479,421
HAYS COUNTY,209,37 Years,2708,1411,1297,1463,767,696,78,46,32,68,37,31,52,28,24,1047,533,514
HAYS COUNTY,209,38 Years,2490,1269,1221,1343,686,657,64,31,33,60,31,29,37,13,24,986,508,478
HAYS COUNTY,209,39 Years,2441,1235,1206,1298,656,642,75,50,25,52,25,27,35,11,24,981,493,488
HAYS COUNTY,209,40 Years,2493,1254,1239,1309,658,651,82,54,28,47,21,26,30,17,13,1025,504,521
HAYS COUNTY,209,41 Years,2499,1235,1264,1263,642,621,69,37,32,52,23,29,50,22,28,1065,511,554
HAYS COUNTY,209,42 Years,2584,1238,1346,1297,627,670,63,35,28,48,18,30,40,14,26,1136,544,592
HAYS COUNTY,209,43 Years,2512,1232,1280,1278,616,662,63,33,30,47,21,26,30,7,23,1094,555,539
HAYS COUNTY,209,44 Years,2518,1279,1239,1317,656,661,71,42,29,59,30,29,36,15,21,1035,536,499
HAYS COUNTY,209,45 Years,2595,1260,1335,1408,654,754,70,38,32,59,28,31,43,21,22,1015,519,496
HAYS COUNTY,209,46 Years,2766,1342,1424,1560,754,806,75,44,31,65,29,36,53,27,26,1013,488,525
HAYS COUNTY,209,47 Years,2657,1336,1321,1484,738,746,67,41,26,55,29,26,64,27,37,987,501,486
HAYS COUNTY,209,48 Years,2485,1245,1240,1356,694,662,61,34,27,52,27,25,52,22,30,964,468,496
HAYS COUNTY,209,49 Years,2420,1246,1174,1339,679,660,66,45,21,46,18,28,29,12,17,940,492,448
HAYS COUNTY,209,50 Years,2370,1194,1176,1342,668,674,60,40,20,30,6,24,31,10,21,907,470,437
HAYS COUNTY,209,51 Years,2401,1198,1203,1295,634,661,61,44,17,43,19,24,42,17,25,960,484,476
HAYS COUNTY,209,52 Years,2550,1252,1298,1482,726,756,58,30,28,52,17,35,35,22,13,923,457,466
HAYS COUNTY,209,53 Years,2525,1207,1318,1495,700,795,62,26,36,36,13,23,35,24,11,897,444,453
HAYS COUNTY,209,54 Years,2486,1210,1276,1504,704,800,52,29,23,38,21,17,49,26,23,843,430,413
HAYS COUNTY,209,55 Years,2539,1224,1315,1620,756,864,68,41,27,33,18,15,31,12,19,787,397,390
HAYS COUNTY,209,56 Years,2500,1178,1322,1660,744,916,61,35,26,33,17,16,28,17,11,718,365,353
HAYS COUNTY,209,57 Years,2497,1251,1246,1665,821,844,77,40,37,25,8,17,39,19,20,691,363,328
HAYS COUNTY,209,58 Years,2392,1204,1188,1596,805,791,71,44,27,24,5,19,41,21,20,660,329,331
HAYS COUNTY,209,59 Years,2375,1136,1239,1625,781,844,59,35,24,29,3,26,40,18,22,622,299,323
HAYS COUNTY,209,60 Years,2293,1087,1206,1581,747,834,48,28,20,28,4,24,40,20,20,596,288,308
HAYS COUNTY,209,61 Years,2250,1045,1205,1561,720,841,62,35,27,31,13,18,23,12,11,573,265,308
HAYS COUNTY,209,62 Years,2303,1083,1220,1632,766,866,59,30,29,26,7,19,33,18,15,553,262,291
HAYS COUNTY,209,63 Years,2145,1013,1132,1538,728,810,51,28,23,19,1,18,34,22,12,503,234,269
HAYS COUNTY,209,64 Years,2146,1011,1135,1540,738,802,45,25,20,19,2,17,40,23,17,502,223,279
HAYS COUNTY,209,65 Years,2030,987,1043,1460,708,752,39,25,14,30,10,20,26,13,13,475,231,244
HAYS COUNTY,209,66 Years,1939,927,1012,1404,673,731,39,20,19,31,13,18,28,10,18,437,211,226
HAYS COUNTY,209,67 Years,1865,916,949,1361,680,681,34,18,16,20,6,14,31,20,11,419,192,227
HAYS COUNTY,209,68 Years,1710,843,867,1233,610,623,36,20,16,17,3,14,27,21,6,397,189,208
HAYS COUNTY,209,69 Years,1730,836,894,1263,622,641,20,11,9,17,2,15,22,13,9,408,188,220
HAYS COUNTY,209,70 Years,1762,871,891,1315,657,658,15,7,8,10,3,7,24,18,6,398,186,212
HAYS COUNTY,209,71 Years,1421,703,718,1047,529,518,26,9,17,15,4,11,16,7,9,317,154,163
HAYS COUNTY,209,72 Years,1307,623,684,958,469,489,27,10,17,10,4,6,12,5,7,300,135,165
HAYS COUNTY,209,73 Years,1204,554,650,893,418,475,18,6,12,7,3,4,13,6,7,273,121,152
HAYS COUNTY,209,74 Years,1117,521,596,851,415,436,17,9,8,7,3,4,10,5,5,232,89,143
HAYS COUNTY,209,75 Years,971,444,527,730,345,385,19,7,12,14,10,4,7,2,5,201,80,121
HAYS COUNTY,209,76 Years,842,390,452,625,290,335,15,8,7,9,6,3,4,2,2,189,84,105
HAYS COUNTY,209,77 Years,780,346,434,590,259,331,14,9,5,5,2,3,9,4,5,162,72,90
HAYS COUNTY,209,78 Years,759,348,411,577,269,308,17,5,12,5,2,3,6,2,4,154,70,84
HAYS COUNTY,209,79 Years,718,338,380,541,260,281,16,4,12,5,1,4,6,3,3,150,70,80
HAYS COUNTY,209,80 Years,625,277,348,458,207,251,14,6,8,6,4,2,7,4,3,140,56,84
HAYS COUNTY,209,81 Years,574,246,328,420,184,236,14,7,7,5,1,4,7,4,3,128,50,78
HAYS COUNTY,209,82 Years,510,222,288,384,163,221,9,4,5,4,1,3,4,3,1,109,51,58
HAYS COUNTY,209,83 Years,458,190,268,350,148,202,9,3,6,3,1,2,4,2,2,92,36,56
HAYS COUNTY,209,84 Years,396,166,230,296,133,163,9,3,6,4,1,3,4,2,2,83,27,56
HAYS COUNTY,209,85 Years,364,152,212,276,114,162,10,4,6,4,2,2,4,1,3,70,31,39
HAYS COUNTY,209,86 Years,319,133,186,255,107,148,9,4,5,2,0,2,3,1,2,50,21,29
HAYS COUNTY,209,87 Years,293,115,178,230,95,135,6,2,4,1,0,1,3,1,2,53,17,36
HAYS COUNTY,209,88 Years,249,95,154,196,80,116,3,1,2,1,0,1,1,0,1,48,14,34
HAYS COUNTY,209,89 Years,218,81,137,169,62,107,4,2,2,1,0,1,1,1,0,43,16,27
HAYS COUNTY,209,90 Years,174,61,113,133,47,86,4,1,3,1,0,1,0,0,0,36,13,23
HAYS COUNTY,209,91 Years,134,43,91,98,34,64,5,3,2,1,0,1,2,0,2,28,6,22
HAYS COUNTY,209,92 Years,112,33,79,86,27,59,2,0,2,2,1,1,1,0,1,21,5,16
HAYS COUNTY,209,93 Years,99,28,71,76,21,55,2,0,2,0,0,0,1,0,1,20,7,13
HAYS COUNTY,209,94 Years,77,20,57,59,15,44,2,0,2,0,0,0,1,0,1,15,5,10
HAYS COUNTY,209,95 Years +,196,49,147,136,34,102,9,2,7,3,1,2,1,0,1,47,12,35
HEMPHILL COUNTY,211,All Ages,3982,1981,2001,2548,1235,1313,2,1,1,15,6,9,39,13,26,1378,726,652
HEMPHILL COUNTY,211,< 1 Year,43,25,18,21,12,9,0,0,0,0,0,0,0,0,0,22,13,9
HEMPHILL COUNTY,211,1 Years,52,29,23,24,13,11,0,0,0,0,0,0,0,0,0,28,16,12
HEMPHILL COUNTY,211,2 Years,58,31,27,28,16,12,0,0,0,0,0,0,1,0,1,29,15,14
HEMPHILL COUNTY,211,3 Years,67,35,32,30,16,14,0,0,0,0,0,0,1,0,1,36,19,17
HEMPHILL COUNTY,211,4 Years,63,37,26,29,17,12,0,0,0,0,0,0,0,0,0,34,20,14
HEMPHILL COUNTY,211,5 Years,68,38,30,30,17,13,0,0,0,0,0,0,0,0,0,38,21,17
HEMPHILL COUNTY,211,6 Years,70,40,30,31,19,12,0,0,0,0,0,0,0,0,0,39,21,18
HEMPHILL COUNTY,211,7 Years,57,31,26,23,14,9,0,0,0,0,0,0,0,0,0,34,17,17
HEMPHILL COUNTY,211,8 Years,77,49,28,32,23,9,0,0,0,0,0,0,1,0,1,44,26,18
HEMPHILL COUNTY,211,9 Years,83,41,42,43,26,17,0,0,0,1,1,0,1,0,1,38,14,24
HEMPHILL COUNTY,211,10 Years,91,40,51,47,22,25,0,0,0,0,0,0,0,0,0,44,18,26
HEMPHILL COUNTY,211,11 Years,73,32,41,38,13,25,0,0,0,0,0,0,1,0,1,34,19,15
HEMPHILL COUNTY,211,12 Years,73,34,39,47,21,26,0,0,0,0,0,0,1,0,1,25,13,12
HEMPHILL COUNTY,211,13 Years,69,40,29,38,24,14,0,0,0,0,0,0,1,0,1,30,16,14
HEMPHILL COUNTY,211,14 Years,89,39,50,42,19,23,0,0,0,0,0,0,0,0,0,47,20,27
HEMPHILL COUNTY,211,15 Years,68,30,38,37,18,19,0,0,0,0,0,0,0,0,0,31,12,19
HEMPHILL COUNTY,211,16 Years,60,27,33,32,12,20,0,0,0,0,0,0,0,0,0,28,15,13
HEMPHILL COUNTY,211,17 Years,73,34,39,41,18,23,0,0,0,0,0,0,1,1,0,31,15,16
HEMPHILL COUNTY,211,18 Years,56,25,31,31,15,16,0,0,0,0,0,0,0,0,0,25,10,15
HEMPHILL COUNTY,211,19 Years,48,20,28,24,10,14,0,0,0,0,0,0,0,0,0,24,10,14
HEMPHILL COUNTY,211,20 Years,41,19,22,25,10,15,0,0,0,0,0,0,0,0,0,16,9,7
HEMPHILL COUNTY,211,21 Years,35,20,15,18,11,7,0,0,0,0,0,0,2,0,2,15,9,6
HEMPHILL COUNTY,211,22 Years,54,31,23,26,12,14,0,0,0,0,0,0,0,0,0,28,19,9
HEMPHILL COUNTY,211,23 Years,56,25,31,32,13,19,0,0,0,0,0,0,2,0,2,22,12,10
HEMPHILL COUNTY,211,24 Years,55,22,33,34,14,20,0,0,0,0,0,0,1,0,1,20,8,12
HEMPHILL COUNTY,211,25 Years,50,18,32,29,14,15,0,0,0,0,0,0,0,0,0,21,4,17
HEMPHILL COUNTY,211,26 Years,46,24,22,32,16,16,0,0,0,0,0,0,0,0,0,14,8,6
HEMPHILL COUNTY,211,27 Years,36,23,13,19,9,10,0,0,0,0,0,0,0,0,0,17,14,3
HEMPHILL COUNTY,211,28 Years,40,20,20,25,12,13,0,0,0,0,0,0,1,0,1,14,8,6
HEMPHILL COUNTY,211,29 Years,33,18,15,17,9,8,0,0,0,1,0,1,0,0,0,15,9,6
HEMPHILL COUNTY,211,30 Years,43,23,20,26,12,14,0,0,0,0,0,0,1,1,0,16,10,6
HEMPHILL COUNTY,211,31 Years,57,20,37,44,14,30,0,0,0,0,0,0,1,0,1,12,6,6
HEMPHILL COUNTY,211,32 Years,55,28,27,42,21,21,0,0,0,0,0,0,0,0,0,13,7,6
HEMPHILL COUNTY,211,33 Years,60,34,26,38,26,12,0,0,0,0,0,0,0,0,0,22,8,14
HEMPHILL COUNTY,211,34 Years,58,25,33,30,15,15,0,0,0,1,1,0,0,0,0,27,9,18
HEMPHILL COUNTY,211,35 Years,56,33,23,34,22,12,0,0,0,0,0,0,0,0,0,22,11,11
HEMPHILL COUNTY,211,36 Years,40,25,15,20,14,6,0,0,0,1,0,1,0,0,0,19,11,8
HEMPHILL COUNTY,211,37 Years,52,19,33,26,9,17,1,0,1,1,0,1,0,0,0,24,10,14
HEMPHILL COUNTY,211,38 Years,53,21,32,29,8,21,0,0,0,2,1,1,0,0,0,22,12,10
HEMPHILL COUNTY,211,39 Years,52,22,30,33,10,23,0,0,0,2,1,1,0,0,0,17,11,6
HEMPHILL COUNTY,211,40 Years,54,28,26,37,18,19,0,0,0,0,0,0,2,1,1,15,9,6
HEMPHILL COUNTY,211,41 Years,48,20,28,33,14,19,0,0,0,0,0,0,1,1,0,14,5,9
HEMPHILL COUNTY,211,42 Years,45,23,22,30,17,13,0,0,0,0,0,0,0,0,0,15,6,9
HEMPHILL COUNTY,211,43 Years,49,24,25,37,18,19,0,0,0,0,0,0,0,0,0,12,6,6
HEMPHILL COUNTY,211,44 Years,52,26,26,32,14,18,0,0,0,0,0,0,1,0,1,19,12,7
HEMPHILL COUNTY,211,45 Years,48,26,22,32,14,18,0,0,0,0,0,0,0,0,0,16,12,4
HEMPHILL COUNTY,211,46 Years,51,22,29,34,16,18,1,1,0,0,0,0,0,0,0,16,5,11
HEMPHILL COUNTY,211,47 Years,38,20,18,25,12,13,0,0,0,0,0,0,1,1,0,12,7,5
HEMPHILL COUNTY,211,48 Years,38,21,17,26,14,12,0,0,0,0,0,0,0,0,0,12,7,5
HEMPHILL COUNTY,211,49 Years,50,27,23,33,15,18,0,0,0,1,0,1,0,0,0,16,12,4
HEMPHILL COUNTY,211,50 Years,53,32,21,34,18,16,0,0,0,0,0,0,0,0,0,19,14,5
HEMPHILL COUNTY,211,51 Years,46,25,21,32,17,15,0,0,0,0,0,0,0,0,0,14,8,6
HEMPHILL COUNTY,211,52 Years,42,22,20,29,14,15,0,0,0,1,0,1,1,1,0,11,7,4
HEMPHILL COUNTY,211,53 Years,54,32,22,36,17,19,0,0,0,0,0,0,1,1,0,17,14,3
HEMPHILL COUNTY,211,54 Years,53,30,23,36,19,17,0,0,0,2,1,1,0,0,0,15,10,5
HEMPHILL COUNTY,211,55 Years,47,28,19,33,19,14,0,0,0,0,0,0,1,1,0,13,8,5
HEMPHILL COUNTY,211,56 Years,45,22,23,34,17,17,0,0,0,0,0,0,2,1,1,9,4,5
HEMPHILL COUNTY,211,57 Years,42,22,20,33,17,16,0,0,0,0,0,0,1,0,1,8,5,3
HEMPHILL COUNTY,211,58 Years,35,19,16,28,15,13,0,0,0,0,0,0,0,0,0,7,4,3
HEMPHILL COUNTY,211,59 Years,38,16,22,31,15,16,0,0,0,0,0,0,2,0,2,5,1,4
HEMPHILL COUNTY,211,60 Years,35,19,16,28,15,13,0,0,0,0,0,0,0,0,0,7,4,3
HEMPHILL COUNTY,211,61 Years,34,19,15,26,13,13,0,0,0,0,0,0,1,1,0,7,5,2
HEMPHILL COUNTY,211,62 Years,37,22,15,32,19,13,0,0,0,0,0,0,1,0,1,4,3,1
HEMPHILL COUNTY,211,63 Years,41,23,18,35,21,14,0,0,0,0,0,0,1,0,1,5,2,3
HEMPHILL COUNTY,211,64 Years,39,23,16,32,19,13,0,0,0,1,1,0,0,0,0,6,3,3
HEMPHILL COUNTY,211,65 Years,39,20,19,33,17,16,0,0,0,0,0,0,1,0,1,5,3,2
HEMPHILL COUNTY,211,66 Years,34,18,16,30,15,15,0,0,0,0,0,0,0,0,0,4,3,1
HEMPHILL COUNTY,211,67 Years,35,21,14,31,18,13,0,0,0,0,0,0,0,0,0,4,3,1
HEMPHILL COUNTY,211,68 Years,29,16,13,27,15,12,0,0,0,0,0,0,0,0,0,2,1,1
HEMPHILL COUNTY,211,69 Years,30,14,16,25,12,13,0,0,0,0,0,0,1,0,1,4,2,2
HEMPHILL COUNTY,211,70 Years,34,16,18,29,14,15,0,0,0,0,0,0,0,0,0,5,2,3
HEMPHILL COUNTY,211,71 Years,27,12,15,23,9,14,0,0,0,0,0,0,0,0,0,4,3,1
HEMPHILL COUNTY,211,72 Years,22,9,13,20,8,12,0,0,0,0,0,0,0,0,0,2,1,1
HEMPHILL COUNTY,211,73 Years,23,10,13,22,9,13,0,0,0,0,0,0,0,0,0,1,1,0
HEMPHILL COUNTY,211,74 Years,24,11,13,22,9,13,0,0,0,0,0,0,1,1,0,1,1,0
HEMPHILL COUNTY,211,75 Years,18,9,9,17,8,9,0,0,0,0,0,0,0,0,0,1,1,0
HEMPHILL COUNTY,211,76 Years,24,8,16,21,7,14,0,0,0,1,0,1,0,0,0,2,1,1
HEMPHILL COUNTY,211,77 Years,21,8,13,19,7,12,0,0,0,0,0,0,0,0,0,2,1,1
HEMPHILL COUNTY,211,78 Years,15,7,8,15,7,8,0,0,0,0,0,0,0,0,0,0,0,0
HEMPHILL COUNTY,211,79 Years,13,4,9,12,4,8,0,0,0,0,0,0,1,0,1,0,0,0
HEMPHILL COUNTY,211,80 Years,12,6,6,11,5,6,0,0,0,0,0,0,0,0,0,1,1,0
HEMPHILL COUNTY,211,81 Years,13,6,7,11,5,6,0,0,0,0,0,0,0,0,0,2,1,1
HEMPHILL COUNTY,211,82 Years,12,6,6,12,6,6,0,0,0,0,0,0,0,0,0,0,0,0
HEMPHILL COUNTY,211,83 Years,9,4,5,9,4,5,0,0,0,0,0,0,0,0,0,0,0,0
HEMPHILL COUNTY,211,84 Years,12,4,8,10,4,6,0,0,0,0,0,0,0,0,0,2,0,2
HEMPHILL COUNTY,211,85 Years,18,5,13,17,5,12,0,0,0,0,0,0,1,0,1,0,0,0
HEMPHILL COUNTY,211,86 Years,15,4,11,14,3,11,0,0,0,0,0,0,0,0,0,1,1,0
HEMPHILL COUNTY,211,87 Years,13,5,8,12,4,8,0,0,0,0,0,0,1,1,0,0,0,0
HEMPHILL COUNTY,211,88 Years,10,4,6,9,3,6,0,0,0,0,0,0,1,1,0,0,0,0
HEMPHILL COUNTY,211,89 Years,9,3,6,8,2,6,0,0,0,0,0,0,0,0,0,1,1,0
HEMPHILL COUNTY,211,90 Years,9,2,7,9,2,7,0,0,0,0,0,0,0,0,0,0,0,0
HEMPHILL COUNTY,211,91 Years,10,3,7,8,2,6,0,0,0,0,0,0,0,0,0,2,1,1
HEMPHILL COUNTY,211,92 Years,6,2,4,6,2,4,0,0,0,0,0,0,0,0,0,0,0,0
HEMPHILL COUNTY,211,93 Years,6,2,4,6,2,4,0,0,0,0,0,0,0,0,0,0,0,0
HEMPHILL COUNTY,211,94 Years,4,2,2,4,2,2,0,0,0,0,0,0,0,0,0,0,0,0
HEMPHILL COUNTY,211,95 Years +,12,2,10,11,2,9,0,0,0,0,0,0,0,0,0,1,0,1
HENDERSON COUNTY,213,All Ages,82685,40330,42355,64764,31293,33471,5409,2717,2692,349,150,199,1830,882,948,10333,5288,5045
HENDERSON COUNTY,213,< 1 Year,914,464,450,616,319,297,54,31,23,2,1,1,33,14,19,209,99,110
HENDERSON COUNTY,213,1 Years,904,464,440,592,310,282,55,30,25,3,2,1,41,21,20,213,101,112
HENDERSON COUNTY,213,2 Years,916,468,448,594,314,280,58,30,28,4,2,2,45,19,26,215,103,112
HENDERSON COUNTY,213,3 Years,912,471,441,580,309,271,62,28,34,3,2,1,52,23,29,215,109,106
HENDERSON COUNTY,213,4 Years,915,466,449,577,296,281,66,31,35,4,2,2,53,21,32,215,116,99
HENDERSON COUNTY,213,5 Years,933,470,463,585,294,291,68,31,37,3,2,1,51,23,28,226,120,106
HENDERSON COUNTY,213,6 Years,953,481,472,593,300,293,76,38,38,3,2,1,46,23,23,235,118,117
HENDERSON COUNTY,213,7 Years,914,453,461,575,289,286,70,40,30,3,2,1,47,21,26,219,101,118
HENDERSON COUNTY,213,8 Years,998,478,520,649,312,337,83,40,43,2,0,2,45,12,33,219,114,105
HENDERSON COUNTY,213,9 Years,1007,494,513,638,302,336,81,44,37,2,0,2,49,17,32,237,131,106
HENDERSON COUNTY,213,10 Years,975,491,484,629,300,329,83,51,32,3,2,1,34,18,16,226,120,106
HENDERSON COUNTY,213,11 Years,997,504,493,639,313,326,94,55,39,4,1,3,32,20,12,228,115,113
HENDERSON COUNTY,213,12 Years,1026,524,502,686,360,326,84,38,46,6,1,5,29,14,15,221,111,110
HENDERSON COUNTY,213,13 Years,1019,532,487,663,334,329,97,53,44,4,2,2,40,24,16,215,119,96
HENDERSON COUNTY,213,14 Years,1037,558,479,674,359,315,106,61,45,4,1,3,34,15,19,219,122,97
HENDERSON COUNTY,213,15 Years,999,503,496,684,345,339,96,52,44,5,4,1,27,15,12,187,87,100
HENDERSON COUNTY,213,16 Years,1053,550,503,713,364,349,107,62,45,3,1,2,35,23,12,195,100,95
HENDERSON COUNTY,213,17 Years,1056,565,491,731,397,334,98,51,47,3,1,2,26,16,10,198,100,98
HENDERSON COUNTY,213,18 Years,977,518,459,675,363,312,92,48,44,3,3,0,37,17,20,170,87,83
HENDERSON COUNTY,213,19 Years,863,463,400,595,314,281,76,42,34,6,5,1,28,17,11,158,85,73
HENDERSON COUNTY,213,20 Years,834,427,407,562,283,279,68,42,26,4,2,2,31,13,18,169,87,82
HENDERSON COUNTY,213,21 Years,830,407,423,573,284,289,54,32,22,7,4,3,32,13,19,164,74,90
HENDERSON COUNTY,213,22 Years,794,399,395,563,286,277,63,32,31,6,3,3,22,13,9,140,65,75
HENDERSON COUNTY,213,23 Years,863,430,433,608,312,296,65,28,37,6,2,4,24,15,9,160,73,87
HENDERSON COUNTY,213,24 Years,909,470,439,682,357,325,69,34,35,5,2,3,22,13,9,131,64,67
HENDERSON COUNTY,213,25 Years,1005,505,500,737,377,360,83,42,41,5,3,2,21,17,4,159,66,93
HENDERSON COUNTY,213,26 Years,1146,556,590,836,408,428,115,66,49,2,2,0,16,9,7,177,71,106
HENDERSON COUNTY,213,27 Years,1085,553,532,808,407,401,101,58,43,3,2,1,15,6,9,158,80,78
HENDERSON COUNTY,213,28 Years,1000,513,487,784,392,392,71,42,29,1,1,0,15,12,3,129,66,63
HENDERSON COUNTY,213,29 Years,948,466,482,741,364,377,61,30,31,4,0,4,12,8,4,130,64,66
HENDERSON COUNTY,213,30 Years,881,427,454,661,311,350,62,31,31,3,1,2,15,6,9,140,78,62
HENDERSON COUNTY,213,31 Years,896,432,464,673,324,349,71,35,36,1,0,1,15,5,10,136,68,68
HENDERSON COUNTY,213,32 Years,920,461,459,699,350,349,74,39,35,6,3,3,12,4,8,129,65,64
HENDERSON COUNTY,213,33 Years,850,420,430,648,318,330,60,31,29,6,4,2,13,5,8,123,62,61
HENDERSON COUNTY,213,34 Years,868,450,418,645,324,321,65,38,27,5,2,3,13,6,7,140,80,60
HENDERSON COUNTY,213,35 Years,831,419,412,602,295,307,68,38,30,4,2,2,15,9,6,142,75,67
HENDERSON COUNTY,213,36 Years,882,429,453,657,320,337,62,29,33,5,2,3,16,4,12,142,74,68
HENDERSON COUNTY,213,37 Years,869,407,462,651,302,349,58,23,35,5,2,3,18,6,12,137,74,63
HENDERSON COUNTY,213,38 Years,869,408,461,647,298,349,56,25,31,8,4,4,15,6,9,143,75,68
HENDERSON COUNTY,213,39 Years,869,424,445,670,321,349,55,25,30,8,2,6,10,4,6,126,72,54
HENDERSON COUNTY,213,40 Years,850,402,448,649,299,350,58,22,36,6,3,3,14,6,8,123,72,51
HENDERSON COUNTY,213,41 Years,877,430,447,685,330,355,46,22,24,4,1,3,13,6,7,129,71,58
HENDERSON COUNTY,213,42 Years,870,432,438,686,340,346,46,19,27,7,5,2,13,8,5,118,60,58
HENDERSON COUNTY,213,43 Years,838,388,450,642,294,348,56,28,28,12,6,6,8,6,2,120,54,66
HENDERSON COUNTY,213,44 Years,887,409,478,685,309,376,70,41,29,6,3,3,9,4,5,117,52,65
HENDERSON COUNTY,213,45 Years,997,473,524,763,347,416,80,49,31,5,4,1,17,7,10,132,66,66
HENDERSON COUNTY,213,46 Years,1065,505,560,845,385,460,69,36,33,6,5,1,14,7,7,131,72,59
HENDERSON COUNTY,213,47 Years,1004,460,544,790,358,432,76,40,36,6,4,2,9,5,4,123,53,70
HENDERSON COUNTY,213,48 Years,1015,495,520,804,387,417,67,37,30,6,2,4,13,4,9,125,65,60
HENDERSON COUNTY,213,49 Years,995,495,500,788,390,398,68,37,31,3,1,2,17,7,10,119,60,59
HENDERSON COUNTY,213,50 Years,971,501,470,765,395,370,61,33,28,4,0,4,22,11,11,119,62,57
HENDERSON COUNTY,213,51 Years,1008,523,485,785,404,381,57,25,32,3,0,3,18,11,7,145,83,62
HENDERSON COUNTY,213,52 Years,1030,528,502,819,417,402,64,30,34,4,1,3,14,7,7,129,73,56
HENDERSON COUNTY,213,53 Years,1103,553,550,882,430,452,67,35,32,5,2,3,20,13,7,129,73,56
HENDERSON COUNTY,213,54 Years,1181,574,607,974,478,496,80,37,43,5,2,3,21,8,13,101,49,52
HENDERSON COUNTY,213,55 Years,1210,571,639,991,471,520,82,40,42,3,0,3,21,11,10,113,49,64
HENDERSON COUNTY,213,56 Years,1264,589,675,1050,478,572,74,38,36,5,3,2,25,11,14,110,59,51
HENDERSON COUNTY,213,57 Years,1267,606,661,1079,511,568,74,33,41,5,3,2,18,6,12,91,53,38
HENDERSON COUNTY,213,58 Years,1236,558,678,1056,473,583,71,27,44,6,2,4,29,13,16,74,43,31
HENDERSON COUNTY,213,59 Years,1261,601,660,1057,495,562,78,38,40,7,2,5,32,13,19,87,53,34
HENDERSON COUNTY,213,60 Years,1259,620,639,1076,518,558,73,36,37,6,2,4,20,9,11,84,55,29
HENDERSON COUNTY,213,61 Years,1178,588,590,1024,506,518,65,29,36,5,2,3,13,7,6,71,44,27
HENDERSON COUNTY,213,62 Years,1198,580,618,1049,510,539,65,30,35,3,1,2,21,7,14,60,32,28
HENDERSON COUNTY,213,63 Years,1176,567,609,1034,499,535,61,26,35,4,2,2,22,12,10,55,28,27
HENDERSON COUNTY,213,64 Years,1165,569,596,1032,508,524,59,24,35,5,1,4,13,7,6,56,29,27
HENDERSON COUNTY,213,65 Years,1129,524,605,996,459,537,60,27,33,3,0,3,13,9,4,57,29,28
HENDERSON COUNTY,213,66 Years,1087,509,578,970,456,514,54,25,29,4,1,3,18,8,10,41,19,22
HENDERSON COUNTY,213,67 Years,1120,545,575,995,479,516,49,25,24,5,1,4,27,15,12,44,25,19
HENDERSON COUNTY,213,68 Years,1092,520,572,975,465,510,50,25,25,6,1,5,21,12,9,40,17,23
HENDERSON COUNTY,213,69 Years,1137,524,613,1030,473,557,47,23,24,3,0,3,19,8,11,38,20,18
HENDERSON COUNTY,213,70 Years,1155,527,628,1057,480,577,46,22,24,5,1,4,15,8,7,32,16,16
HENDERSON COUNTY,213,71 Years,939,441,498,856,408,448,37,12,25,2,1,1,11,6,5,33,14,19
HENDERSON COUNTY,213,72 Years,935,441,494,852,403,449,38,13,25,2,1,1,11,6,5,32,18,14
HENDERSON COUNTY,213,73 Years,916,438,478,840,400,440,35,13,22,1,0,1,11,7,4,29,18,11
HENDERSON COUNTY,213,74 Years,913,413,500,835,373,462,36,16,20,2,0,2,13,6,7,27,18,9
HENDERSON COUNTY,213,75 Years,853,386,467,782,351,431,37,17,20,4,2,2,10,4,6,20,12,8
HENDERSON COUNTY,213,76 Years,765,348,417,706,325,381,32,14,18,1,1,0,12,5,7,14,3,11
HENDERSON COUNTY,213,77 Years,707,328,379,655,306,349,28,12,16,0,0,0,9,4,5,15,6,9
HENDERSON COUNTY,213,78 Years,687,338,349,643,317,326,23,11,12,2,0,2,6,4,2,13,6,7
HENDERSON COUNTY,213,79 Years,603,313,290,555,293,262,20,7,13,3,1,2,9,4,5,16,8,8
HENDERSON COUNTY,213,80 Years,516,248,268,475,229,246,17,7,10,2,1,1,8,4,4,14,7,7
HENDERSON COUNTY,213,81 Years,514,248,266,479,231,248,14,7,7,0,0,0,8,3,5,13,7,6
HENDERSON COUNTY,213,82 Years,470,221,249,436,205,231,14,5,9,1,0,1,5,3,2,14,8,6
HENDERSON COUNTY,213,83 Years,406,167,239,377,158,219,13,5,8,0,0,0,3,2,1,13,2,11
HENDERSON COUNTY,213,84 Years,371,160,211,344,148,196,12,6,6,2,2,0,3,2,1,10,2,8
HENDERSON COUNTY,213,85 Years,345,150,195,317,137,180,11,4,7,1,1,0,5,2,3,11,6,5
HENDERSON COUNTY,213,86 Years,296,119,177,269,108,161,11,4,7,0,0,0,4,1,3,12,6,6
HENDERSON COUNTY,213,87 Years,259,111,148,236,102,134,10,4,6,2,0,2,3,1,2,8,4,4
HENDERSON COUNTY,213,88 Years,219,89,130,201,81,120,10,4,6,1,0,1,2,1,1,5,3,2
HENDERSON COUNTY,213,89 Years,175,67,108,161,61,100,8,3,5,0,0,0,3,1,2,3,2,1
HENDERSON COUNTY,213,90 Years,152,54,98,138,48,90,7,3,4,0,0,0,2,1,1,5,2,3
HENDERSON COUNTY,213,91 Years,123,45,78,111,39,72,7,3,4,1,0,1,2,1,1,2,2,0
HENDERSON COUNTY,213,92 Years,106,35,71,95,31,64,5,2,3,1,0,1,2,1,1,3,1,2
HENDERSON COUNTY,213,93 Years,79,26,53,71,23,48,5,2,3,0,0,0,1,0,1,2,1,1
HENDERSON COUNTY,213,94 Years,61,20,41,51,16,35,5,2,3,0,0,0,1,0,1,4,2,2
HENDERSON COUNTY,213,95 Years +,133,38,95,111,29,82,14,6,8,0,0,0,1,0,1,7,3,4
HIDALGO COUNTY,215,All Ages,859158,419193,439965,56193,28445,27748,3128,2054,1074,9066,4402,4664,2424,1256,1168,788347,383036,405311
HIDALGO COUNTY,215,< 1 Year,13317,6789,6528,503,246,257,47,26,21,67,39,28,30,17,13,12670,6461,6209
HIDALGO COUNTY,215,1 Years,13615,6900,6715,540,262,278,38,19,19,70,40,30,31,18,13,12936,6561,6375
HIDALGO COUNTY,215,2 Years,14325,7357,6968,583,288,295,37,18,19,81,44,37,37,21,16,13587,6986,6601
HIDALGO COUNTY,215,3 Years,14688,7516,7172,594,305,289,32,15,17,88,43,45,38,19,19,13936,7134,6802
HIDALGO COUNTY,215,4 Years,14798,7600,7198,589,314,275,34,16,18,101,47,54,41,22,19,14033,7201,6832
HIDALGO COUNTY,215,5 Years,14779,7574,7205,614,315,299,36,17,19,104,51,53,41,21,20,13984,7170,6814
HIDALGO COUNTY,215,6 Years,14917,7624,7293,626,308,318,37,15,22,113,59,54,41,23,18,14100,7219,6881
HIDALGO COUNTY,215,7 Years,13382,6685,6697,556,261,295,27,9,18,103,50,53,36,24,12,12660,6341,6319
HIDALGO COUNTY,215,8 Years,15223,7687,7536,635,321,314,43,21,22,127,61,66,42,22,20,14376,7262,7114
HIDALGO COUNTY,215,9 Years,15424,7740,7684,640,305,335,37,24,13,138,71,67,46,26,20,14563,7314,7249
HIDALGO COUNTY,215,10 Years,15501,7704,7797,639,309,330,48,30,18,139,83,56,50,31,19,14625,7251,7374
HIDALGO COUNTY,215,11 Years,15467,7777,7690,601,287,314,51,29,22,146,87,59,41,21,20,14628,7353,7275
HIDALGO COUNTY,215,12 Years,15545,7918,7627,521,243,278,46,26,20,144,80,64,42,22,20,14792,7547,7245
HIDALGO COUNTY,215,13 Years,15182,7717,7465,505,261,244,36,21,15,132,64,68,36,21,15,14473,7350,7123
HIDALGO COUNTY,215,14 Years,15031,7582,7449,501,258,243,31,20,11,135,75,60,36,21,15,14328,7208,7120
HIDALGO COUNTY,215,15 Years,14992,7559,7433,479,246,233,38,24,14,148,89,59,36,20,16,14291,7180,7111
HIDALGO COUNTY,215,16 Years,14959,7501,7458,477,249,228,44,24,20,150,80,70,40,23,17,14248,7125,7123
HIDALGO COUNTY,215,17 Years,14463,7374,7089,429,215,214,43,29,14,165,89,76,41,23,18,13785,7018,6767
HIDALGO COUNTY,215,18 Years,14260,7312,6948,400,215,185,66,43,23,147,72,75,40,16,24,13607,6966,6641
HIDALGO COUNTY,215,19 Years,14924,7636,7288,430,248,182,61,39,22,154,71,83,47,26,21,14232,7252,6980
HIDALGO COUNTY,215,20 Years,14250,7104,7146,431,232,199,63,37,26,129,66,63,35,21,14,13592,6748,6844
HIDALGO COUNTY,215,21 Years,14297,7122,7175,486,280,206,61,38,23,144,67,77,47,23,24,13559,6714,6845
HIDALGO COUNTY,215,22 Years,14331,7148,7183,438,241,197,70,44,26,149,66,83,45,17,28,13629,6780,6849
HIDALGO COUNTY,215,23 Years,14362,7099,7263,529,298,231,78,51,27,112,56,56,53,21,32,13590,6673,6917
HIDALGO COUNTY,215,24 Years,14563,7239,7324,629,305,324,74,53,21,119,70,49,40,22,18,13701,6789,6912
HIDALGO COUNTY,215,25 Years,14359,7199,7160,631,341,290,52,33,19,113,64,49,38,17,21,13525,6744,6781
HIDALGO COUNTY,215,26 Years,12825,6358,6467,565,314,251,64,48,16,98,41,57,57,23,34,12041,5932,6109
HIDALGO COUNTY,215,27 Years,12111,6112,5999,609,339,270,60,37,23,119,48,71,33,16,17,11290,5672,5618
HIDALGO COUNTY,215,28 Years,11282,5684,5598,519,271,248,67,49,18,106,52,54,31,20,11,10559,5292,5267
HIDALGO COUNTY,215,29 Years,10910,5612,5298,537,283,254,66,52,14,72,37,35,30,15,15,10205,5225,4980
HIDALGO COUNTY,215,30 Years,10767,5435,5332,526,276,250,59,46,13,105,52,53,30,14,16,10047,5047,5000
HIDALGO COUNTY,215,31 Years,10883,5459,5424,507,283,224,56,41,15,138,65,73,40,23,17,10142,5047,5095
HIDALGO COUNTY,215,32 Years,10818,5424,5394,487,289,198,55,40,15,154,73,81,31,13,18,10091,5009,5082
HIDALGO COUNTY,215,33 Years,10826,5396,5430,520,298,222,52,35,17,111,54,57,27,14,13,10116,4995,5121
HIDALGO COUNTY,215,34 Years,11106,5490,5616,484,278,206,49,32,17,94,46,48,29,17,12,10450,5117,5333
HIDALGO COUNTY,215,35 Years,11315,5481,5834,487,248,239,54,41,13,116,42,74,25,17,8,10633,5133,5500
HIDALGO COUNTY,215,36 Years,11623,5623,6000,515,292,223,62,50,12,123,48,75,29,16,13,10894,5217,5677
HIDALGO COUNTY,215,37 Years,11511,5655,5856,492,279,213,61,47,14,137,52,85,23,12,11,10798,5265,5533
HIDALGO COUNTY,215,38 Years,10735,5208,5527,502,277,225,51,38,13,116,46,70,18,12,6,10048,4835,5213
HIDALGO COUNTY,215,39 Years,10832,5142,5690,468,234,234,54,39,15,110,44,66,21,12,9,10179,4813,5366
HIDALGO COUNTY,215,40 Years,11150,5301,5849,464,239,225,53,41,12,145,72,73,25,16,9,10463,4933,5530
HIDALGO COUNTY,215,41 Years,11148,5327,5821,442,227,215,41,30,11,129,63,66,20,12,8,10516,4995,5521
HIDALGO COUNTY,215,42 Years,11247,5409,5838,441,228,213,49,35,14,161,76,85,18,7,11,10578,5063,5515
HIDALGO COUNTY,215,43 Years,10972,5302,5670,424,228,196,45,33,12,176,92,84,30,11,19,10297,4938,5359
HIDALGO COUNTY,215,44 Years,10931,5219,5712,438,230,208,48,34,14,207,96,111,19,10,9,10219,4849,5370
HIDALGO COUNTY,215,45 Years,10784,5059,5725,477,263,214,46,34,12,204,101,103,21,6,15,10036,4655,5381
HIDALGO COUNTY,215,46 Years,10624,5042,5582,488,255,233,50,34,16,198,123,75,29,17,12,9859,4613,5246
HIDALGO COUNTY,215,47 Years,10643,5059,5584,509,279,230,60,45,15,203,100,103,29,16,13,9842,4619,5223
HIDALGO COUNTY,215,48 Years,9902,4692,5210,505,279,226,44,34,10,174,80,94,19,12,7,9160,4287,4873
HIDALGO COUNTY,215,49 Years,9550,4474,5076,477,260,217,53,41,12,165,77,88,21,11,10,8834,4085,4749
HIDALGO COUNTY,215,50 Years,9215,4300,4915,482,234,248,17,10,7,147,63,84,17,8,9,8552,3985,4567
HIDALGO COUNTY,215,51 Years,9104,4302,4802,492,270,222,18,9,9,139,57,82,20,8,12,8435,3958,4477
HIDALGO COUNTY,215,52 Years,8904,4211,4693,538,277,261,16,10,6,126,68,58,23,9,14,8201,3847,4354
HIDALGO COUNTY,215,53 Years,8587,4089,4498,576,283,293,16,10,6,118,62,56,23,11,12,7854,3723,4131
HIDALGO COUNTY,215,54 Years,8498,4114,4384,576,300,276,20,12,8,96,54,42,23,13,10,7783,3735,4048
HIDALGO COUNTY,215,55 Years,8335,4011,4324,589,311,278,18,11,7,110,59,51,29,16,13,7589,3614,3975
HIDALGO COUNTY,215,56 Years,8125,3821,4304,635,323,312,19,13,6,120,53,67,25,14,11,7326,3418,3908
HIDALGO COUNTY,215,57 Years,8051,3784,4267,664,330,334,32,21,11,99,46,53,23,12,11,7233,3375,3858
HIDALGO COUNTY,215,58 Years,7674,3594,4080,673,335,338,36,26,10,110,50,60,25,17,8,6830,3166,3664
HIDALGO COUNTY,215,59 Years,7551,3490,4061,693,346,347,32,20,12,120,48,72,26,13,13,6680,3063,3617
HIDALGO COUNTY,215,60 Years,7347,3393,3954,712,349,363,36,26,10,113,50,63,28,14,14,6458,2954,3504
HIDALGO COUNTY,215,61 Years,7110,3247,3863,701,334,367,34,21,13,112,42,70,29,15,14,6234,2835,3399
HIDALGO COUNTY,215,62 Years,7066,3201,3865,801,382,419,26,18,8,101,40,61,26,12,14,6112,2749,3363
HIDALGO COUNTY,215,63 Years,6655,3027,3628,860,413,447,15,11,4,90,40,50,19,7,12,5671,2556,3115
HIDALGO COUNTY,215,64 Years,6634,3015,3619,902,424,478,22,14,8,80,40,40,26,12,14,5604,2525,3079
HIDALGO COUNTY,215,65 Years,6324,2858,3466,943,437,506,21,13,8,80,39,41,27,15,12,5253,2354,2899
HIDALGO COUNTY,215,66 Years,6333,2861,3472,918,434,484,20,14,6,63,30,33,22,10,12,5310,2373,2937
HIDALGO COUNTY,215,67 Years,6364,2861,3503,960,456,504,24,16,8,68,33,35,24,14,10,5288,2342,2946
HIDALGO COUNTY,215,68 Years,6052,2769,3283,1010,480,530,18,11,7,54,28,26,20,13,7,4950,2237,2713
HIDALGO COUNTY,215,69 Years,5887,2716,3171,1120,560,560,12,7,5,61,31,30,18,12,6,4676,2106,2570
HIDALGO COUNTY,215,70 Years,5739,2639,3100,1130,549,581,18,12,6,51,23,28,23,12,11,4517,2043,2474
HIDALGO COUNTY,215,71 Years,5053,2327,2726,960,482,478,12,8,4,31,16,15,14,7,7,4036,1814,2222
HIDALGO COUNTY,215,72 Years,4784,2152,2632,1007,493,514,12,9,3,32,14,18,14,8,6,3719,1628,2091
HIDALGO COUNTY,215,73 Years,4557,2077,2480,1062,522,540,10,7,3,20,9,11,15,8,7,3450,1531,1919
HIDALGO COUNTY,215,74 Years,4261,1929,2332,1116,555,561,8,4,4,22,12,10,14,7,7,3101,1351,1750
HIDALGO COUNTY,215,75 Years,3856,1744,2112,977,494,483,8,5,3,36,15,21,14,4,10,2821,1226,1595
HIDALGO COUNTY,215,76 Years,3602,1610,1992,937,473,464,7,4,3,31,16,15,12,4,8,2615,1113,1502
HIDALGO COUNTY,215,77 Years,3497,1580,1917,901,438,463,6,3,3,31,13,18,10,4,6,2549,1122,1427
HIDALGO COUNTY,215,78 Years,3155,1419,1736,860,408,452,6,4,2,25,10,15,10,4,6,2254,993,1261
HIDALGO COUNTY,215,79 Years,2966,1285,1681,769,364,405,7,4,3,24,9,15,11,6,5,2155,902,1253
HIDALGO COUNTY,215,80 Years,2791,1202,1589,751,368,383,5,2,3,23,7,16,17,7,10,1995,818,1177
HIDALGO COUNTY,215,81 Years,2585,1106,1479,695,348,347,8,1,7,24,9,15,12,6,6,1846,742,1104
HIDALGO COUNTY,215,82 Years,2417,1034,1383,621,316,305,4,0,4,23,9,14,11,6,5,1758,703,1055
HIDALGO COUNTY,215,83 Years,2109,925,1184,547,280,267,2,1,1,18,7,11,13,5,8,1529,632,897
HIDALGO COUNTY,215,84 Years,1839,784,1055,503,248,255,4,3,1,15,6,9,12,4,8,1305,523,782
HIDALGO COUNTY,215,85 Years,1682,715,967,473,226,247,5,4,1,10,4,6,7,3,4,1187,478,709
HIDALGO COUNTY,215,86 Years,1576,657,919,416,197,219,5,3,2,10,3,7,5,2,3,1140,452,688
HIDALGO COUNTY,215,87 Years,1408,589,819,359,179,180,3,2,1,12,6,6,4,2,2,1030,400,630
HIDALGO COUNTY,215,88 Years,1190,482,708,303,145,158,5,2,3,8,3,5,4,3,1,870,329,541
HIDALGO COUNTY,215,89 Years,1035,407,628,247,117,130,3,2,1,5,1,4,4,2,2,776,285,491
HIDALGO COUNTY,215,90 Years,870,338,532,203,92,111,1,0,1,8,3,5,5,2,3,653,241,412
HIDALGO COUNTY,215,91 Years,731,281,450,167,76,91,2,2,0,5,1,4,4,1,3,553,201,352
HIDALGO COUNTY,215,92 Years,579,219,360,129,59,70,1,0,1,3,2,1,4,1,3,442,157,285
HIDALGO COUNTY,215,93 Years,451,179,272,98,45,53,1,0,1,4,2,2,2,1,1,346,131,215
HIDALGO COUNTY,215,94 Years,349,144,205,70,33,37,1,1,0,4,3,1,1,1,0,273,106,167
HIDALGO COUNTY,215,95 Years +,811,279,532,158,58,100,3,1,2,5,2,3,4,1,3,641,217,424
HILL COUNTY,217,All Ages,35998,17872,18126,25167,12350,12817,2256,1089,1167,121,50,71,779,378,401,7675,4005,3670
HILL COUNTY,217,< 1 Year,466,253,213,256,146,110,21,12,9,1,0,1,31,17,14,157,78,79
HILL COUNTY,217,1 Years,458,247,211,242,138,104,23,11,12,2,1,1,35,20,15,156,77,79
HILL COUNTY,217,2 Years,472,250,222,249,140,109,23,11,12,3,1,2,28,14,14,169,84,85
HILL COUNTY,217,3 Years,467,246,221,243,133,110,23,11,12,4,2,2,32,16,16,165,84,81
HILL COUNTY,217,4 Years,473,255,218,250,137,113,23,12,11,3,1,2,33,16,17,164,89,75
HILL COUNTY,217,5 Years,482,259,223,254,137,117,21,13,8,2,0,2,29,16,13,176,93,83
HILL COUNTY,217,6 Years,502,264,238,269,142,127,24,14,10,1,0,1,24,10,14,184,98,86
HILL COUNTY,217,7 Years,521,275,246,282,137,145,23,15,8,0,0,0,20,9,11,196,114,82
HILL COUNTY,217,8 Years,452,209,243,243,110,133,30,16,14,0,0,0,19,8,11,160,75,85
HILL COUNTY,217,9 Years,477,227,250,266,132,134,26,14,12,0,0,0,15,5,10,170,76,94
HILL COUNTY,217,10 Years,478,230,248,275,130,145,28,15,13,0,0,0,11,7,4,164,78,86
HILL COUNTY,217,11 Years,471,229,242,282,144,138,29,13,16,0,0,0,15,7,8,145,65,80
HILL COUNTY,217,12 Years,477,257,220,268,145,123,37,20,17,0,0,0,16,9,7,156,83,73
HILL COUNTY,217,13 Years,463,245,218,260,137,123,24,8,16,0,0,0,16,11,5,163,89,74
HILL COUNTY,217,14 Years,450,222,228,253,127,126,24,8,16,0,0,0,12,6,6,161,81,80
HILL COUNTY,217,15 Years,497,253,244,276,132,144,36,18,18,0,0,0,15,9,6,170,94,76
HILL COUNTY,217,16 Years,495,254,241,270,138,132,46,20,26,2,0,2,11,5,6,166,91,75
HILL COUNTY,217,17 Years,473,252,221,274,145,129,38,24,14,1,1,0,9,5,4,151,77,74
HILL COUNTY,217,18 Years,426,232,194,256,137,119,33,22,11,3,2,1,9,4,5,125,67,58
HILL COUNTY,217,19 Years,389,194,195,229,114,115,28,13,15,1,1,0,12,8,4,119,58,61
HILL COUNTY,217,20 Years,402,203,199,235,123,112,41,17,24,1,1,0,12,6,6,113,56,57
HILL COUNTY,217,21 Years,393,213,180,220,119,101,47,22,25,1,1,0,11,5,6,114,66,48
HILL COUNTY,217,22 Years,363,193,170,205,107,98,35,19,16,2,2,0,8,4,4,113,61,52
HILL COUNTY,217,23 Years,372,200,172,215,120,95,32,16,16,2,1,1,9,4,5,114,59,55
HILL COUNTY,217,24 Years,385,188,197,231,118,113,41,16,25,1,0,1,9,4,5,103,50,53
HILL COUNTY,217,25 Years,418,223,195,257,139,118,47,26,21,3,1,2,5,2,3,106,55,51
HILL COUNTY,217,26 Years,491,237,254,306,146,160,47,23,24,2,1,1,7,5,2,129,62,67
HILL COUNTY,217,27 Years,469,198,271,295,128,167,51,19,32,4,3,1,6,3,3,113,45,68
HILL COUNTY,217,28 Years,407,194,213,263,123,140,33,17,16,2,1,1,10,4,6,99,49,50
HILL COUNTY,217,29 Years,423,198,225,266,124,142,37,20,17,2,1,1,11,4,7,107,49,58
HILL COUNTY,217,30 Years,420,210,210,268,131,137,35,19,16,1,0,1,6,3,3,110,57,53
HILL COUNTY,217,31 Years,434,217,217,292,136,156,27,15,12,1,1,0,8,6,2,106,59,47
HILL COUNTY,217,32 Years,396,200,196,270,133,137,19,9,10,1,1,0,4,1,3,102,56,46
HILL COUNTY,217,33 Years,387,186,201,251,118,133,25,10,15,0,0,0,3,1,2,108,57,51
HILL COUNTY,217,34 Years,386,188,198,256,115,141,25,13,12,1,1,0,5,4,1,99,55,44
HILL COUNTY,217,35 Years,371,185,186,250,120,130,18,12,6,2,1,1,5,1,4,96,51,45
HILL COUNTY,217,36 Years,414,210,204,274,135,139,21,9,12,2,1,1,7,3,4,110,62,48
HILL COUNTY,217,37 Years,406,201,205,260,131,129,30,9,21,2,1,1,7,3,4,107,57,50
HILL COUNTY,217,38 Years,359,176,183,243,117,126,26,15,11,1,1,0,7,3,4,82,40,42
HILL COUNTY,217,39 Years,360,183,177,232,124,108,25,12,13,1,0,1,5,1,4,97,46,51
HILL COUNTY,217,40 Years,366,186,180,248,134,114,23,9,14,3,1,2,4,2,2,88,40,48
HILL COUNTY,217,41 Years,350,161,189,242,111,131,20,7,13,1,0,1,5,1,4,82,42,40
HILL COUNTY,217,42 Years,364,171,193,268,128,140,24,9,15,1,0,1,4,2,2,67,32,35
HILL COUNTY,217,43 Years,354,172,182,229,109,120,23,11,12,2,0,2,7,2,5,93,50,43
HILL COUNTY,217,44 Years,359,171,188,239,114,125,23,11,12,2,1,1,5,2,3,90,43,47
HILL COUNTY,217,45 Years,391,182,209,267,123,144,23,12,11,3,1,2,1,1,0,97,45,52
HILL COUNTY,217,46 Years,413,210,203,280,135,145,30,16,14,4,2,2,5,3,2,94,54,40
HILL COUNTY,217,47 Years,432,216,216,306,149,157,27,12,15,2,1,1,9,6,3,88,48,40
HILL COUNTY,217,48 Years,426,209,217,309,144,165,29,15,14,1,0,1,4,2,2,83,48,35
HILL COUNTY,217,49 Years,433,224,209,306,157,149,38,16,22,2,1,1,8,4,4,79,46,33
HILL COUNTY,217,50 Years,390,209,181,277,143,134,30,14,16,1,1,0,7,4,3,75,47,28
HILL COUNTY,217,51 Years,442,230,212,325,173,152,28,13,15,1,0,1,4,1,3,84,43,41
HILL COUNTY,217,52 Years,455,225,230,329,160,169,34,19,15,1,1,0,6,3,3,85,42,43
HILL COUNTY,217,53 Years,451,232,219,339,168,171,33,17,16,1,1,0,5,2,3,73,44,29
HILL COUNTY,217,54 Years,483,248,235,371,185,186,30,13,17,1,1,0,3,1,2,78,48,30
HILL COUNTY,217,55 Years,503,243,260,394,183,211,27,10,17,2,1,1,2,0,2,78,49,29
HILL COUNTY,217,56 Years,516,232,284,399,177,222,31,12,19,2,1,1,8,2,6,76,40,36
HILL COUNTY,217,57 Years,527,269,258,414,215,199,36,16,20,2,1,1,5,2,3,70,35,35
HILL COUNTY,217,58 Years,477,229,248,383,183,200,30,9,21,2,1,1,7,3,4,55,33,22
HILL COUNTY,217,59 Years,488,237,251,396,191,205,32,14,18,0,0,0,6,2,4,54,30,24
HILL COUNTY,217,60 Years,493,241,252,398,195,203,28,13,15,2,0,2,8,2,6,57,31,26
HILL COUNTY,217,61 Years,458,216,242,377,169,208,23,11,12,2,1,1,6,3,3,50,32,18
HILL COUNTY,217,62 Years,500,245,255,422,204,218,27,14,13,0,0,0,7,2,5,44,25,19
HILL COUNTY,217,63 Years,495,245,250,421,211,210,25,11,14,2,0,2,5,2,3,42,21,21
HILL COUNTY,217,64 Years,450,231,219,388,200,188,19,10,9,2,1,1,7,1,6,34,19,15
HILL COUNTY,217,65 Years,448,219,229,387,189,198,26,12,14,4,1,3,5,1,4,26,16,10
HILL COUNTY,217,66 Years,448,213,235,370,177,193,30,12,18,3,1,2,2,0,2,43,23,20
HILL COUNTY,217,67 Years,493,239,254,414,200,214,29,13,16,2,0,2,4,2,2,44,24,20
HILL COUNTY,217,68 Years,464,211,253,394,175,219,21,11,10,2,0,2,4,2,2,43,23,20
HILL COUNTY,217,69 Years,457,219,238,400,189,211,16,9,7,1,0,1,7,3,4,33,18,15
HILL COUNTY,217,70 Years,483,230,253,426,195,231,13,8,5,0,0,0,10,6,4,34,21,13
HILL COUNTY,217,71 Years,376,194,182,325,165,160,14,8,6,1,0,1,5,3,2,31,18,13
HILL COUNTY,217,72 Years,381,181,200,332,155,177,14,8,6,1,0,1,6,4,2,28,14,14
HILL COUNTY,217,73 Years,384,196,188,343,174,169,11,5,6,1,0,1,6,3,3,23,14,9
HILL COUNTY,217,74 Years,368,186,182,335,170,165,12,5,7,0,0,0,5,2,3,16,9,7
HILL COUNTY,217,75 Years,322,177,145,283,156,127,14,8,6,3,1,2,5,3,2,17,9,8
HILL COUNTY,217,76 Years,304,163,141,267,143,124,13,7,6,2,1,1,4,3,1,18,9,9
HILL COUNTY,217,77 Years,293,144,149,253,125,128,14,7,7,1,0,1,6,4,2,19,8,11
HILL COUNTY,217,78 Years,256,135,121,226,120,106,9,4,5,1,0,1,6,4,2,14,7,7
HILL COUNTY,217,79 Years,248,131,117,223,118,105,8,4,4,2,1,1,2,1,1,13,7,6
HILL COUNTY,217,80 Years,212,107,105,189,95,94,8,4,4,0,0,0,3,2,1,12,6,6
HILL COUNTY,217,81 Years,171,86,85,149,73,76,8,4,4,0,0,0,6,3,3,8,6,2
HILL COUNTY,217,82 Years,178,81,97,157,69,88,9,5,4,0,0,0,3,1,2,9,6,3
HILL COUNTY,217,83 Years,182,77,105,159,65,94,9,5,4,0,0,0,2,2,0,12,5,7
HILL COUNTY,217,84 Years,148,62,86,132,56,76,7,3,4,0,0,0,1,1,0,8,2,6
HILL COUNTY,217,85 Years,138,57,81,121,46,75,7,4,3,0,0,0,3,2,1,7,5,2
HILL COUNTY,217,86 Years,126,51,75,113,45,68,7,4,3,0,0,0,1,0,1,5,2,3
HILL COUNTY,217,87 Years,122,51,71,103,42,61,9,4,5,0,0,0,1,0,1,9,5,4
HILL COUNTY,217,88 Years,104,43,61,87,34,53,7,4,3,0,0,0,2,1,1,8,4,4
HILL COUNTY,217,89 Years,88,31,57,72,24,48,5,2,3,0,0,0,1,1,0,10,4,6
HILL COUNTY,217,90 Years,76,26,50,64,23,41,5,2,3,0,0,0,1,0,1,6,1,5
HILL COUNTY,217,91 Years,59,19,40,53,16,37,2,1,1,0,0,0,1,0,1,3,2,1
HILL COUNTY,217,92 Years,49,16,33,43,13,30,3,1,2,0,0,0,1,0,1,2,2,0
HILL COUNTY,217,93 Years,41,10,31,38,10,28,2,0,2,0,0,0,0,0,0,1,0,1
HILL COUNTY,217,94 Years,30,9,21,27,7,20,1,1,0,0,0,0,0,0,0,2,1,1
HILL COUNTY,217,95 Years +,88,18,70,69,12,57,8,2,6,0,0,0,1,0,1,10,4,6
HOCKLEY COUNTY,219,All Ages,23530,11643,11887,10779,5203,5576,906,444,462,68,36,32,335,177,158,11442,5783,5659
HOCKLEY COUNTY,219,< 1 Year,320,168,152,94,42,52,15,10,5,1,1,0,5,2,3,205,113,92
HOCKLEY COUNTY,219,1 Years,346,177,169,105,50,55,15,9,6,1,1,0,6,4,2,219,113,106
HOCKLEY COUNTY,219,2 Years,348,178,170,107,51,56,16,4,12,2,1,1,7,2,5,216,120,96
HOCKLEY COUNTY,219,3 Years,363,186,177,115,62,53,18,6,12,2,1,1,9,3,6,219,114,105
HOCKLEY COUNTY,219,4 Years,374,200,174,114,64,50,22,8,14,2,1,1,10,4,6,226,123,103
HOCKLEY COUNTY,219,5 Years,374,205,169,111,62,49,22,13,9,0,0,0,9,6,3,232,124,108
HOCKLEY COUNTY,219,6 Years,384,202,182,111,62,49,21,10,11,0,0,0,10,7,3,242,123,119
HOCKLEY COUNTY,219,7 Years,357,184,173,107,63,44,20,9,11,2,2,0,11,6,5,217,104,113
HOCKLEY COUNTY,219,8 Years,328,163,165,112,62,50,11,5,6,1,1,0,5,2,3,199,93,106
HOCKLEY COUNTY,219,9 Years,349,167,182,125,59,66,11,3,8,0,0,0,8,5,3,205,100,105
HOCKLEY COUNTY,219,10 Years,334,169,165,113,58,55,13,5,8,0,0,0,9,5,4,199,101,98
HOCKLEY COUNTY,219,11 Years,338,172,166,117,66,51,8,2,6,0,0,0,8,4,4,205,100,105
HOCKLEY COUNTY,219,12 Years,332,168,164,122,63,59,9,3,6,1,1,0,5,3,2,195,98,97
HOCKLEY COUNTY,219,13 Years,330,159,171,109,52,57,13,8,5,1,0,1,3,1,2,204,98,106
HOCKLEY COUNTY,219,14 Years,341,168,173,118,50,68,11,5,6,1,0,1,2,0,2,209,113,96
HOCKLEY COUNTY,219,15 Years,331,165,166,130,56,74,10,5,5,0,0,0,5,4,1,186,100,86
HOCKLEY COUNTY,219,16 Years,343,175,168,128,61,67,12,7,5,0,0,0,4,3,1,199,104,95
HOCKLEY COUNTY,219,17 Years,350,170,180,118,57,61,12,7,5,0,0,0,3,3,0,217,103,114
HOCKLEY COUNTY,219,18 Years,506,271,235,199,111,88,37,15,22,2,1,1,6,3,3,262,141,121
HOCKLEY COUNTY,219,19 Years,460,241,219,174,94,80,50,24,26,1,0,1,5,3,2,230,120,110
HOCKLEY COUNTY,219,20 Years,434,218,216,172,93,79,39,21,18,1,0,1,6,3,3,216,101,115
HOCKLEY COUNTY,219,21 Years,377,196,181,139,77,62,26,16,10,0,0,0,7,2,5,205,101,104
HOCKLEY COUNTY,219,22 Years,318,168,150,101,49,52,12,8,4,3,3,0,4,2,2,198,106,92
HOCKLEY COUNTY,219,23 Years,308,169,139,121,67,54,10,6,4,1,1,0,5,3,2,171,92,79
HOCKLEY COUNTY,219,24 Years,346,188,158,134,73,61,9,7,2,0,0,0,5,3,2,198,105,93
HOCKLEY COUNTY,219,25 Years,348,186,162,136,70,66,7,4,3,1,0,1,5,3,2,199,109,90
HOCKLEY COUNTY,219,26 Years,386,194,192,153,74,79,13,7,6,2,1,1,5,3,2,213,109,104
HOCKLEY COUNTY,219,27 Years,379,189,190,158,78,80,12,8,4,2,2,0,8,4,4,199,97,102
HOCKLEY COUNTY,219,28 Years,294,159,135,124,64,60,7,5,2,1,1,0,5,4,1,157,85,72
HOCKLEY COUNTY,219,29 Years,296,149,147,121,58,63,11,7,4,0,0,0,3,3,0,161,81,80
HOCKLEY COUNTY,219,30 Years,309,151,158,141,64,77,10,7,3,2,2,0,3,3,0,153,75,78
HOCKLEY COUNTY,219,31 Years,329,165,164,135,65,70,10,6,4,1,1,0,3,1,2,180,92,88
HOCKLEY COUNTY,219,32 Years,304,152,152,129,70,59,6,2,4,3,0,3,1,0,1,165,80,85
HOCKLEY COUNTY,219,33 Years,316,159,157,122,59,63,13,6,7,1,0,1,1,1,0,179,93,86
HOCKLEY COUNTY,219,34 Years,308,156,152,120,56,64,15,9,6,1,0,1,2,1,1,170,90,80
HOCKLEY COUNTY,219,35 Years,296,153,143,122,60,62,7,5,2,0,0,0,2,1,1,165,87,78
HOCKLEY COUNTY,219,36 Years,287,144,143,125,61,64,6,4,2,1,0,1,5,1,4,150,78,72
HOCKLEY COUNTY,219,37 Years,306,161,145,121,59,62,11,5,6,2,1,1,6,3,3,166,93,73
HOCKLEY COUNTY,219,38 Years,285,140,145,126,60,66,8,5,3,2,2,0,4,3,1,145,70,75
HOCKLEY COUNTY,219,39 Years,253,130,123,110,55,55,8,5,3,1,1,0,1,1,0,133,68,65
HOCKLEY COUNTY,219,40 Years,242,118,124,108,49,59,7,3,4,1,0,1,3,3,0,123,63,60
HOCKLEY COUNTY,219,41 Years,247,123,124,115,58,57,7,2,5,1,0,1,4,3,1,120,60,60
HOCKLEY COUNTY,219,42 Years,240,128,112,120,60,60,6,4,2,1,0,1,4,3,1,109,61,48
HOCKLEY COUNTY,219,43 Years,215,105,110,110,52,58,5,4,1,1,0,1,1,0,1,98,49,49
HOCKLEY COUNTY,219,44 Years,229,104,125,100,44,56,6,1,5,1,1,0,3,2,1,119,56,63
HOCKLEY COUNTY,219,45 Years,259,125,134,137,64,73,3,0,3,0,0,0,3,2,1,116,59,57
HOCKLEY COUNTY,219,46 Years,250,113,137,125,55,70,4,2,2,1,1,0,3,1,2,117,54,63
HOCKLEY COUNTY,219,47 Years,250,120,130,128,65,63,8,3,5,2,1,1,1,0,1,111,51,60
HOCKLEY COUNTY,219,48 Years,233,113,120,125,60,65,4,1,3,1,0,1,2,1,1,101,51,50
HOCKLEY COUNTY,219,49 Years,238,111,127,111,50,61,9,3,6,2,1,1,4,3,1,112,54,58
HOCKLEY COUNTY,219,50 Years,217,97,120,108,46,62,6,4,2,1,0,1,3,2,1,99,45,54
HOCKLEY COUNTY,219,51 Years,246,120,126,127,60,67,10,6,4,1,0,1,4,1,3,104,53,51
HOCKLEY COUNTY,219,52 Years,285,142,143,137,65,72,11,5,6,2,1,1,3,1,2,132,70,62
HOCKLEY COUNTY,219,53 Years,266,129,137,130,63,67,8,4,4,1,1,0,3,1,2,124,60,64
HOCKLEY COUNTY,219,54 Years,279,133,146,137,61,76,10,4,6,0,0,0,2,0,2,130,68,62
HOCKLEY COUNTY,219,55 Years,285,144,141,152,71,81,14,6,8,1,1,0,2,1,1,116,65,51
HOCKLEY COUNTY,219,56 Years,286,119,167,161,72,89,13,4,9,0,0,0,3,1,2,109,42,67
HOCKLEY COUNTY,219,57 Years,279,133,146,166,80,86,11,6,5,0,0,0,2,1,1,100,46,54
HOCKLEY COUNTY,219,58 Years,264,142,122,149,74,75,6,4,2,1,1,0,3,2,1,105,61,44
HOCKLEY COUNTY,219,59 Years,269,136,133,157,75,82,11,3,8,0,0,0,2,1,1,99,57,42
HOCKLEY COUNTY,219,60 Years,248,122,126,137,66,71,14,6,8,0,0,0,4,2,2,93,48,45
HOCKLEY COUNTY,219,61 Years,281,148,133,167,86,81,14,6,8,3,1,2,1,1,0,96,54,42
HOCKLEY COUNTY,219,62 Years,252,135,117,157,80,77,9,6,3,1,0,1,2,1,1,83,48,35
HOCKLEY COUNTY,219,63 Years,251,122,129,153,70,83,9,4,5,0,0,0,3,1,2,86,47,39
HOCKLEY COUNTY,219,64 Years,264,131,133,171,84,87,9,5,4,0,0,0,5,2,3,79,40,39
HOCKLEY COUNTY,219,65 Years,246,126,120,168,83,85,7,3,4,0,0,0,4,3,1,67,37,30
HOCKLEY COUNTY,219,66 Years,229,113,116,147,74,73,9,3,6,0,0,0,2,0,2,71,36,35
HOCKLEY COUNTY,219,67 Years,208,112,96,131,73,58,5,2,3,0,0,0,4,3,1,68,34,34
HOCKLEY COUNTY,219,68 Years,207,100,107,137,69,68,6,3,3,1,1,0,3,2,1,60,25,35
HOCKLEY COUNTY,219,69 Years,202,90,112,131,54,77,4,3,1,0,0,0,4,1,3,63,32,31
HOCKLEY COUNTY,219,70 Years,189,83,106,124,56,68,3,2,1,0,0,0,3,1,2,59,24,35
HOCKLEY COUNTY,219,71 Years,176,77,99,116,54,62,2,1,1,0,0,0,4,2,2,54,20,34
HOCKLEY COUNTY,219,72 Years,163,77,86,101,49,52,3,1,2,0,0,0,3,2,1,56,25,31
HOCKLEY COUNTY,219,73 Years,156,75,81,107,54,53,3,1,2,0,0,0,1,1,0,45,19,26
HOCKLEY COUNTY,219,74 Years,168,71,97,128,56,72,2,1,1,0,0,0,3,0,3,35,14,21
HOCKLEY COUNTY,219,75 Years,145,60,85,105,42,63,3,3,0,0,0,0,2,0,2,35,15,20
HOCKLEY COUNTY,219,76 Years,130,54,76,96,37,59,5,2,3,0,0,0,2,2,0,27,13,14
HOCKLEY COUNTY,219,77 Years,119,52,67,85,38,47,4,2,2,0,0,0,1,1,0,29,11,18
HOCKLEY COUNTY,219,78 Years,105,41,64,74,26,48,4,4,0,0,0,0,1,0,1,26,11,15
HOCKLEY COUNTY,219,79 Years,114,39,75,82,26,56,1,1,0,0,0,0,1,0,1,30,12,18
HOCKLEY COUNTY,219,80 Years,114,46,68,84,33,51,8,4,4,0,0,0,3,1,2,19,8,11
HOCKLEY COUNTY,219,81 Years,113,46,67,81,32,49,6,2,4,1,1,0,4,3,1,21,8,13
HOCKLEY COUNTY,219,82 Years,102,39,63,68,25,43,4,1,3,1,0,1,2,2,0,27,11,16
HOCKLEY COUNTY,219,83 Years,82,35,47,57,25,32,1,1,0,1,0,1,1,1,0,22,8,14
HOCKLEY COUNTY,219,84 Years,77,30,47,55,24,31,0,0,0,0,0,0,2,0,2,20,6,14
HOCKLEY COUNTY,219,85 Years,64,23,41,40,18,22,3,0,3,0,0,0,0,0,0,21,5,16
HOCKLEY COUNTY,219,86 Years,59,23,36,42,17,25,4,2,2,0,0,0,0,0,0,13,4,9
HOCKLEY COUNTY,219,87 Years,53,20,33,36,15,21,3,1,2,0,0,0,3,1,2,11,3,8
HOCKLEY COUNTY,219,88 Years,47,16,31,32,12,20,0,0,0,0,0,0,1,0,1,14,4,10
HOCKLEY COUNTY,219,89 Years,41,14,27,25,9,16,3,1,2,0,0,0,0,0,0,13,4,9
HOCKLEY COUNTY,219,90 Years,39,16,23,26,12,14,5,1,4,0,0,0,0,0,0,8,3,5
HOCKLEY COUNTY,219,91 Years,32,11,21,22,8,14,2,0,2,0,0,0,0,0,0,8,3,5
HOCKLEY COUNTY,219,92 Years,26,9,17,17,6,11,1,0,1,0,0,0,0,0,0,8,3,5
HOCKLEY COUNTY,219,93 Years,15,4,11,10,3,7,1,0,1,0,0,0,0,0,0,4,1,3
HOCKLEY COUNTY,219,94 Years,10,3,7,5,1,4,0,0,0,0,0,0,0,0,0,5,2,3
HOCKLEY COUNTY,219,95 Years +,37,10,27,20,5,15,4,2,2,0,0,0,0,0,0,13,3,10
HOOD COUNTY,221,All Ages,57847,28400,29447,49153,23918,25235,248,155,93,322,134,188,970,483,487,7154,3710,3444
HOOD COUNTY,221,< 1 Year,583,293,290,434,221,213,3,1,2,2,1,1,18,8,10,126,62,64
HOOD COUNTY,221,1 Years,612,320,292,458,245,213,3,1,2,3,2,1,19,8,11,129,64,65
HOOD COUNTY,221,2 Years,606,324,282,447,242,205,2,1,1,4,2,2,21,11,10,132,68,64
HOOD COUNTY,221,3 Years,614,330,284,459,251,208,1,1,0,3,2,1,19,9,10,132,67,65
HOOD COUNTY,221,4 Years,585,305,280,439,236,203,2,1,1,2,1,1,15,7,8,127,60,67
HOOD COUNTY,221,5 Years,581,298,283,437,233,204,3,2,1,2,1,1,12,8,4,127,54,73
HOOD COUNTY,221,6 Years,579,307,272,428,236,192,3,2,1,2,1,1,13,10,3,133,58,75
HOOD COUNTY,221,7 Years,582,297,285,424,228,196,0,0,0,2,0,2,14,9,5,142,60,82
HOOD COUNTY,221,8 Years,642,338,304,471,240,231,2,1,1,4,0,4,13,9,4,152,88,64
HOOD COUNTY,221,9 Years,710,347,363,525,260,265,2,1,1,6,2,4,14,4,10,163,80,83
HOOD COUNTY,221,10 Years,735,368,367,548,273,275,1,0,1,6,4,2,13,8,5,167,83,84
HOOD COUNTY,221,11 Years,712,383,329,529,288,241,3,1,2,6,1,5,16,9,7,158,84,74
HOOD COUNTY,221,12 Years,688,380,308,513,277,236,4,2,2,3,1,2,16,7,9,152,93,59
HOOD COUNTY,221,13 Years,679,343,336,505,245,260,2,0,2,5,3,2,10,5,5,157,90,67
HOOD COUNTY,221,14 Years,695,342,353,537,258,279,2,2,0,6,3,3,12,8,4,138,71,67
HOOD COUNTY,221,15 Years,657,339,318,514,268,246,5,2,3,2,1,1,15,7,8,121,61,60
HOOD COUNTY,221,16 Years,645,353,292,489,279,210,5,1,4,3,0,3,18,6,12,130,67,63
HOOD COUNTY,221,17 Years,700,365,335,551,296,255,4,2,2,3,1,2,14,8,6,128,58,70
HOOD COUNTY,221,18 Years,609,315,294,469,248,221,4,3,1,1,1,0,16,6,10,119,57,62
HOOD COUNTY,221,19 Years,534,266,268,411,202,209,3,3,0,4,2,2,16,9,7,100,50,50
HOOD COUNTY,221,20 Years,535,276,259,411,217,194,5,3,2,2,2,0,14,7,7,103,47,56
HOOD COUNTY,221,21 Years,525,284,241,400,223,177,3,2,1,3,2,1,19,9,10,100,48,52
HOOD COUNTY,221,22 Years,558,300,258,437,239,198,6,4,2,3,2,1,12,7,5,100,48,52
HOOD COUNTY,221,23 Years,611,310,301,487,244,243,10,5,5,3,2,1,14,10,4,97,49,48
HOOD COUNTY,221,24 Years,659,333,326,526,264,262,9,6,3,3,2,1,14,7,7,107,54,53
HOOD COUNTY,221,25 Years,685,338,347,546,265,281,4,3,1,3,0,3,15,7,8,117,63,54
HOOD COUNTY,221,26 Years,627,321,306,504,255,249,2,1,1,3,2,1,15,9,6,103,54,49
HOOD COUNTY,221,27 Years,646,324,322,511,245,266,4,2,2,2,2,0,8,4,4,121,71,50
HOOD COUNTY,221,28 Years,638,307,331,505,236,269,3,2,1,5,3,2,7,3,4,118,63,55
HOOD COUNTY,221,29 Years,655,324,331,507,243,264,3,2,1,3,2,1,8,2,6,134,75,59
HOOD COUNTY,221,30 Years,634,306,328,495,228,267,1,1,0,1,1,0,6,2,4,131,74,57
HOOD COUNTY,221,31 Years,570,292,278,433,210,223,3,2,1,4,2,2,10,3,7,120,75,45
HOOD COUNTY,221,32 Years,640,307,333,510,238,272,4,2,2,2,1,1,13,4,9,111,62,49
HOOD COUNTY,221,33 Years,652,309,343,517,243,274,1,1,0,4,2,2,8,3,5,122,60,62
HOOD COUNTY,221,34 Years,636,298,338,511,242,269,4,3,1,5,1,4,9,5,4,107,47,60
HOOD COUNTY,221,35 Years,636,319,317,527,269,258,2,1,1,4,1,3,7,4,3,96,44,52
HOOD COUNTY,221,36 Years,645,326,319,536,272,264,3,1,2,6,2,4,7,4,3,93,47,46
HOOD COUNTY,221,37 Years,607,311,296,490,247,243,1,0,1,5,1,4,6,3,3,105,60,45
HOOD COUNTY,221,38 Years,565,286,279,459,232,227,4,4,0,4,1,3,10,3,7,88,46,42
HOOD COUNTY,221,39 Years,553,300,253,456,247,209,2,2,0,2,0,2,7,3,4,86,48,38
HOOD COUNTY,221,40 Years,556,290,266,455,233,222,4,3,1,4,3,1,6,4,2,87,47,40
HOOD COUNTY,221,41 Years,534,249,285,436,190,246,4,4,0,4,4,0,6,5,1,84,46,38
HOOD COUNTY,221,42 Years,544,257,287,434,200,234,5,3,2,3,3,0,10,5,5,92,46,46
HOOD COUNTY,221,43 Years,543,282,261,453,235,218,2,1,1,2,0,2,5,1,4,81,45,36
HOOD COUNTY,221,44 Years,560,291,269,457,240,217,3,1,2,6,2,4,4,3,1,90,45,45
HOOD COUNTY,221,45 Years,626,292,334,532,246,286,3,2,1,8,2,6,10,5,5,73,37,36
HOOD COUNTY,221,46 Years,629,313,316,550,268,282,5,4,1,5,1,4,9,4,5,60,36,24
HOOD COUNTY,221,47 Years,662,331,331,564,274,290,3,3,0,6,3,3,8,4,4,81,47,34
HOOD COUNTY,221,48 Years,637,300,337,535,244,291,2,2,0,6,4,2,7,5,2,87,45,42
HOOD COUNTY,221,49 Years,608,293,315,509,240,269,1,1,0,3,3,0,6,2,4,89,47,42
HOOD COUNTY,221,50 Years,654,302,352,550,252,298,3,0,3,3,1,2,8,3,5,90,46,44
HOOD COUNTY,221,51 Years,668,328,340,563,281,282,2,0,2,7,2,5,9,3,6,87,42,45
HOOD COUNTY,221,52 Years,745,361,384,634,309,325,3,3,0,7,2,5,11,5,6,90,42,48
HOOD COUNTY,221,53 Years,753,365,388,664,319,345,1,1,0,4,1,3,10,5,5,74,39,35
HOOD COUNTY,221,54 Years,800,381,419,696,333,363,4,3,1,5,1,4,12,7,5,83,37,46
HOOD COUNTY,221,55 Years,815,402,413,717,346,371,3,3,0,9,4,5,19,11,8,67,38,29
HOOD COUNTY,221,56 Years,838,427,411,752,370,382,4,4,0,5,3,2,15,9,6,62,41,21
HOOD COUNTY,221,57 Years,908,428,480,810,379,431,4,0,4,5,3,2,19,9,10,70,37,33
HOOD COUNTY,221,58 Years,893,406,487,806,366,440,2,1,1,4,2,2,16,7,9,65,30,35
HOOD COUNTY,221,59 Years,879,436,443,787,389,398,2,2,0,5,1,4,12,7,5,73,37,36
HOOD COUNTY,221,60 Years,885,419,466,801,373,428,3,2,1,7,0,7,15,7,8,59,37,22
HOOD COUNTY,221,61 Years,931,435,496,834,382,452,6,5,1,8,2,6,16,8,8,67,38,29
HOOD COUNTY,221,62 Years,923,458,465,826,406,420,4,3,1,5,2,3,18,9,9,70,38,32
HOOD COUNTY,221,63 Years,925,476,449,855,442,413,3,3,0,4,2,2,16,10,6,47,19,28
HOOD COUNTY,221,64 Years,912,389,523,852,367,485,4,1,3,5,2,3,15,7,8,36,12,24
HOOD COUNTY,221,65 Years,853,397,456,809,377,432,1,0,1,6,1,5,12,5,7,25,14,11
HOOD COUNTY,221,66 Years,806,384,422,754,352,402,4,2,2,3,1,2,12,5,7,33,24,9
HOOD COUNTY,221,67 Years,868,406,462,816,381,435,4,2,2,7,3,4,8,3,5,33,17,16
HOOD COUNTY,221,68 Years,854,383,471,809,366,443,2,1,1,3,1,2,13,5,8,27,10,17
HOOD COUNTY,221,69 Years,853,408,445,813,387,426,5,4,1,2,1,1,10,5,5,23,11,12
HOOD COUNTY,221,70 Years,874,443,431,839,422,417,5,4,1,3,1,2,7,4,3,20,12,8
HOOD COUNTY,221,71 Years,738,348,390,698,327,371,4,2,2,4,1,3,9,6,3,23,12,11
HOOD COUNTY,221,72 Years,749,341,408,704,320,384,1,0,1,5,2,3,12,6,6,27,13,14
HOOD COUNTY,221,73 Years,746,375,371,711,357,354,1,1,0,4,2,2,10,6,4,20,9,11
HOOD COUNTY,221,74 Years,683,336,347,653,318,335,2,2,0,2,1,1,5,3,2,21,12,9
HOOD COUNTY,221,75 Years,631,298,333,600,278,322,3,2,1,2,1,1,8,5,3,18,12,6
HOOD COUNTY,221,76 Years,599,286,313,569,267,302,2,1,1,4,2,2,7,4,3,17,12,5
HOOD COUNTY,221,77 Years,543,265,278,524,254,270,1,1,0,1,0,1,7,3,4,10,7,3
HOOD COUNTY,221,78 Years,529,269,260,509,255,254,1,1,0,1,0,1,6,3,3,12,10,2
HOOD COUNTY,221,79 Years,472,240,232,456,230,226,0,0,0,2,1,1,5,3,2,9,6,3
HOOD COUNTY,221,80 Years,429,208,221,417,199,218,1,1,0,0,0,0,3,2,1,8,6,2
HOOD COUNTY,221,81 Years,429,203,226,414,194,220,0,0,0,1,0,1,6,3,3,8,6,2
HOOD COUNTY,221,82 Years,383,177,206,372,171,201,0,0,0,0,0,0,4,1,3,7,5,2
HOOD COUNTY,221,83 Years,332,155,177,323,151,172,0,0,0,1,1,0,4,1,3,4,2,2
HOOD COUNTY,221,84 Years,292,130,162,285,127,158,1,1,0,0,0,0,2,1,1,4,1,3
HOOD COUNTY,221,85 Years,263,115,148,255,112,143,0,0,0,1,0,1,3,1,2,4,2,2
HOOD COUNTY,221,86 Years,240,103,137,231,99,132,1,0,1,0,0,0,2,0,2,6,4,2
HOOD COUNTY,221,87 Years,230,95,135,222,91,131,0,0,0,1,1,0,3,1,2,4,2,2
HOOD COUNTY,221,88 Years,208,89,119,200,85,115,0,0,0,0,0,0,3,1,2,5,3,2
HOOD COUNTY,221,89 Years,152,58,94,146,56,90,0,0,0,0,0,0,2,0,2,4,2,2
HOOD COUNTY,221,90 Years,141,48,93,131,42,89,0,0,0,1,0,1,1,1,0,8,5,3
HOOD COUNTY,221,91 Years,120,40,80,112,36,76,0,0,0,1,1,0,2,1,1,5,2,3
HOOD COUNTY,221,92 Years,95,29,66,89,26,63,0,0,0,0,0,0,2,1,1,4,2,2
HOOD COUNTY,221,93 Years,75,23,52,70,20,50,1,1,0,0,0,0,2,1,1,2,1,1
HOOD COUNTY,221,94 Years,64,19,45,60,16,44,0,0,0,0,0,0,2,1,1,2,2,0
HOOD COUNTY,221,95 Years +,143,34,109,134,33,101,0,0,0,1,0,1,3,1,2,5,0,5
HOPKINS COUNTY,223,All Ages,36638,17983,18655,26905,12980,13925,2605,1265,1340,196,94,102,834,405,429,6098,3239,2859
HOPKINS COUNTY,223,< 1 Year,441,216,225,275,140,135,27,16,11,4,1,3,24,6,18,111,53,58
HOPKINS COUNTY,223,1 Years,431,210,221,263,130,133,30,16,14,4,2,2,21,7,14,113,55,58
HOPKINS COUNTY,223,2 Years,458,235,223,287,148,139,26,11,15,3,2,1,21,10,11,121,64,57
HOPKINS COUNTY,223,3 Years,440,228,212,276,140,136,26,11,15,3,2,1,23,15,8,112,60,52
HOPKINS COUNTY,223,4 Years,447,228,219,287,149,138,26,10,16,3,1,2,25,16,9,106,52,54
HOPKINS COUNTY,223,5 Years,458,236,222,287,149,138,28,12,16,3,2,1,28,19,9,112,54,58
HOPKINS COUNTY,223,6 Years,485,251,234,306,158,148,29,13,16,2,1,1,24,15,9,124,64,60
HOPKINS COUNTY,223,7 Years,487,260,227,306,167,139,28,18,10,2,1,1,25,14,11,126,60,66
HOPKINS COUNTY,223,8 Years,509,274,235,292,163,129,41,22,19,0,0,0,26,10,16,150,79,71
HOPKINS COUNTY,223,9 Years,493,261,232,295,162,133,30,15,15,4,1,3,25,12,13,139,71,68
HOPKINS COUNTY,223,10 Years,518,266,252,310,150,160,29,12,17,2,1,1,23,11,12,154,92,62
HOPKINS COUNTY,223,11 Years,513,255,258,309,154,155,34,18,16,2,2,0,25,8,17,143,73,70
HOPKINS COUNTY,223,12 Years,488,247,241,292,145,147,39,20,19,1,0,1,28,13,15,128,69,59
HOPKINS COUNTY,223,13 Years,518,277,241,315,169,146,39,20,19,3,2,1,22,10,12,139,76,63
HOPKINS COUNTY,223,14 Years,501,250,251,310,148,162,33,21,12,2,1,1,22,9,13,134,71,63
HOPKINS COUNTY,223,15 Years,494,248,246,311,155,156,30,18,12,2,0,2,18,8,10,133,67,66
HOPKINS COUNTY,223,16 Years,518,283,235,327,184,143,42,26,16,2,1,1,14,6,8,133,66,67
HOPKINS COUNTY,223,17 Years,481,269,212,300,159,141,40,25,15,4,4,0,17,9,8,120,72,48
HOPKINS COUNTY,223,18 Years,456,239,217,281,141,140,34,20,14,5,4,1,13,8,5,123,66,57
HOPKINS COUNTY,223,19 Years,401,197,204,245,122,123,32,13,19,2,1,1,12,7,5,110,54,56
HOPKINS COUNTY,223,20 Years,388,204,184,239,132,107,40,19,21,0,0,0,11,2,9,98,51,47
HOPKINS COUNTY,223,21 Years,405,205,200,249,136,113,40,18,22,0,0,0,13,4,9,103,47,56
HOPKINS COUNTY,223,22 Years,422,207,215,263,136,127,35,14,21,5,1,4,7,4,3,112,52,60
HOPKINS COUNTY,223,23 Years,462,231,231,288,139,149,38,19,19,3,1,2,17,12,5,116,60,56
HOPKINS COUNTY,223,24 Years,463,228,235,305,152,153,39,19,20,2,1,1,13,5,8,104,51,53
HOPKINS COUNTY,223,25 Years,471,231,240,306,140,166,50,27,23,5,4,1,11,5,6,99,55,44
HOPKINS COUNTY,223,26 Years,481,235,246,340,155,185,40,22,18,3,3,0,6,3,3,92,52,40
HOPKINS COUNTY,223,27 Years,441,211,230,309,142,167,35,16,19,2,2,0,4,3,1,91,48,43
HOPKINS COUNTY,223,28 Years,432,219,213,311,155,156,24,12,12,1,1,0,4,3,1,92,48,44
HOPKINS COUNTY,223,29 Years,489,240,249,364,167,197,22,12,10,1,1,0,5,3,2,97,57,40
HOPKINS COUNTY,223,30 Years,478,227,251,359,165,194,22,13,9,3,2,1,5,2,3,89,45,44
HOPKINS COUNTY,223,31 Years,473,245,228,353,175,178,25,14,11,1,1,0,14,5,9,80,50,30
HOPKINS COUNTY,223,32 Years,454,230,224,326,157,169,26,14,12,2,2,0,7,3,4,93,54,39
HOPKINS COUNTY,223,33 Years,422,208,214,301,150,151,32,14,18,0,0,0,6,3,3,83,41,42
HOPKINS COUNTY,223,34 Years,437,210,227,317,152,165,31,16,15,1,1,0,8,2,6,80,39,41
HOPKINS COUNTY,223,35 Years,411,210,201,305,147,158,27,15,12,2,1,1,4,2,2,73,45,28
HOPKINS COUNTY,223,36 Years,416,208,208,295,143,152,33,19,14,6,2,4,4,2,2,78,42,36
HOPKINS COUNTY,223,37 Years,425,219,206,300,156,144,30,15,15,4,2,2,8,5,3,83,41,42
HOPKINS COUNTY,223,38 Years,395,190,205,292,138,154,27,12,15,3,2,1,4,3,1,69,35,34
HOPKINS COUNTY,223,39 Years,395,197,198,285,144,141,27,15,12,2,1,1,8,3,5,73,34,39
HOPKINS COUNTY,223,40 Years,396,196,200,281,138,143,23,12,11,1,0,1,8,5,3,83,41,42
HOPKINS COUNTY,223,41 Years,400,190,210,274,138,136,28,10,18,1,0,1,8,6,2,89,36,53
HOPKINS COUNTY,223,42 Years,414,193,221,302,147,155,26,6,20,3,2,1,5,3,2,78,35,43
HOPKINS COUNTY,223,43 Years,441,199,242,315,145,170,28,11,17,3,1,2,3,2,1,92,40,52
HOPKINS COUNTY,223,44 Years,407,193,214,301,143,158,29,16,13,2,0,2,4,2,2,71,32,39
HOPKINS COUNTY,223,45 Years,448,217,231,342,165,177,33,15,18,1,0,1,7,2,5,65,35,30
HOPKINS COUNTY,223,46 Years,447,218,229,343,166,177,38,19,19,0,0,0,9,3,6,57,30,27
HOPKINS COUNTY,223,47 Years,431,212,219,334,159,175,25,12,13,3,2,1,8,4,4,61,35,26
HOPKINS COUNTY,223,48 Years,455,220,235,340,153,187,34,14,20,4,2,2,9,4,5,68,47,21
HOPKINS COUNTY,223,49 Years,459,215,244,353,156,197,33,15,18,6,3,3,4,2,2,63,39,24
HOPKINS COUNTY,223,50 Years,390,194,196,288,141,147,35,21,14,4,1,3,4,1,3,59,30,29
HOPKINS COUNTY,223,51 Years,432,204,228,326,151,175,34,20,14,2,0,2,6,1,5,64,32,32
HOPKINS COUNTY,223,52 Years,474,226,248,362,171,191,30,15,15,2,1,1,5,0,5,75,39,36
HOPKINS COUNTY,223,53 Years,483,241,242,363,175,188,31,15,16,3,1,2,7,3,4,79,47,32
HOPKINS COUNTY,223,54 Years,484,261,223,373,196,177,31,12,19,5,2,3,4,3,1,71,48,23
HOPKINS COUNTY,223,55 Years,515,259,256,411,200,211,32,13,19,2,1,1,6,3,3,64,42,22
HOPKINS COUNTY,223,56 Years,499,238,261,386,185,201,40,14,26,4,3,1,8,4,4,61,32,29
HOPKINS COUNTY,223,57 Years,496,244,252,406,196,210,36,16,20,3,2,1,4,2,2,47,28,19
HOPKINS COUNTY,223,58 Years,481,242,239,388,194,194,35,16,19,3,0,3,5,3,2,50,29,21
HOPKINS COUNTY,223,59 Years,475,238,237,386,186,200,33,20,13,5,0,5,9,6,3,42,26,16
HOPKINS COUNTY,223,60 Years,470,239,231,383,189,194,36,23,13,2,0,2,9,5,4,40,22,18
HOPKINS COUNTY,223,61 Years,495,252,243,406,196,210,35,21,14,3,2,1,8,5,3,43,28,15
HOPKINS COUNTY,223,62 Years,486,240,246,415,198,217,35,19,16,3,2,1,4,3,1,29,18,11
HOPKINS COUNTY,223,63 Years,457,226,231,382,179,203,43,26,17,2,2,0,4,2,2,26,17,9
HOPKINS COUNTY,223,64 Years,435,206,229,356,162,194,42,22,20,2,2,0,8,2,6,27,18,9
HOPKINS COUNTY,223,65 Years,440,214,226,368,175,193,40,22,18,3,1,2,7,3,4,22,13,9
HOPKINS COUNTY,223,66 Years,424,201,223,364,172,192,33,15,18,2,0,2,5,2,3,20,12,8
HOPKINS COUNTY,223,67 Years,432,198,234,370,169,201,32,13,19,1,1,0,6,1,5,23,14,9
HOPKINS COUNTY,223,68 Years,458,207,251,402,182,220,30,12,18,3,1,2,6,2,4,17,10,7
HOPKINS COUNTY,223,69 Years,427,189,238,371,169,202,31,10,21,2,0,2,8,4,4,15,6,9
HOPKINS COUNTY,223,70 Years,422,188,234,368,164,204,33,13,20,1,0,1,7,4,3,13,7,6
HOPKINS COUNTY,223,71 Years,363,179,184,314,153,161,29,14,15,1,0,1,3,2,1,16,10,6
HOPKINS COUNTY,223,72 Years,340,175,165,308,158,150,15,7,8,1,0,1,3,1,2,13,9,4
HOPKINS COUNTY,223,73 Years,336,169,167,304,154,150,15,5,10,1,1,0,3,1,2,13,8,5
HOPKINS COUNTY,223,74 Years,327,163,164,287,144,143,20,9,11,2,1,1,5,4,1,13,5,8
HOPKINS COUNTY,223,75 Years,286,129,157,249,108,141,21,10,11,2,2,0,3,2,1,11,7,4
HOPKINS COUNTY,223,76 Years,289,123,166,254,108,146,20,7,13,1,0,1,2,1,1,12,7,5
HOPKINS COUNTY,223,77 Years,245,115,130,210,102,108,21,7,14,1,0,1,1,0,1,12,6,6
HOPKINS COUNTY,223,78 Years,235,113,122,201,98,103,21,8,13,1,0,1,5,4,1,7,3,4
HOPKINS COUNTY,223,79 Years,205,92,113,182,84,98,16,5,11,1,0,1,2,2,0,4,1,3
HOPKINS COUNTY,223,80 Years,199,91,108,183,84,99,10,2,8,0,0,0,1,1,0,5,4,1
HOPKINS COUNTY,223,81 Years,193,83,110,177,75,102,9,5,4,0,0,0,1,0,1,6,3,3
HOPKINS COUNTY,223,82 Years,188,79,109,169,70,99,13,5,8,0,0,0,3,2,1,3,2,1
HOPKINS COUNTY,223,83 Years,178,71,107,158,63,95,12,4,8,1,0,1,2,2,0,5,2,3
HOPKINS COUNTY,223,84 Years,151,60,91,134,53,81,9,2,7,1,0,1,0,0,0,7,5,2
HOPKINS COUNTY,223,85 Years,130,50,80,115,45,70,10,3,7,0,0,0,0,0,0,5,2,3
HOPKINS COUNTY,223,86 Years,114,43,71,103,38,65,8,4,4,1,0,1,0,0,0,2,1,1
HOPKINS COUNTY,223,87 Years,105,39,66,95,33,62,5,2,3,1,0,1,1,1,0,3,3,0
HOPKINS COUNTY,223,88 Years,100,38,62,91,34,57,6,2,4,0,0,0,2,1,1,1,1,0
HOPKINS COUNTY,223,89 Years,78,29,49,70,26,44,3,0,3,1,1,0,3,1,2,1,1,0
HOPKINS COUNTY,223,90 Years,60,22,38,53,18,35,4,2,2,0,0,0,1,0,1,2,2,0
HOPKINS COUNTY,223,91 Years,53,19,34,46,17,29,5,2,3,0,0,0,1,0,1,1,0,1
HOPKINS COUNTY,223,92 Years,47,15,32,40,11,29,5,2,3,0,0,0,1,1,0,1,1,0
HOPKINS COUNTY,223,93 Years,37,12,25,33,10,23,3,1,2,0,0,0,0,0,0,1,1,0
HOPKINS COUNTY,223,94 Years,30,10,20,25,8,17,5,2,3,0,0,0,0,0,0,0,0,0
HOPKINS COUNTY,223,95 Years +,79,19,60,64,12,52,10,5,5,0,0,0,1,0,1,4,2,2
HOUSTON COUNTY,225,All Ages,23385,12492,10893,14310,7284,7026,5788,3211,2577,106,43,63,451,214,237,2730,1740,990
HOUSTON COUNTY,225,< 1 Year,281,151,130,130,72,58,84,44,40,1,1,0,16,8,8,50,26,24
HOUSTON COUNTY,225,1 Years,270,142,128,126,67,59,82,42,40,1,1,0,16,8,8,45,24,21
HOUSTON COUNTY,225,2 Years,254,129,125,122,63,59,74,37,37,1,1,0,14,7,7,43,21,22
HOUSTON COUNTY,225,3 Years,248,125,123,113,54,59,74,38,36,2,1,1,15,8,7,44,24,20
HOUSTON COUNTY,225,4 Years,257,131,126,117,57,60,70,34,36,2,1,1,19,12,7,49,27,22
HOUSTON COUNTY,225,5 Years,258,128,130,114,53,61,71,33,38,2,1,1,21,12,9,50,29,21
HOUSTON COUNTY,225,6 Years,255,123,132,118,58,60,71,29,42,2,1,1,15,8,7,49,27,22
HOUSTON COUNTY,225,7 Years,277,138,139,127,76,51,80,29,51,1,1,0,13,3,10,56,29,27
HOUSTON COUNTY,225,8 Years,269,137,132,130,71,59,74,35,39,1,1,0,11,4,7,53,26,27
HOUSTON COUNTY,225,9 Years,239,118,121,121,59,62,58,29,29,1,1,0,10,3,7,49,26,23
HOUSTON COUNTY,225,10 Years,255,132,123,134,66,68,59,35,24,3,0,3,12,7,5,47,24,23
HOUSTON COUNTY,225,11 Years,275,142,133,144,75,69,64,35,29,4,0,4,16,6,10,47,26,21
HOUSTON COUNTY,225,12 Years,265,139,126,152,74,78,54,32,22,3,0,3,10,6,4,46,27,19
HOUSTON COUNTY,225,13 Years,246,124,122,139,73,66,52,24,28,3,1,2,12,6,6,40,20,20
HOUSTON COUNTY,225,14 Years,222,112,110,122,66,56,49,20,29,2,2,0,11,5,6,38,19,19
HOUSTON COUNTY,225,15 Years,256,135,121,137,72,65,55,31,24,1,0,1,16,7,9,47,25,22
HOUSTON COUNTY,225,16 Years,248,120,128,137,69,68,59,27,32,1,0,1,12,7,5,39,17,22
HOUSTON COUNTY,225,17 Years,253,129,124,133,67,66,58,29,29,0,0,0,12,6,6,50,27,23
HOUSTON COUNTY,225,18 Years,225,112,113,128,62,66,55,27,28,0,0,0,8,4,4,34,19,15
HOUSTON COUNTY,225,19 Years,218,104,114,116,57,59,48,22,26,2,1,1,9,4,5,43,20,23
HOUSTON COUNTY,225,20 Years,192,101,91,105,50,55,47,29,18,0,0,0,8,5,3,32,17,15
HOUSTON COUNTY,225,21 Years,208,123,85,119,67,52,46,28,18,1,0,1,4,2,2,38,26,12
HOUSTON COUNTY,225,22 Years,232,137,95,135,77,58,58,39,19,1,0,1,7,2,5,31,19,12
HOUSTON COUNTY,225,23 Years,265,147,118,147,81,66,76,41,35,2,1,1,5,2,3,35,22,13
HOUSTON COUNTY,225,24 Years,301,159,142,162,83,79,97,54,43,1,1,0,3,1,2,38,20,18
HOUSTON COUNTY,225,25 Years,317,185,132,161,87,74,102,67,35,0,0,0,4,4,0,50,27,23
HOUSTON COUNTY,225,26 Years,319,171,148,160,77,83,104,62,42,1,0,1,4,2,2,50,30,20
HOUSTON COUNTY,225,27 Years,269,143,126,141,71,70,91,45,46,2,1,1,0,0,0,35,26,9
HOUSTON COUNTY,225,28 Years,251,134,117,136,65,71,79,43,36,1,1,0,1,1,0,34,24,10
HOUSTON COUNTY,225,29 Years,259,151,108,129,73,56,84,48,36,2,2,0,4,3,1,40,25,15
HOUSTON COUNTY,225,30 Years,285,168,117,143,78,65,86,52,34,2,1,1,2,2,0,52,35,17
HOUSTON COUNTY,225,31 Years,294,189,105,144,90,54,97,62,35,1,1,0,4,1,3,48,35,13
HOUSTON COUNTY,225,32 Years,262,157,105,127,63,64,90,59,31,0,0,0,2,0,2,43,35,8
HOUSTON COUNTY,225,33 Years,282,170,112,147,75,72,86,55,31,0,0,0,2,1,1,47,39,8
HOUSTON COUNTY,225,34 Years,299,176,123,170,94,76,76,48,28,2,0,2,2,0,2,49,34,15
HOUSTON COUNTY,225,35 Years,306,181,125,174,94,80,77,49,28,1,0,1,2,1,1,52,37,15
HOUSTON COUNTY,225,36 Years,297,189,108,159,95,64,82,53,29,0,0,0,3,1,2,53,40,13
HOUSTON COUNTY,225,37 Years,311,185,126,161,96,65,85,49,36,3,0,3,4,1,3,58,39,19
HOUSTON COUNTY,225,38 Years,291,181,110,158,90,68,80,57,23,5,0,5,2,2,0,46,32,14
HOUSTON COUNTY,225,39 Years,281,168,113,153,86,67,82,52,30,3,0,3,3,1,2,40,29,11
HOUSTON COUNTY,225,40 Years,286,184,102,127,75,52,101,67,34,2,2,0,3,1,2,53,39,14
HOUSTON COUNTY,225,41 Years,260,166,94,134,82,52,76,47,29,2,2,0,4,3,1,44,32,12
HOUSTON COUNTY,225,42 Years,295,192,103,155,93,62,85,59,26,3,2,1,4,1,3,48,37,11
HOUSTON COUNTY,225,43 Years,284,181,103,150,82,68,79,57,22,2,2,0,2,0,2,51,40,11
HOUSTON COUNTY,225,44 Years,315,202,113,170,97,73,87,61,26,2,1,1,2,1,1,54,42,12
HOUSTON COUNTY,225,45 Years,336,212,124,168,93,75,110,75,35,2,1,1,2,1,1,54,42,12
HOUSTON COUNTY,225,46 Years,337,211,126,186,105,81,102,67,35,0,0,0,3,2,1,46,37,9
HOUSTON COUNTY,225,47 Years,319,197,122,178,99,79,102,68,34,0,0,0,3,2,1,36,28,8
HOUSTON COUNTY,225,48 Years,299,179,120,173,92,81,83,55,28,2,1,1,4,2,2,37,29,8
HOUSTON COUNTY,225,49 Years,318,205,113,189,112,77,78,53,25,3,1,2,6,5,1,42,34,8
HOUSTON COUNTY,225,50 Years,298,178,120,177,96,81,79,50,29,1,0,1,1,0,1,40,32,8
HOUSTON COUNTY,225,51 Years,315,178,137,179,92,87,90,52,38,1,1,0,4,3,1,41,30,11
HOUSTON COUNTY,225,52 Years,338,200,138,203,112,91,96,59,37,0,0,0,2,2,0,37,27,10
HOUSTON COUNTY,225,53 Years,331,191,140,202,108,94,95,59,36,0,0,0,4,2,2,30,22,8
HOUSTON COUNTY,225,54 Years,344,190,154,227,118,109,91,55,36,0,0,0,2,1,1,24,16,8
HOUSTON COUNTY,225,55 Years,316,158,158,202,93,109,89,48,41,0,0,0,1,1,0,24,16,8
HOUSTON COUNTY,225,56 Years,302,156,146,200,102,98,80,41,39,0,0,0,2,0,2,20,13,7
HOUSTON COUNTY,225,57 Years,331,174,157,228,115,113,74,42,32,1,0,1,3,2,1,25,15,10
HOUSTON COUNTY,225,58 Years,310,159,151,210,101,109,80,47,33,2,0,2,1,0,1,17,11,6
HOUSTON COUNTY,225,59 Years,329,162,167,229,109,120,74,40,34,3,0,3,3,1,2,20,12,8
HOUSTON COUNTY,225,60 Years,332,157,175,228,110,118,80,36,44,1,0,1,5,1,4,18,10,8
HOUSTON COUNTY,225,61 Years,316,157,159,229,117,112,73,32,41,0,0,0,2,1,1,12,7,5
HOUSTON COUNTY,225,62 Years,333,162,171,238,118,120,80,35,45,0,0,0,0,0,0,15,9,6
HOUSTON COUNTY,225,63 Years,326,153,173,233,113,120,73,30,43,1,0,1,4,1,3,15,9,6
HOUSTON COUNTY,225,64 Years,315,155,160,226,114,112,66,30,36,1,0,1,4,0,4,18,11,7
HOUSTON COUNTY,225,65 Years,316,152,164,246,119,127,58,27,31,1,1,0,3,0,3,8,5,3
HOUSTON COUNTY,225,66 Years,283,132,151,219,106,113,54,22,32,0,0,0,2,0,2,8,4,4
HOUSTON COUNTY,225,67 Years,258,127,131,199,101,98,46,18,28,2,2,0,1,0,1,10,6,4
HOUSTON COUNTY,225,68 Years,261,130,131,212,107,105,41,18,23,2,1,1,0,0,0,6,4,2
HOUSTON COUNTY,225,69 Years,271,122,149,219,97,122,42,22,20,2,0,2,3,0,3,5,3,2
HOUSTON COUNTY,225,70 Years,274,121,153,230,99,131,37,18,19,0,0,0,3,0,3,4,4,0
HOUSTON COUNTY,225,71 Years,252,122,130,206,98,108,37,17,20,1,0,1,1,0,1,7,7,0
HOUSTON COUNTY,225,72 Years,262,125,137,206,95,111,43,22,21,0,0,0,3,2,1,10,6,4
HOUSTON COUNTY,225,73 Years,231,113,118,192,90,102,32,17,15,0,0,0,1,1,0,6,5,1
HOUSTON COUNTY,225,74 Years,223,110,113,183,90,93,32,15,17,0,0,0,2,1,1,6,4,2
HOUSTON COUNTY,225,75 Years,221,97,124,183,84,99,31,11,20,1,0,1,2,1,1,4,1,3
HOUSTON COUNTY,225,76 Years,205,103,102,173,88,85,25,12,13,1,1,0,1,0,1,5,2,3
HOUSTON COUNTY,225,77 Years,186,92,94,158,79,79,23,11,12,1,1,0,1,0,1,3,1,2
HOUSTON COUNTY,225,78 Years,181,79,102,150,64,86,24,11,13,1,1,0,3,2,1,3,1,2
HOUSTON COUNTY,225,79 Years,163,78,85,142,68,74,17,8,9,1,1,0,1,1,0,2,0,2
HOUSTON COUNTY,225,80 Years,157,70,87,133,60,73,17,8,9,1,0,1,3,1,2,3,1,2
HOUSTON COUNTY,225,81 Years,144,59,85,119,50,69,21,8,13,1,0,1,2,1,1,1,0,1
HOUSTON COUNTY,225,82 Years,147,72,75,124,60,64,17,8,9,0,0,0,3,2,1,3,2,1
HOUSTON COUNTY,225,83 Years,125,55,70,98,45,53,19,6,13,0,0,0,2,1,1,6,3,3
HOUSTON COUNTY,225,84 Years,112,54,58,91,44,47,14,5,9,0,0,0,2,2,0,5,3,2
HOUSTON COUNTY,225,85 Years,95,42,53,81,35,46,11,5,6,0,0,0,0,0,0,3,2,1
HOUSTON COUNTY,225,86 Years,82,33,49,69,28,41,10,4,6,0,0,0,1,1,0,2,0,2
HOUSTON COUNTY,225,87 Years,68,28,40,57,24,33,10,4,6,0,0,0,0,0,0,1,0,1
HOUSTON COUNTY,225,88 Years,67,28,39,54,23,31,12,4,8,0,0,0,1,1,0,0,0,0
HOUSTON COUNTY,225,89 Years,61,19,42,47,16,31,14,3,11,0,0,0,0,0,0,0,0,0
HOUSTON COUNTY,225,90 Years,59,18,41,42,15,27,15,3,12,0,0,0,1,0,1,1,0,1
HOUSTON COUNTY,225,91 Years,46,18,28,34,13,21,9,3,6,0,0,0,1,1,0,2,1,1
HOUSTON COUNTY,225,92 Years,38,12,26,29,9,20,7,2,5,0,0,0,1,0,1,1,1,0
HOUSTON COUNTY,225,93 Years,31,10,21,23,8,15,6,2,4,0,0,0,1,0,1,1,0,1
HOUSTON COUNTY,225,94 Years,29,9,20,18,7,11,8,2,6,0,0,0,1,0,1,2,0,2
HOUSTON COUNTY,225,95 Years +,60,17,43,41,11,30,17,6,11,1,0,1,0,0,0,1,0,1
HOWARD COUNTY,227,All Ages,36148,20780,15368,17641,9658,7983,2203,1608,595,255,157,98,627,355,272,15422,9002,6420
HOWARD COUNTY,227,< 1 Year,470,233,237,167,84,83,27,15,12,2,2,0,11,6,5,263,126,137
HOWARD COUNTY,227,1 Years,476,243,233,169,88,81,31,19,12,2,2,0,10,6,4,264,128,136
HOWARD COUNTY,227,2 Years,508,273,235,196,104,92,27,18,9,2,1,1,11,6,5,272,144,128
HOWARD COUNTY,227,3 Years,505,270,235,202,108,94,26,17,9,2,1,1,9,5,4,266,139,127
HOWARD COUNTY,227,4 Years,505,272,233,208,110,98,24,16,8,2,1,1,7,4,3,264,141,123
HOWARD COUNTY,227,5 Years,462,238,224,183,95,88,21,12,9,2,1,1,4,1,3,252,129,123
HOWARD COUNTY,227,6 Years,471,250,221,187,99,88,26,19,7,2,1,1,6,2,4,250,129,121
HOWARD COUNTY,227,7 Years,478,238,240,182,86,96,27,19,8,2,1,1,8,5,3,259,127,132
HOWARD COUNTY,227,8 Years,448,234,214,176,80,96,26,17,9,0,0,0,14,7,7,232,130,102
HOWARD COUNTY,227,9 Years,418,217,201,175,85,90,12,7,5,1,0,1,13,7,6,217,118,99
HOWARD COUNTY,227,10 Years,451,237,214,193,100,93,16,12,4,3,1,2,7,2,5,232,122,110
HOWARD COUNTY,227,11 Years,445,231,214,168,83,85,16,7,9,3,2,1,12,6,6,246,133,113
HOWARD COUNTY,227,12 Years,449,232,217,179,95,84,28,15,13,4,2,2,14,5,9,224,115,109
HOWARD COUNTY,227,13 Years,412,219,193,149,83,66,35,21,14,3,2,1,13,4,9,212,109,103
HOWARD COUNTY,227,14 Years,407,219,188,159,78,81,36,25,11,2,2,0,13,6,7,197,108,89
HOWARD COUNTY,227,15 Years,466,257,209,186,105,81,28,20,8,1,1,0,10,5,5,241,126,115
HOWARD COUNTY,227,16 Years,469,252,217,177,90,87,27,21,6,2,1,1,11,7,4,252,133,119
HOWARD COUNTY,227,17 Years,468,260,208,196,100,96,25,19,6,2,0,2,11,9,2,234,132,102
HOWARD COUNTY,227,18 Years,529,335,194,201,124,77,31,22,9,1,0,1,23,14,9,273,175,98
HOWARD COUNTY,227,19 Years,495,289,206,187,112,75,30,22,8,1,1,0,19,12,7,258,142,116
HOWARD COUNTY,227,20 Years,486,307,179,186,124,62,30,21,9,1,1,0,18,10,8,251,151,100
HOWARD COUNTY,227,21 Years,430,258,172,162,93,69,21,15,6,0,0,0,16,9,7,231,141,90
HOWARD COUNTY,227,22 Years,492,309,183,194,115,79,28,20,8,1,1,0,12,9,3,257,164,93
HOWARD COUNTY,227,23 Years,520,312,208,218,128,90,25,19,6,1,1,0,11,7,4,265,157,108
HOWARD COUNTY,227,24 Years,556,346,210,224,127,97,34,25,9,3,1,2,10,4,6,285,189,96
HOWARD COUNTY,227,25 Years,683,410,273,295,163,132,57,40,17,4,3,1,7,2,5,320,202,118
HOWARD COUNTY,227,26 Years,654,355,299,300,158,142,47,35,12,5,4,1,6,5,1,296,153,143
HOWARD COUNTY,227,27 Years,699,443,256,313,181,132,49,43,6,8,5,3,8,7,1,321,207,114
HOWARD COUNTY,227,28 Years,560,334,226,263,148,115,33,26,7,4,2,2,8,7,1,252,151,101
HOWARD COUNTY,227,29 Years,613,379,234,280,154,126,29,24,5,2,1,1,5,5,0,297,195,102
HOWARD COUNTY,227,30 Years,601,353,248,273,153,120,38,28,10,3,2,1,5,2,3,282,168,114
HOWARD COUNTY,227,31 Years,552,347,205,249,143,106,36,27,9,2,1,1,10,7,3,255,169,86
HOWARD COUNTY,227,32 Years,556,333,223,265,151,114,33,27,6,5,5,0,8,4,4,245,146,99
HOWARD COUNTY,227,33 Years,508,318,190,238,141,97,33,28,5,4,3,1,4,1,3,229,145,84
HOWARD COUNTY,227,34 Years,530,315,215,259,150,109,29,24,5,6,4,2,6,3,3,230,134,96
HOWARD COUNTY,227,35 Years,499,279,220,234,126,108,32,25,7,8,3,5,7,3,4,218,122,96
HOWARD COUNTY,227,36 Years,448,246,202,210,109,101,26,19,7,5,2,3,6,3,3,201,113,88
HOWARD COUNTY,227,37 Years,353,164,189,180,90,90,15,6,9,2,1,1,5,1,4,151,66,85
HOWARD COUNTY,227,38 Years,488,323,165,230,143,87,36,30,6,5,4,1,4,3,1,213,143,70
HOWARD COUNTY,227,39 Years,397,236,161,190,110,80,22,17,5,4,2,2,4,2,2,177,105,72
HOWARD COUNTY,227,40 Years,451,282,169,214,129,85,27,20,7,2,1,1,8,6,2,200,126,74
HOWARD COUNTY,227,41 Years,457,274,183,219,125,94,25,18,7,6,5,1,9,2,7,198,124,74
HOWARD COUNTY,227,42 Years,476,302,174,244,149,95,20,15,5,5,3,2,3,1,2,204,134,70
HOWARD COUNTY,227,43 Years,402,246,156,199,120,79,21,16,5,4,3,1,5,5,0,173,102,71
HOWARD COUNTY,227,44 Years,416,257,159,181,105,76,19,14,5,5,2,3,9,8,1,202,128,74
HOWARD COUNTY,227,45 Years,558,379,179,273,175,98,41,35,6,5,3,2,6,5,1,233,161,72
HOWARD COUNTY,227,46 Years,407,233,174,201,111,90,20,13,7,2,2,0,4,3,1,180,104,76
HOWARD COUNTY,227,47 Years,570,364,206,268,160,108,36,31,5,5,4,1,11,8,3,250,161,89
HOWARD COUNTY,227,48 Years,476,295,181,233,139,94,26,21,5,6,5,1,10,3,7,201,127,74
HOWARD COUNTY,227,49 Years,453,293,160,223,137,86,24,20,4,5,3,2,10,8,2,191,125,66
HOWARD COUNTY,227,50 Years,583,430,153,258,185,73,45,38,7,6,3,3,9,8,1,265,196,69
HOWARD COUNTY,227,51 Years,545,375,170,235,161,74,42,30,12,3,1,2,12,8,4,253,175,78
HOWARD COUNTY,227,52 Years,525,344,181,247,157,90,42,33,9,4,2,2,9,5,4,223,147,76
HOWARD COUNTY,227,53 Years,438,258,180,219,120,99,30,22,8,3,2,1,8,5,3,178,109,69
HOWARD COUNTY,227,54 Years,572,392,180,295,189,106,50,42,8,10,9,1,4,3,1,213,149,64
HOWARD COUNTY,227,55 Years,575,372,203,310,186,124,53,48,5,9,7,2,14,10,4,189,121,68
HOWARD COUNTY,227,56 Years,485,285,200,287,155,132,39,31,8,5,5,0,10,7,3,144,87,57
HOWARD COUNTY,227,57 Years,571,390,181,316,200,116,61,54,7,6,6,0,5,4,1,183,126,57
HOWARD COUNTY,227,58 Years,481,281,200,282,149,133,48,38,10,3,2,1,9,5,4,139,87,52
HOWARD COUNTY,227,59 Years,376,200,176,237,116,121,27,19,8,2,1,1,5,2,3,105,62,43
HOWARD COUNTY,227,60 Years,355,171,184,204,85,119,38,29,9,4,2,2,3,0,3,106,55,51
HOWARD COUNTY,227,61 Years,376,187,189,218,94,124,35,29,6,5,3,2,2,0,2,116,61,55
HOWARD COUNTY,227,62 Years,468,282,186,304,173,131,33,28,5,3,2,1,1,0,1,127,79,48
HOWARD COUNTY,227,63 Years,374,188,186,238,120,118,13,9,4,2,1,1,4,0,4,117,58,59
HOWARD COUNTY,227,64 Years,333,190,143,214,123,91,9,8,1,2,1,1,4,0,4,104,58,46
HOWARD COUNTY,227,65 Years,300,141,159,198,91,107,15,6,9,2,1,1,4,0,4,81,43,38
HOWARD COUNTY,227,66 Years,264,121,143,177,82,95,12,6,6,2,1,1,2,0,2,71,32,39
HOWARD COUNTY,227,67 Years,277,135,142,172,84,88,10,5,5,4,1,3,2,2,0,89,43,46
HOWARD COUNTY,227,68 Years,278,141,137,185,93,92,15,6,9,2,1,1,3,3,0,73,38,35
HOWARD COUNTY,227,69 Years,229,110,119,154,72,82,14,6,8,0,0,0,3,2,1,58,30,28
HOWARD COUNTY,227,70 Years,238,109,129,161,74,87,11,5,6,2,1,1,3,2,1,61,27,34
HOWARD COUNTY,227,71 Years,186,93,93,116,58,58,13,8,5,0,0,0,5,2,3,52,25,27
HOWARD COUNTY,227,72 Years,180,86,94,120,57,63,10,7,3,3,0,3,4,2,2,43,20,23
HOWARD COUNTY,227,73 Years,175,83,92,121,58,63,5,3,2,1,0,1,7,2,5,41,20,21
HOWARD COUNTY,227,74 Years,187,88,99,131,57,74,9,6,3,1,1,0,6,4,2,40,20,20
HOWARD COUNTY,227,75 Years,221,125,96,148,77,71,11,8,3,1,1,0,6,5,1,55,34,21
HOWARD COUNTY,227,76 Years,185,96,89,134,68,66,6,3,3,1,0,1,4,3,1,40,22,18
HOWARD COUNTY,227,77 Years,148,67,81,107,47,60,4,1,3,1,1,0,2,2,0,34,16,18
HOWARD COUNTY,227,78 Years,144,64,80,102,44,58,7,3,4,1,1,0,0,0,0,34,16,18
HOWARD COUNTY,227,79 Years,146,70,76,102,49,53,10,4,6,1,1,0,1,0,1,32,16,16
HOWARD COUNTY,227,80 Years,146,68,78,107,49,58,8,3,5,1,0,1,2,0,2,28,16,12
HOWARD COUNTY,227,81 Years,129,60,69,98,44,54,4,3,1,2,0,2,2,1,1,23,12,11
HOWARD COUNTY,227,82 Years,124,60,64,93,44,49,7,3,4,1,0,1,1,1,0,22,12,10
HOWARD COUNTY,227,83 Years,126,57,69,93,42,51,3,2,1,3,1,2,0,0,0,27,12,15
HOWARD COUNTY,227,84 Years,115,46,69,86,35,51,3,1,2,0,0,0,2,1,1,24,9,15
HOWARD COUNTY,227,85 Years,104,49,55,80,41,39,4,3,1,1,0,1,1,0,1,18,5,13
HOWARD COUNTY,227,86 Years,109,57,52,79,42,37,3,1,2,0,0,0,3,1,2,24,13,11
HOWARD COUNTY,227,87 Years,95,51,44,73,39,34,3,2,1,0,0,0,1,1,0,18,9,9
HOWARD COUNTY,227,88 Years,69,32,37,59,28,31,1,1,0,0,0,0,1,0,1,8,3,5
HOWARD COUNTY,227,89 Years,57,28,29,44,22,22,5,3,2,0,0,0,0,0,0,8,3,5
HOWARD COUNTY,227,90 Years,48,24,24,38,20,18,1,0,1,1,0,1,0,0,0,8,4,4
HOWARD COUNTY,227,91 Years,48,22,26,38,18,20,1,0,1,0,0,0,1,1,0,8,3,5
HOWARD COUNTY,227,92 Years,37,19,18,30,15,15,1,1,0,0,0,0,0,0,0,6,3,3
HOWARD COUNTY,227,93 Years,28,13,15,20,10,10,3,1,2,0,0,0,0,0,0,5,2,3
HOWARD COUNTY,227,94 Years,23,9,14,17,6,11,2,1,1,0,0,0,0,0,0,4,2,2
HOWARD COUNTY,227,95 Years +,52,20,32,36,13,23,6,3,3,0,0,0,1,1,0,9,3,6
HUDSPETH COUNTY,229,All Ages,3702,1837,1865,730,394,336,30,23,7,12,5,7,41,17,24,2889,1398,1491
HUDSPETH COUNTY,229,< 1 Year,44,26,18,11,8,3,0,0,0,0,0,0,0,0,0,33,18,15
HUDSPETH COUNTY,229,1 Years,50,27,23,10,6,4,0,0,0,0,0,0,0,0,0,40,21,19
HUDSPETH COUNTY,229,2 Years,48,26,22,9,5,4,0,0,0,0,0,0,0,0,0,39,21,18
HUDSPETH COUNTY,229,3 Years,48,25,23,5,2,3,0,0,0,0,0,0,0,0,0,43,23,20
HUDSPETH COUNTY,229,4 Years,48,23,25,4,3,1,0,0,0,0,0,0,0,0,0,44,20,24
HUDSPETH COUNTY,229,5 Years,53,21,32,3,2,1,0,0,0,0,0,0,0,0,0,50,19,31
HUDSPETH COUNTY,229,6 Years,55,24,31,7,3,4,0,0,0,0,0,0,0,0,0,48,21,27
HUDSPETH COUNTY,229,7 Years,53,22,31,6,3,3,0,0,0,0,0,0,1,1,0,46,18,28
HUDSPETH COUNTY,229,8 Years,40,23,17,5,4,1,0,0,0,0,0,0,3,1,2,32,18,14
HUDSPETH COUNTY,229,9 Years,40,22,18,1,1,0,1,1,0,0,0,0,1,0,1,37,20,17
HUDSPETH COUNTY,229,10 Years,38,25,13,4,3,1,1,1,0,0,0,0,1,1,0,32,20,12
HUDSPETH COUNTY,229,11 Years,42,17,25,6,1,5,0,0,0,0,0,0,1,1,0,35,15,20
HUDSPETH COUNTY,229,12 Years,46,17,29,4,1,3,1,0,1,1,0,1,0,0,0,40,16,24
HUDSPETH COUNTY,229,13 Years,49,19,30,8,1,7,2,1,1,0,0,0,0,0,0,39,17,22
HUDSPETH COUNTY,229,14 Years,45,22,23,7,3,4,0,0,0,0,0,0,0,0,0,38,19,19
HUDSPETH COUNTY,229,15 Years,45,19,26,7,1,6,0,0,0,1,0,1,0,0,0,37,18,19
HUDSPETH COUNTY,229,16 Years,45,23,22,10,4,6,0,0,0,0,0,0,0,0,0,35,19,16
HUDSPETH COUNTY,229,17 Years,50,24,26,5,2,3,0,0,0,0,0,0,0,0,0,45,22,23
HUDSPETH COUNTY,229,18 Years,52,28,24,5,1,4,0,0,0,0,0,0,1,1,0,46,26,20
HUDSPETH COUNTY,229,19 Years,39,19,20,5,3,2,0,0,0,0,0,0,1,0,1,33,16,17
HUDSPETH COUNTY,229,20 Years,44,26,18,5,2,3,0,0,0,0,0,0,0,0,0,39,24,15
HUDSPETH COUNTY,229,21 Years,51,27,24,7,3,4,0,0,0,0,0,0,3,1,2,41,23,18
HUDSPETH COUNTY,229,22 Years,51,27,24,4,2,2,2,2,0,1,0,1,2,1,1,42,22,20
HUDSPETH COUNTY,229,23 Years,60,26,34,4,2,2,2,1,1,0,0,0,1,0,1,53,23,30
HUDSPETH COUNTY,229,24 Years,56,22,34,3,1,2,0,0,0,0,0,0,2,0,2,51,21,30
HUDSPETH COUNTY,229,25 Years,44,27,17,2,2,0,1,1,0,0,0,0,1,1,0,40,23,17
HUDSPETH COUNTY,229,26 Years,55,21,34,1,1,0,1,1,0,0,0,0,0,0,0,53,19,34
HUDSPETH COUNTY,229,27 Years,37,16,21,3,2,1,0,0,0,0,0,0,0,0,0,34,14,20
HUDSPETH COUNTY,229,28 Years,32,15,17,1,1,0,0,0,0,0,0,0,0,0,0,31,14,17
HUDSPETH COUNTY,229,29 Years,43,25,18,3,2,1,1,1,0,1,0,1,0,0,0,38,22,16
HUDSPETH COUNTY,229,30 Years,41,22,19,5,3,2,0,0,0,0,0,0,0,0,0,36,19,17
HUDSPETH COUNTY,229,31 Years,32,19,13,3,2,1,0,0,0,0,0,0,1,0,1,28,17,11
HUDSPETH COUNTY,229,32 Years,44,21,23,6,3,3,1,1,0,0,0,0,1,0,1,36,17,19
HUDSPETH COUNTY,229,33 Years,52,29,23,7,3,4,0,0,0,0,0,0,0,0,0,45,26,19
HUDSPETH COUNTY,229,34 Years,42,27,15,4,2,2,0,0,0,0,0,0,0,0,0,38,25,13
HUDSPETH COUNTY,229,35 Years,43,27,16,4,2,2,0,0,0,0,0,0,1,0,1,38,25,13
HUDSPETH COUNTY,229,36 Years,49,31,18,5,4,1,0,0,0,0,0,0,1,0,1,43,27,16
HUDSPETH COUNTY,229,37 Years,34,18,16,4,2,2,1,1,0,0,0,0,0,0,0,29,15,14
HUDSPETH COUNTY,229,38 Years,37,18,19,7,4,3,0,0,0,0,0,0,1,1,0,29,13,16
HUDSPETH COUNTY,229,39 Years,35,13,22,6,2,4,2,2,0,0,0,0,0,0,0,27,9,18
HUDSPETH COUNTY,229,40 Years,44,17,27,10,3,7,2,2,0,1,1,0,0,0,0,31,11,20
HUDSPETH COUNTY,229,41 Years,32,14,18,5,3,2,0,0,0,0,0,0,1,0,1,26,11,15
HUDSPETH COUNTY,229,42 Years,37,16,21,5,4,1,1,1,0,0,0,0,1,1,0,30,10,20
HUDSPETH COUNTY,229,43 Years,37,19,18,5,3,2,0,0,0,0,0,0,1,1,0,31,15,16
HUDSPETH COUNTY,229,44 Years,37,20,17,7,5,2,0,0,0,0,0,0,0,0,0,30,15,15
HUDSPETH COUNTY,229,45 Years,33,20,13,5,4,1,0,0,0,1,1,0,0,0,0,27,15,12
HUDSPETH COUNTY,229,46 Years,33,14,19,2,1,1,0,0,0,0,0,0,0,0,0,31,13,18
HUDSPETH COUNTY,229,47 Years,39,18,21,6,3,3,1,0,1,0,0,0,0,0,0,32,15,17
HUDSPETH COUNTY,229,48 Years,48,21,27,7,2,5,0,0,0,0,0,0,0,0,0,41,19,22
HUDSPETH COUNTY,229,49 Years,40,20,20,6,3,3,0,0,0,0,0,0,0,0,0,34,17,17
HUDSPETH COUNTY,229,50 Years,45,26,19,11,6,5,0,0,0,0,0,0,2,2,0,32,18,14
HUDSPETH COUNTY,229,51 Years,33,18,15,6,3,3,0,0,0,0,0,0,0,0,0,27,15,12
HUDSPETH COUNTY,229,52 Years,40,20,20,8,4,4,0,0,0,0,0,0,0,0,0,32,16,16
HUDSPETH COUNTY,229,53 Years,43,24,19,7,4,3,2,2,0,0,0,0,1,1,0,33,17,16
HUDSPETH COUNTY,229,54 Years,49,27,22,10,7,3,2,1,1,0,0,0,1,0,1,36,19,17
HUDSPETH COUNTY,229,55 Years,55,32,23,13,9,4,0,0,0,1,1,0,0,0,0,41,22,19
HUDSPETH COUNTY,229,56 Years,59,33,26,15,11,4,0,0,0,0,0,0,1,0,1,43,22,21
HUDSPETH COUNTY,229,57 Years,52,25,27,12,7,5,1,0,1,0,0,0,0,0,0,39,18,21
HUDSPETH COUNTY,229,58 Years,53,27,26,12,5,7,1,0,1,0,0,0,0,0,0,40,22,18
HUDSPETH COUNTY,229,59 Years,55,25,30,16,6,10,0,0,0,1,0,1,1,0,1,37,19,18
HUDSPETH COUNTY,229,60 Years,54,24,30,14,6,8,0,0,0,1,1,0,2,1,1,37,16,21
HUDSPETH COUNTY,229,61 Years,61,27,34,22,11,11,0,0,0,0,0,0,1,1,0,38,15,23
HUDSPETH COUNTY,229,62 Years,54,21,33,21,10,11,0,0,0,0,0,0,0,0,0,33,11,22
HUDSPETH COUNTY,229,63 Years,53,29,24,15,11,4,0,0,0,0,0,0,0,0,0,38,18,20
HUDSPETH COUNTY,229,64 Years,53,24,29,16,9,7,0,0,0,0,0,0,0,0,0,37,15,22
HUDSPETH COUNTY,229,65 Years,44,23,21,14,8,6,0,0,0,0,0,0,1,1,0,29,14,15
HUDSPETH COUNTY,229,66 Years,43,22,21,13,10,3,0,0,0,1,0,1,1,0,1,28,12,16
HUDSPETH COUNTY,229,67 Years,45,21,24,17,9,8,0,0,0,0,0,0,1,0,1,27,12,15
HUDSPETH COUNTY,229,68 Years,45,25,20,12,7,5,2,2,0,0,0,0,0,0,0,31,16,15
HUDSPETH COUNTY,229,69 Years,44,19,25,13,8,5,0,0,0,0,0,0,0,0,0,31,11,20
HUDSPETH COUNTY,229,70 Years,46,25,21,19,12,7,0,0,0,0,0,0,2,0,2,25,13,12
HUDSPETH COUNTY,229,71 Years,38,23,15,14,9,5,0,0,0,0,0,0,1,0,1,23,14,9
HUDSPETH COUNTY,229,72 Years,42,25,17,9,8,1,1,1,0,0,0,0,0,0,0,32,16,16
HUDSPETH COUNTY,229,73 Years,36,19,17,11,4,7,0,0,0,0,0,0,0,0,0,25,15,10
HUDSPETH COUNTY,229,74 Years,29,19,10,11,6,5,0,0,0,0,0,0,0,0,0,18,13,5
HUDSPETH COUNTY,229,75 Years,29,13,16,12,4,8,1,1,0,0,0,0,0,0,0,16,8,8
HUDSPETH COUNTY,229,76 Years,35,17,18,15,8,7,0,0,0,0,0,0,0,0,0,20,9,11
HUDSPETH COUNTY,229,77 Years,36,16,20,17,10,7,0,0,0,0,0,0,0,0,0,19,6,13
HUDSPETH COUNTY,229,78 Years,25,12,13,13,9,4,0,0,0,0,0,0,0,0,0,12,3,9
HUDSPETH COUNTY,229,79 Years,23,11,12,10,8,2,0,0,0,0,0,0,0,0,0,13,3,10
HUDSPETH COUNTY,229,80 Years,16,8,8,6,4,2,0,0,0,1,0,1,0,0,0,9,4,5
HUDSPETH COUNTY,229,81 Years,18,7,11,6,2,4,0,0,0,0,0,0,0,0,0,12,5,7
HUDSPETH COUNTY,229,82 Years,14,3,11,4,1,3,0,0,0,0,0,0,0,0,0,10,2,8
HUDSPETH COUNTY,229,83 Years,13,5,8,4,2,2,0,0,0,1,1,0,0,0,0,8,2,6
HUDSPETH COUNTY,229,84 Years,18,4,14,8,2,6,0,0,0,0,0,0,0,0,0,10,2,8
HUDSPETH COUNTY,229,85 Years,15,7,8,6,3,3,0,0,0,0,0,0,0,0,0,9,4,5
HUDSPETH COUNTY,229,86 Years,12,5,7,3,1,2,0,0,0,0,0,0,0,0,0,9,4,5
HUDSPETH COUNTY,229,87 Years,15,6,9,4,2,2,0,0,0,0,0,0,0,0,0,11,4,7
HUDSPETH COUNTY,229,88 Years,14,6,8,3,1,2,0,0,0,0,0,0,0,0,0,11,5,6
HUDSPETH COUNTY,229,89 Years,15,7,8,6,3,3,0,0,0,0,0,0,0,0,0,9,4,5
HUDSPETH COUNTY,229,90 Years,11,7,4,5,4,1,0,0,0,0,0,0,0,0,0,6,3,3
HUDSPETH COUNTY,229,91 Years,5,3,2,2,1,1,0,0,0,0,0,0,0,0,0,3,2,1
HUDSPETH COUNTY,229,92 Years,8,2,6,2,0,2,0,0,0,0,0,0,0,0,0,6,2,4
HUDSPETH COUNTY,229,93 Years,4,1,3,1,1,0,0,0,0,0,0,0,0,0,0,3,0,3
HUDSPETH COUNTY,229,94 Years,3,1,2,1,1,0,0,0,0,0,0,0,0,0,0,2,0,2
HUDSPETH COUNTY,229,95 Years +,10,5,5,7,4,3,0,0,0,0,0,0,0,0,0,3,1,2
HUNT COUNTY,231,All Ages,93776,46357,47419,66649,32568,34081,8047,3863,4184,1514,801,713,2392,1121,1271,15174,8004,7170
HUNT COUNTY,231,< 1 Year,1223,618,605,684,346,338,104,52,52,3,1,2,68,36,32,364,183,181
HUNT COUNTY,231,1 Years,1220,607,613,677,339,338,99,50,49,3,1,2,71,35,36,370,182,188
HUNT COUNTY,231,2 Years,1211,607,604,677,342,335,103,51,52,5,1,4,69,32,37,357,181,176
HUNT COUNTY,231,3 Years,1203,601,602,672,346,326,105,51,54,7,3,4,70,29,41,349,172,177
HUNT COUNTY,231,4 Years,1209,603,606,680,349,331,114,53,61,12,7,5,66,26,40,337,168,169
HUNT COUNTY,231,5 Years,1196,601,595,681,348,333,114,56,58,13,7,6,59,25,34,329,165,164
HUNT COUNTY,231,6 Years,1217,613,604,701,345,356,125,63,62,11,9,2,52,23,29,328,173,155
HUNT COUNTY,231,7 Years,1206,616,590,676,338,338,124,62,62,13,12,1,56,26,30,337,178,159
HUNT COUNTY,231,8 Years,1168,609,559,681,344,337,107,59,48,15,13,2,45,22,23,320,171,149
HUNT COUNTY,231,9 Years,1256,645,611,710,356,354,123,63,60,10,5,5,53,31,22,360,190,170
HUNT COUNTY,231,10 Years,1257,666,591,743,388,355,111,61,50,12,9,3,52,23,29,339,185,154
HUNT COUNTY,231,11 Years,1281,677,604,766,404,362,127,61,66,9,5,4,44,24,20,335,183,152
HUNT COUNTY,231,12 Years,1187,604,583,699,341,358,127,70,57,9,3,6,41,21,20,311,169,142
HUNT COUNTY,231,13 Years,1185,633,552,713,376,337,120,72,48,15,10,5,37,20,17,300,155,145
HUNT COUNTY,231,14 Years,1189,618,571,716,372,344,130,70,60,10,5,5,35,18,17,298,153,145
HUNT COUNTY,231,15 Years,1214,617,597,728,352,376,130,70,60,23,10,13,33,18,15,300,167,133
HUNT COUNTY,231,16 Years,1148,576,572,678,327,351,105,47,58,25,16,9,31,19,12,309,167,142
HUNT COUNTY,231,17 Years,1211,645,566,656,347,309,179,100,79,31,17,14,41,23,18,304,158,146
HUNT COUNTY,231,18 Years,1221,657,564,686,358,328,169,96,73,13,6,7,44,24,20,309,173,136
HUNT COUNTY,231,19 Years,1300,697,603,775,431,344,174,76,98,4,1,3,44,25,19,303,164,139
HUNT COUNTY,231,20 Years,1165,635,530,685,375,310,163,93,70,27,18,9,32,14,18,258,135,123
HUNT COUNTY,231,21 Years,1260,645,615,742,375,367,177,83,94,33,23,10,44,20,24,264,144,120
HUNT COUNTY,231,22 Years,1365,707,658,804,409,395,185,97,88,61,34,27,45,25,20,270,142,128
HUNT COUNTY,231,23 Years,1393,685,708,882,420,462,157,79,78,74,39,35,37,18,19,243,129,114
HUNT COUNTY,231,24 Years,1394,709,685,889,435,454,144,78,66,64,44,20,49,26,23,248,126,122
HUNT COUNTY,231,25 Years,1382,676,706,978,462,516,118,66,52,32,24,8,36,17,19,218,107,111
HUNT COUNTY,231,26 Years,1340,619,721,912,411,501,151,65,86,23,16,7,40,19,21,214,108,106
HUNT COUNTY,231,27 Years,1364,598,766,949,395,554,139,70,69,11,6,5,41,18,23,224,109,115
HUNT COUNTY,231,28 Years,1266,578,688,865,386,479,138,63,75,7,2,5,36,13,23,220,114,106
HUNT COUNTY,231,29 Years,1059,551,508,690,356,334,122,56,66,29,15,14,38,14,24,180,110,70
HUNT COUNTY,231,30 Years,1079,609,470,727,418,309,96,49,47,37,18,19,36,13,23,183,111,72
HUNT COUNTY,231,31 Years,1122,609,513,771,416,355,98,55,43,34,17,17,24,11,13,195,110,85
HUNT COUNTY,231,32 Years,1140,576,564,767,383,384,117,65,52,13,6,7,24,13,11,219,109,110
HUNT COUNTY,231,33 Years,1105,512,593,756,329,427,118,64,54,14,10,4,11,5,6,206,104,102
HUNT COUNTY,231,34 Years,1103,560,543,767,382,385,105,55,50,18,5,13,22,12,10,191,106,85
HUNT COUNTY,231,35 Years,1068,497,571,734,340,394,103,49,54,20,3,17,11,4,7,200,101,99
HUNT COUNTY,231,36 Years,1194,574,620,833,398,435,101,44,57,27,10,17,16,8,8,217,114,103
HUNT COUNTY,231,37 Years,1150,567,583,803,372,431,106,50,56,30,23,7,14,6,8,197,116,81
HUNT COUNTY,231,38 Years,1067,515,552,753,371,382,95,36,59,30,16,14,11,4,7,178,88,90
HUNT COUNTY,231,39 Years,1055,496,559,732,344,388,93,43,50,28,12,16,24,13,11,178,84,94
HUNT COUNTY,231,40 Years,1069,529,540,746,355,391,87,35,52,22,15,7,22,9,13,192,115,77
HUNT COUNTY,231,41 Years,1054,536,518,720,351,369,84,43,41,26,15,11,15,7,8,209,120,89
HUNT COUNTY,231,42 Years,1043,538,505,689,360,329,90,33,57,31,15,16,29,10,19,204,120,84
HUNT COUNTY,231,43 Years,1053,526,527,728,375,353,78,35,43,28,12,16,20,6,14,199,98,101
HUNT COUNTY,231,44 Years,1125,550,575,792,397,395,84,38,46,22,5,17,25,11,14,202,99,103
HUNT COUNTY,231,45 Years,1156,558,598,844,401,443,90,39,51,28,13,15,23,12,11,171,93,78
HUNT COUNTY,231,46 Years,1138,554,584,837,396,441,85,35,50,35,20,15,20,11,9,161,92,69
HUNT COUNTY,231,47 Years,1177,599,578,875,457,418,100,44,56,12,5,7,21,13,8,169,80,89
HUNT COUNTY,231,48 Years,1163,584,579,889,436,453,76,38,38,5,1,4,18,12,6,175,97,78
HUNT COUNTY,231,49 Years,1152,571,581,868,434,434,76,38,38,15,2,13,15,7,8,178,90,88
HUNT COUNTY,231,50 Years,1162,563,599,868,420,448,86,41,45,26,11,15,21,9,12,161,82,79
HUNT COUNTY,231,51 Years,1207,585,622,917,444,473,91,39,52,20,13,7,22,7,15,157,82,75
HUNT COUNTY,231,52 Years,1306,643,663,1017,487,530,103,50,53,18,12,6,27,16,11,141,78,63
HUNT COUNTY,231,53 Years,1391,680,711,1087,515,572,99,53,46,15,11,4,25,12,13,165,89,76
HUNT COUNTY,231,54 Years,1422,676,746,1106,529,577,96,43,53,23,12,11,33,11,22,164,81,83
HUNT COUNTY,231,55 Years,1342,664,678,1071,521,550,75,33,42,18,12,6,27,12,15,151,86,65
HUNT COUNTY,231,56 Years,1371,690,681,1103,560,543,79,32,47,31,17,14,23,8,15,135,73,62
HUNT COUNTY,231,57 Years,1311,680,631,1071,564,507,88,37,51,14,6,8,17,7,10,121,66,55
HUNT COUNTY,231,58 Years,1262,632,630,1033,522,511,93,43,50,24,11,13,11,5,6,101,51,50
HUNT COUNTY,231,59 Years,1201,588,613,979,477,502,95,42,53,13,6,7,19,8,11,95,55,40
HUNT COUNTY,231,60 Years,1207,581,626,990,475,515,89,40,49,13,9,4,22,10,12,93,47,46
HUNT COUNTY,231,61 Years,1182,602,580,968,491,477,100,42,58,16,11,5,20,10,10,78,48,30
HUNT COUNTY,231,62 Years,1239,628,611,1027,509,518,87,42,45,18,14,4,14,9,5,93,54,39
HUNT COUNTY,231,63 Years,1182,587,595,1003,495,508,70,32,38,24,12,12,16,7,9,69,41,28
HUNT COUNTY,231,64 Years,1092,531,561,933,445,488,70,29,41,15,11,4,20,8,12,54,38,16
HUNT COUNTY,231,65 Years,1002,490,512,849,408,441,66,31,35,6,3,3,17,6,11,64,42,22
HUNT COUNTY,231,66 Years,992,463,529,839,399,440,63,25,38,14,1,13,14,4,10,62,34,28
HUNT COUNTY,231,67 Years,989,484,505,828,412,416,62,24,38,24,9,15,18,10,8,57,29,28
HUNT COUNTY,231,68 Years,960,463,497,822,403,419,54,23,31,12,5,7,22,12,10,50,20,30
HUNT COUNTY,231,69 Years,979,468,511,835,404,431,57,22,35,20,9,11,19,8,11,48,25,23
HUNT COUNTY,231,70 Years,963,472,491,848,425,423,51,21,30,9,5,4,14,3,11,41,18,23
HUNT COUNTY,231,71 Years,797,370,427,689,321,368,55,25,30,3,1,2,16,7,9,34,16,18
HUNT COUNTY,231,72 Years,778,362,416,682,323,359,44,19,25,11,1,10,13,6,7,28,13,15
HUNT COUNTY,231,73 Years,747,358,389,670,325,345,35,16,19,5,1,4,13,6,7,24,10,14
HUNT COUNTY,231,74 Years,733,333,400,645,307,338,42,14,28,11,1,10,12,5,7,23,6,17
HUNT COUNTY,231,75 Years,694,317,377,622,289,333,34,13,21,5,0,5,9,3,6,24,12,12
HUNT COUNTY,231,76 Years,634,281,353,569,253,316,27,11,16,3,1,2,14,5,9,21,11,10
HUNT COUNTY,231,77 Years,559,254,305,504,228,276,23,10,13,3,2,1,10,5,5,19,9,10
HUNT COUNTY,231,78 Years,533,254,279,477,229,248,26,12,14,4,1,3,9,4,5,17,8,9
HUNT COUNTY,231,79 Years,498,234,264,442,209,233,26,10,16,2,1,1,9,4,5,19,10,9
HUNT COUNTY,231,80 Years,451,209,242,399,185,214,24,8,16,1,1,0,8,4,4,19,11,8
HUNT COUNTY,231,81 Years,450,196,254,396,175,221,24,7,17,1,0,1,8,4,4,21,10,11
HUNT COUNTY,231,82 Years,382,161,221,334,142,192,21,7,14,2,1,1,8,4,4,17,7,10
HUNT COUNTY,231,83 Years,330,126,204,297,114,183,17,6,11,1,0,1,5,2,3,10,4,6
HUNT COUNTY,231,84 Years,303,128,175,276,118,158,15,5,10,1,0,1,3,1,2,8,4,4
HUNT COUNTY,231,85 Years,274,121,153,248,112,136,13,5,8,1,0,1,3,1,2,9,3,6
HUNT COUNTY,231,86 Years,245,108,137,220,96,124,12,5,7,2,1,1,4,3,1,7,3,4
HUNT COUNTY,231,87 Years,208,86,122,187,78,109,12,4,8,2,1,1,2,1,1,5,2,3
HUNT COUNTY,231,88 Years,170,63,107,153,57,96,10,4,6,1,1,0,3,1,2,3,0,3
HUNT COUNTY,231,89 Years,141,52,89,125,46,79,7,3,4,1,1,0,2,0,2,6,2,4
HUNT COUNTY,231,90 Years,125,52,73,106,43,63,7,3,4,1,1,0,2,1,1,9,4,5
HUNT COUNTY,231,91 Years,110,43,67,94,37,57,7,3,4,0,0,0,2,1,1,7,2,5
HUNT COUNTY,231,92 Years,92,33,59,76,29,47,7,2,5,0,0,0,2,0,2,7,2,5
HUNT COUNTY,231,93 Years,70,23,47,56,18,38,6,2,4,0,0,0,2,0,2,6,3,3
HUNT COUNTY,231,94 Years,52,14,38,44,12,32,4,1,3,0,0,0,1,0,1,3,1,2
HUNT COUNTY,231,95 Years +,135,36,99,118,29,89,9,3,6,1,0,1,1,0,1,6,4,2
HUTCHINSON COUNTY,233,All Ages,21148,10616,10532,14699,7291,7408,558,303,255,98,41,57,804,393,411,4989,2588,2401
HUTCHINSON COUNTY,233,< 1 Year,291,146,145,171,84,87,8,2,6,1,0,1,22,11,11,89,49,40
HUTCHINSON COUNTY,233,1 Years,283,144,139,166,84,82,8,2,6,3,1,2,22,10,12,84,47,37
HUTCHINSON COUNTY,233,2 Years,291,142,149,169,81,88,12,5,7,3,1,2,21,10,11,86,45,41
HUTCHINSON COUNTY,233,3 Years,288,146,142,173,87,86,10,5,5,2,1,1,20,10,10,83,43,40
HUTCHINSON COUNTY,233,4 Years,293,148,145,179,88,91,9,5,4,2,1,1,16,9,7,87,45,42
HUTCHINSON COUNTY,233,5 Years,295,150,145,177,89,88,4,2,2,0,0,0,19,12,7,95,47,48
HUTCHINSON COUNTY,233,6 Years,281,136,145,165,80,85,5,2,3,2,1,1,19,9,10,90,44,46
HUTCHINSON COUNTY,233,7 Years,297,148,149,176,92,84,4,3,1,2,1,1,17,11,6,98,41,57
HUTCHINSON COUNTY,233,8 Years,303,149,154,182,95,87,5,3,2,0,0,0,19,8,11,97,43,54
HUTCHINSON COUNTY,233,9 Years,327,175,152,200,106,94,5,2,3,1,1,0,11,4,7,110,62,48
HUTCHINSON COUNTY,233,10 Years,302,145,157,178,87,91,6,3,3,1,0,1,15,3,12,102,52,50
HUTCHINSON COUNTY,233,11 Years,285,132,153,153,71,82,6,3,3,1,0,1,19,4,15,106,54,52
HUTCHINSON COUNTY,233,12 Years,313,147,166,189,92,97,4,2,2,1,0,1,14,6,8,105,47,58
HUTCHINSON COUNTY,233,13 Years,287,139,148,159,76,83,4,2,2,0,0,0,14,6,8,110,55,55
HUTCHINSON COUNTY,233,14 Years,292,150,142,157,80,77,4,2,2,2,1,1,12,9,3,117,58,59
HUTCHINSON COUNTY,233,15 Years,293,151,142,176,90,86,7,4,3,1,1,0,12,8,4,97,48,49
HUTCHINSON COUNTY,233,16 Years,301,164,137,177,101,76,10,5,5,2,2,0,12,8,4,100,48,52
HUTCHINSON COUNTY,233,17 Years,292,150,142,168,88,80,10,5,5,1,1,0,10,6,4,103,50,53
HUTCHINSON COUNTY,233,18 Years,276,142,134,162,85,77,8,5,3,0,0,0,14,7,7,92,45,47
HUTCHINSON COUNTY,233,19 Years,241,128,113,139,73,66,6,5,1,0,0,0,13,6,7,83,44,39
HUTCHINSON COUNTY,233,20 Years,240,118,122,135,71,64,8,4,4,1,0,1,10,5,5,86,38,48
HUTCHINSON COUNTY,233,21 Years,247,121,126,144,72,72,9,4,5,1,0,1,13,8,5,80,37,43
HUTCHINSON COUNTY,233,22 Years,271,143,128,158,82,76,8,5,3,2,0,2,10,4,6,93,52,41
HUTCHINSON COUNTY,233,23 Years,253,136,117,153,80,73,8,7,1,2,0,2,9,3,6,81,46,35
HUTCHINSON COUNTY,233,24 Years,277,156,121,172,88,84,12,7,5,0,0,0,10,8,2,83,53,30
HUTCHINSON COUNTY,233,25 Years,277,150,127,183,99,84,8,2,6,1,1,0,11,6,5,74,42,32
HUTCHINSON COUNTY,233,26 Years,274,150,124,177,102,75,12,6,6,1,1,0,6,3,3,78,38,40
HUTCHINSON COUNTY,233,27 Years,262,136,126,167,91,76,10,8,2,1,1,0,7,3,4,77,33,44
HUTCHINSON COUNTY,233,28 Years,263,125,138,171,84,87,6,5,1,1,1,0,11,4,7,74,31,43
HUTCHINSON COUNTY,233,29 Years,264,128,136,187,95,92,6,3,3,0,0,0,7,2,5,64,28,36
HUTCHINSON COUNTY,233,30 Years,255,124,131,174,80,94,6,3,3,0,0,0,7,3,4,68,38,30
HUTCHINSON COUNTY,233,31 Years,268,135,133,186,93,93,4,2,2,1,1,0,8,2,6,69,37,32
HUTCHINSON COUNTY,233,32 Years,272,136,136,180,83,97,6,4,2,1,1,0,8,4,4,77,44,33
HUTCHINSON COUNTY,233,33 Years,268,141,127,184,94,90,8,7,1,0,0,0,8,4,4,68,36,32
HUTCHINSON COUNTY,233,34 Years,305,157,148,210,105,105,7,5,2,0,0,0,8,4,4,80,43,37
HUTCHINSON COUNTY,233,35 Years,278,145,133,179,87,92,6,4,2,2,1,1,8,5,3,83,48,35
HUTCHINSON COUNTY,233,36 Years,258,140,118,169,85,84,6,5,1,0,0,0,8,5,3,75,45,30
HUTCHINSON COUNTY,233,37 Years,265,140,125,182,93,89,6,4,2,1,0,1,5,3,2,71,40,31
HUTCHINSON COUNTY,233,38 Years,272,138,134,184,96,88,6,3,3,1,1,0,8,4,4,73,34,39
HUTCHINSON COUNTY,233,39 Years,274,137,137,185,92,93,8,5,3,1,0,1,13,4,9,67,36,31
HUTCHINSON COUNTY,233,40 Years,274,137,137,185,90,95,9,6,3,1,1,0,8,4,4,71,36,35
HUTCHINSON COUNTY,233,41 Years,252,137,115,175,92,83,6,4,2,2,1,1,8,6,2,61,34,27
HUTCHINSON COUNTY,233,42 Years,267,139,128,186,93,93,7,3,4,2,1,1,7,4,3,65,38,27
HUTCHINSON COUNTY,233,43 Years,254,126,128,172,80,92,8,5,3,1,1,0,4,1,3,69,39,30
HUTCHINSON COUNTY,233,44 Years,270,134,136,185,90,95,8,4,4,2,1,1,5,2,3,70,37,33
HUTCHINSON COUNTY,233,45 Years,252,121,131,176,81,95,9,4,5,2,1,1,8,5,3,57,30,27
HUTCHINSON COUNTY,233,46 Years,244,119,125,171,83,88,5,2,3,2,0,2,7,5,2,59,29,30
HUTCHINSON COUNTY,233,47 Years,246,114,132,184,84,100,3,2,1,0,0,0,6,3,3,53,25,28
HUTCHINSON COUNTY,233,48 Years,235,115,120,163,73,90,5,4,1,2,1,1,8,6,2,57,31,26
HUTCHINSON COUNTY,233,49 Years,228,113,115,163,79,84,3,1,2,2,0,2,7,3,4,53,30,23
HUTCHINSON COUNTY,233,50 Years,230,122,108,165,86,79,4,0,4,1,0,1,7,4,3,53,32,21
HUTCHINSON COUNTY,233,51 Years,218,112,106,160,83,77,5,2,3,2,0,2,9,6,3,42,21,21
HUTCHINSON COUNTY,233,52 Years,222,113,109,167,83,84,9,5,4,2,1,1,4,3,1,40,21,19
HUTCHINSON COUNTY,233,53 Years,259,124,135,193,96,97,4,2,2,3,1,2,9,4,5,50,21,29
HUTCHINSON COUNTY,233,54 Years,261,133,128,195,101,94,7,4,3,0,0,0,11,5,6,48,23,25
HUTCHINSON COUNTY,233,55 Years,278,143,135,222,114,108,6,3,3,1,0,1,8,4,4,41,22,19
HUTCHINSON COUNTY,233,56 Years,293,151,142,234,121,113,5,2,3,2,1,1,13,7,6,39,20,19
HUTCHINSON COUNTY,233,57 Years,282,153,129,219,111,108,11,6,5,1,1,0,10,7,3,41,28,13
HUTCHINSON COUNTY,233,58 Years,287,145,142,228,118,110,9,4,5,1,0,1,8,2,6,41,21,20
HUTCHINSON COUNTY,233,59 Years,294,150,144,238,123,115,8,5,3,1,1,0,7,3,4,40,18,22
HUTCHINSON COUNTY,233,60 Years,308,159,149,245,125,120,9,5,4,3,1,2,5,4,1,46,24,22
HUTCHINSON COUNTY,233,61 Years,275,142,133,220,112,108,14,8,6,1,0,1,8,5,3,32,17,15
HUTCHINSON COUNTY,233,62 Years,281,146,135,231,117,114,15,8,7,2,0,2,8,5,3,25,16,9
HUTCHINSON COUNTY,233,63 Years,270,138,132,217,109,108,11,4,7,1,0,1,12,5,7,29,20,9
HUTCHINSON COUNTY,233,64 Years,271,129,142,220,105,115,7,3,4,2,1,1,12,4,8,30,16,14
HUTCHINSON COUNTY,233,65 Years,242,121,121,201,101,100,7,4,3,0,0,0,9,2,7,25,14,11
HUTCHINSON COUNTY,233,66 Years,263,132,131,221,109,112,4,2,2,0,0,0,10,4,6,28,17,11
HUTCHINSON COUNTY,233,67 Years,227,119,108,188,97,91,5,2,3,0,0,0,7,2,5,27,18,9
HUTCHINSON COUNTY,233,68 Years,199,103,96,168,88,80,7,4,3,1,0,1,3,0,3,20,11,9
HUTCHINSON COUNTY,233,69 Years,208,107,101,171,84,87,7,5,2,1,1,0,4,1,3,25,16,9
HUTCHINSON COUNTY,233,70 Years,179,91,88,153,76,77,6,4,2,1,1,0,2,1,1,17,9,8
HUTCHINSON COUNTY,233,71 Years,156,73,83,132,61,71,4,3,1,2,1,1,1,1,0,17,7,10
HUTCHINSON COUNTY,233,72 Years,157,75,82,131,62,69,5,3,2,1,0,1,4,1,3,16,9,7
HUTCHINSON COUNTY,233,73 Years,159,82,77,131,70,61,1,1,0,2,1,1,7,2,5,18,8,10
HUTCHINSON COUNTY,233,74 Years,138,66,72,118,56,62,2,1,1,1,0,1,4,1,3,13,8,5
HUTCHINSON COUNTY,233,75 Years,138,56,82,120,45,75,7,5,2,0,0,0,1,1,0,10,5,5
HUTCHINSON COUNTY,233,76 Years,118,58,60,102,49,53,3,2,1,0,0,0,2,0,2,11,7,4
HUTCHINSON COUNTY,233,77 Years,126,62,64,102,49,53,3,1,2,2,2,0,8,4,4,11,6,5
HUTCHINSON COUNTY,233,78 Years,117,46,71,101,38,63,3,1,2,1,0,1,5,3,2,7,4,3
HUTCHINSON COUNTY,233,79 Years,98,40,58,88,34,54,1,0,1,1,0,1,4,4,0,4,2,2
HUTCHINSON COUNTY,233,80 Years,102,46,56,90,39,51,1,0,1,1,1,0,4,2,2,6,4,2
HUTCHINSON COUNTY,233,81 Years,97,46,51,80,39,41,2,1,1,2,0,2,5,3,2,8,3,5
HUTCHINSON COUNTY,233,82 Years,83,35,48,71,29,42,1,1,0,0,0,0,4,3,1,7,2,5
HUTCHINSON COUNTY,233,83 Years,81,35,46,69,29,40,1,1,0,0,0,0,3,1,2,8,4,4
HUTCHINSON COUNTY,233,84 Years,82,36,46,67,27,40,2,1,1,0,0,0,4,2,2,9,6,3
HUTCHINSON COUNTY,233,85 Years,72,31,41,61,26,35,2,0,2,0,0,0,3,1,2,6,4,2
HUTCHINSON COUNTY,233,86 Years,64,27,37,54,22,32,2,1,1,0,0,0,3,1,2,5,3,2
HUTCHINSON COUNTY,233,87 Years,57,25,32,51,21,30,0,0,0,0,0,0,3,1,2,3,3,0
HUTCHINSON COUNTY,233,88 Years,50,20,30,44,18,26,0,0,0,0,0,0,2,1,1,4,1,3
HUTCHINSON COUNTY,233,89 Years,47,20,27,40,16,24,2,2,0,0,0,0,3,2,1,2,0,2
HUTCHINSON COUNTY,233,90 Years,39,17,22,35,15,20,1,1,0,0,0,0,1,0,1,2,1,1
HUTCHINSON COUNTY,233,91 Years,32,12,20,27,11,16,0,0,0,0,0,0,0,0,0,5,1,4
HUTCHINSON COUNTY,233,92 Years,26,10,16,21,9,12,0,0,0,0,0,0,2,1,1,3,0,3
HUTCHINSON COUNTY,233,93 Years,22,7,15,19,7,12,2,0,2,0,0,0,0,0,0,1,0,1
HUTCHINSON COUNTY,233,94 Years,13,5,8,12,5,7,1,0,1,0,0,0,0,0,0,0,0,0
HUTCHINSON COUNTY,233,95 Years +,31,10,21,21,9,12,4,1,3,1,0,1,1,0,1,4,0,4
IRION COUNTY,235,All Ages,1523,765,758,1083,526,557,10,7,3,1,0,1,21,13,8,408,219,189
IRION COUNTY,235,< 1 Year,17,7,10,15,6,9,0,0,0,0,0,0,0,0,0,2,1,1
IRION COUNTY,235,1 Years,14,5,9,12,4,8,0,0,0,0,0,0,0,0,0,2,1,1
IRION COUNTY,235,2 Years,14,6,8,12,5,7,0,0,0,0,0,0,0,0,0,2,1,1
IRION COUNTY,235,3 Years,15,5,10,12,4,8,0,0,0,0,0,0,0,0,0,3,1,2
IRION COUNTY,235,4 Years,14,5,9,12,5,7,0,0,0,0,0,0,0,0,0,2,0,2
IRION COUNTY,235,5 Years,18,9,9,14,7,7,0,0,0,0,0,0,0,0,0,4,2,2
IRION COUNTY,235,6 Years,14,7,7,11,6,5,0,0,0,0,0,0,0,0,0,3,1,2
IRION COUNTY,235,7 Years,14,7,7,11,5,6,0,0,0,0,0,0,0,0,0,3,2,1
IRION COUNTY,235,8 Years,15,9,6,10,5,5,0,0,0,0,0,0,0,0,0,5,4,1
IRION COUNTY,235,9 Years,15,8,7,9,6,3,0,0,0,0,0,0,1,0,1,5,2,3
IRION COUNTY,235,10 Years,12,7,5,6,3,3,0,0,0,0,0,0,0,0,0,6,4,2
IRION COUNTY,235,11 Years,12,6,6,7,2,5,0,0,0,0,0,0,0,0,0,5,4,1
IRION COUNTY,235,12 Years,12,7,5,7,3,4,0,0,0,0,0,0,1,1,0,4,3,1
IRION COUNTY,235,13 Years,20,8,12,14,5,9,0,0,0,0,0,0,0,0,0,6,3,3
IRION COUNTY,235,14 Years,19,10,9,9,4,5,1,0,1,0,0,0,1,1,0,8,5,3
IRION COUNTY,235,15 Years,23,15,8,17,11,6,0,0,0,0,0,0,1,0,1,5,4,1
IRION COUNTY,235,16 Years,15,8,7,11,6,5,0,0,0,0,0,0,0,0,0,4,2,2
IRION COUNTY,235,17 Years,19,11,8,12,8,4,0,0,0,0,0,0,1,1,0,6,2,4
IRION COUNTY,235,18 Years,19,10,9,11,6,5,0,0,0,0,0,0,1,1,0,7,3,4
IRION COUNTY,235,19 Years,11,7,4,7,4,3,0,0,0,0,0,0,0,0,0,4,3,1
IRION COUNTY,235,20 Years,15,9,6,7,4,3,0,0,0,0,0,0,0,0,0,8,5,3
IRION COUNTY,235,21 Years,16,10,6,7,5,2,0,0,0,0,0,0,0,0,0,9,5,4
IRION COUNTY,235,22 Years,17,11,6,7,5,2,1,1,0,0,0,0,0,0,0,9,5,4
IRION COUNTY,235,23 Years,17,10,7,7,4,3,1,1,0,0,0,0,0,0,0,9,5,4
IRION COUNTY,235,24 Years,23,11,12,13,5,8,1,1,0,0,0,0,0,0,0,9,5,4
IRION COUNTY,235,25 Years,24,14,10,14,8,6,1,1,0,0,0,0,0,0,0,9,5,4
IRION COUNTY,235,26 Years,17,12,5,9,7,2,1,1,0,0,0,0,0,0,0,7,4,3
IRION COUNTY,235,27 Years,10,7,3,6,5,1,0,0,0,0,0,0,0,0,0,4,2,2
IRION COUNTY,235,28 Years,16,11,5,11,7,4,0,0,0,0,0,0,0,0,0,5,4,1
IRION COUNTY,235,29 Years,10,6,4,7,4,3,0,0,0,0,0,0,0,0,0,3,2,1
IRION COUNTY,235,30 Years,13,6,7,8,4,4,0,0,0,0,0,0,0,0,0,5,2,3
IRION COUNTY,235,31 Years,19,13,6,15,12,3,0,0,0,0,0,0,1,0,1,3,1,2
IRION COUNTY,235,32 Years,21,13,8,15,8,7,0,0,0,0,0,0,1,0,1,5,5,0
IRION COUNTY,235,33 Years,19,9,10,13,6,7,0,0,0,0,0,0,0,0,0,6,3,3
IRION COUNTY,235,34 Years,10,5,5,8,5,3,0,0,0,0,0,0,0,0,0,2,0,2
IRION COUNTY,235,35 Years,8,4,4,7,4,3,0,0,0,0,0,0,0,0,0,1,0,1
IRION COUNTY,235,36 Years,12,6,6,8,4,4,0,0,0,0,0,0,1,1,0,3,1,2
IRION COUNTY,235,37 Years,9,3,6,6,2,4,0,0,0,0,0,0,0,0,0,3,1,2
IRION COUNTY,235,38 Years,10,5,5,8,4,4,0,0,0,0,0,0,0,0,0,2,1,1
IRION COUNTY,235,39 Years,18,8,10,14,6,8,0,0,0,0,0,0,0,0,0,4,2,2
IRION COUNTY,235,40 Years,17,7,10,10,4,6,0,0,0,0,0,0,1,0,1,6,3,3
IRION COUNTY,235,41 Years,13,5,8,7,3,4,0,0,0,0,0,0,1,0,1,5,2,3
IRION COUNTY,235,42 Years,15,8,7,10,6,4,0,0,0,0,0,0,1,1,0,4,1,3
IRION COUNTY,235,43 Years,16,8,8,12,7,5,0,0,0,0,0,0,0,0,0,4,1,3
IRION COUNTY,235,44 Years,18,8,10,15,7,8,0,0,0,0,0,0,0,0,0,3,1,2
IRION COUNTY,235,45 Years,21,13,8,17,11,6,1,0,1,0,0,0,0,0,0,3,2,1
IRION COUNTY,235,46 Years,14,9,5,9,6,3,0,0,0,0,0,0,1,0,1,4,3,1
IRION COUNTY,235,47 Years,18,7,11,13,5,8,0,0,0,0,0,0,0,0,0,5,2,3
IRION COUNTY,235,48 Years,20,10,10,15,7,8,0,0,0,0,0,0,0,0,0,5,3,2
IRION COUNTY,235,49 Years,19,10,9,14,6,8,0,0,0,0,0,0,0,0,0,5,4,1
IRION COUNTY,235,50 Years,20,10,10,13,7,6,0,0,0,0,0,0,0,0,0,7,3,4
IRION COUNTY,235,51 Years,16,10,6,9,6,3,0,0,0,0,0,0,0,0,0,7,4,3
IRION COUNTY,235,52 Years,27,13,14,21,11,10,0,0,0,0,0,0,0,0,0,6,2,4
IRION COUNTY,235,53 Years,26,14,12,18,10,8,0,0,0,0,0,0,1,0,1,7,4,3
IRION COUNTY,235,54 Years,28,15,13,20,9,11,1,1,0,0,0,0,1,1,0,6,4,2
IRION COUNTY,235,55 Years,28,11,17,22,7,15,0,0,0,0,0,0,1,1,0,5,3,2
IRION COUNTY,235,56 Years,28,12,16,22,9,13,0,0,0,1,0,1,0,0,0,5,3,2
IRION COUNTY,235,57 Years,25,14,11,20,11,9,0,0,0,0,0,0,0,0,0,5,3,2
IRION COUNTY,235,58 Years,25,14,11,20,11,9,0,0,0,0,0,0,0,0,0,5,3,2
IRION COUNTY,235,59 Years,29,13,16,23,11,12,0,0,0,0,0,0,1,1,0,5,1,4
IRION COUNTY,235,60 Years,28,11,17,22,10,12,0,0,0,0,0,0,0,0,0,6,1,5
IRION COUNTY,235,61 Years,24,14,10,12,7,5,0,0,0,0,0,0,0,0,0,12,7,5
IRION COUNTY,235,62 Years,18,8,10,13,5,8,0,0,0,0,0,0,0,0,0,5,3,2
IRION COUNTY,235,63 Years,19,9,10,14,5,9,0,0,0,0,0,0,0,0,0,5,4,1
IRION COUNTY,235,64 Years,22,11,11,18,8,10,0,0,0,0,0,0,0,0,0,4,3,1
IRION COUNTY,235,65 Years,19,8,11,16,7,9,0,0,0,0,0,0,0,0,0,3,1,2
IRION COUNTY,235,66 Years,13,8,5,11,7,4,0,0,0,0,0,0,0,0,0,2,1,1
IRION COUNTY,235,67 Years,19,11,8,14,7,7,0,0,0,0,0,0,0,0,0,5,4,1
IRION COUNTY,235,68 Years,19,10,9,15,6,9,0,0,0,0,0,0,0,0,0,4,4,0
IRION COUNTY,235,69 Years,23,12,11,17,8,9,0,0,0,0,0,0,1,1,0,5,3,2
IRION COUNTY,235,70 Years,23,12,11,16,7,9,0,0,0,0,0,0,0,0,0,7,5,2
IRION COUNTY,235,71 Years,15,8,7,9,5,4,0,0,0,0,0,0,0,0,0,6,3,3
IRION COUNTY,235,72 Years,14,5,9,12,4,8,0,0,0,0,0,0,0,0,0,2,1,1
IRION COUNTY,235,73 Years,20,10,10,15,6,9,0,0,0,0,0,0,1,1,0,4,3,1
IRION COUNTY,235,74 Years,17,9,8,13,6,7,1,1,0,0,0,0,1,1,0,2,1,1
IRION COUNTY,235,75 Years,20,11,9,17,10,7,0,0,0,0,0,0,0,0,0,3,1,2
IRION COUNTY,235,76 Years,22,12,10,21,12,9,0,0,0,0,0,0,0,0,0,1,0,1
IRION COUNTY,235,77 Years,15,6,9,13,6,7,1,0,1,0,0,0,0,0,0,1,0,1
IRION COUNTY,235,78 Years,15,5,10,13,5,8,0,0,0,0,0,0,0,0,0,2,0,2
IRION COUNTY,235,79 Years,11,6,5,9,5,4,0,0,0,0,0,0,0,0,0,2,1,1
IRION COUNTY,235,80 Years,9,5,4,4,2,2,0,0,0,0,0,0,0,0,0,5,3,2
IRION COUNTY,235,81 Years,11,4,7,7,2,5,0,0,0,0,0,0,0,0,0,4,2,2
IRION COUNTY,235,82 Years,12,3,9,10,3,7,0,0,0,0,0,0,0,0,0,2,0,2
IRION COUNTY,235,83 Years,11,4,7,7,2,5,0,0,0,0,0,0,0,0,0,4,2,2
IRION COUNTY,235,84 Years,7,3,4,5,2,3,0,0,0,0,0,0,0,0,0,2,1,1
IRION COUNTY,235,85 Years,9,4,5,6,2,4,0,0,0,0,0,0,0,0,0,3,2,1
IRION COUNTY,235,86 Years,9,3,6,6,1,5,0,0,0,0,0,0,0,0,0,3,2,1
IRION COUNTY,235,87 Years,7,3,4,6,2,4,0,0,0,0,0,0,0,0,0,1,1,0
IRION COUNTY,235,88 Years,5,1,4,4,1,3,0,0,0,0,0,0,0,0,0,1,0,1
IRION COUNTY,235,89 Years,5,1,4,4,1,3,0,0,0,0,0,0,0,0,0,1,0,1
IRION COUNTY,235,90 Years,5,2,3,2,1,1,0,0,0,0,0,0,1,1,0,2,0,2
IRION COUNTY,235,91 Years,3,1,2,1,0,1,0,0,0,0,0,0,0,0,0,2,1,1
IRION COUNTY,235,92 Years,2,0,2,2,0,2,0,0,0,0,0,0,0,0,0,0,0,0
IRION COUNTY,235,93 Years,3,1,2,3,1,2,0,0,0,0,0,0,0,0,0,0,0,0
IRION COUNTY,235,94 Years,3,1,2,3,1,2,0,0,0,0,0,0,0,0,0,0,0,0
IRION COUNTY,235,95 Years +,7,2,5,4,1,3,0,0,0,0,0,0,0,0,0,3,1,2
JACK COUNTY,237,All Ages,9227,5190,4037,7075,3803,3272,356,320,36,37,19,18,127,66,61,1632,982,650
JACK COUNTY,237,< 1 Year,102,52,50,70,36,34,0,0,0,2,1,1,3,2,1,27,13,14
JACK COUNTY,237,1 Years,108,61,47,72,40,32,0,0,0,2,2,0,3,2,1,31,17,14
JACK COUNTY,237,2 Years,109,58,51,71,37,34,0,0,0,1,1,0,3,2,1,34,18,16
JACK COUNTY,237,3 Years,110,56,54,72,36,36,0,0,0,0,0,0,3,2,1,35,18,17
JACK COUNTY,237,4 Years,107,54,53,73,38,35,0,0,0,0,0,0,4,2,2,30,14,16
JACK COUNTY,237,5 Years,112,53,59,75,37,38,0,0,0,0,0,0,2,1,1,35,15,20
JACK COUNTY,237,6 Years,117,61,56,76,40,36,0,0,0,0,0,0,2,1,1,39,20,19
JACK COUNTY,237,7 Years,116,48,68,69,22,47,3,1,2,0,0,0,2,2,0,42,23,19
JACK COUNTY,237,8 Years,107,51,56,62,25,37,1,0,1,0,0,0,2,1,1,42,25,17
JACK COUNTY,237,9 Years,104,59,45,65,35,30,0,0,0,0,0,0,1,0,1,38,24,14
JACK COUNTY,237,10 Years,117,73,44,76,45,31,2,2,0,0,0,0,4,3,1,35,23,12
JACK COUNTY,237,11 Years,107,62,45,75,44,31,0,0,0,0,0,0,5,4,1,27,14,13
JACK COUNTY,237,12 Years,106,63,43,66,42,24,1,1,0,0,0,0,1,1,0,38,19,19
JACK COUNTY,237,13 Years,103,57,46,65,36,29,2,1,1,1,0,1,0,0,0,35,20,15
JACK COUNTY,237,14 Years,105,54,51,69,32,37,2,1,1,0,0,0,1,1,0,33,20,13
JACK COUNTY,237,15 Years,95,48,47,70,32,38,1,1,0,0,0,0,1,0,1,23,15,8
JACK COUNTY,237,16 Years,96,49,47,70,34,36,1,0,1,1,0,1,0,0,0,24,15,9
JACK COUNTY,237,17 Years,117,67,50,80,42,38,3,3,0,0,0,0,0,0,0,34,22,12
JACK COUNTY,237,18 Years,129,79,50,86,50,36,1,1,0,0,0,0,5,4,1,37,24,13
JACK COUNTY,237,19 Years,114,71,43,73,43,30,6,6,0,1,1,0,1,1,0,33,20,13
JACK COUNTY,237,20 Years,126,81,45,82,51,31,7,5,2,1,0,1,2,0,2,34,25,9
JACK COUNTY,237,21 Years,119,76,43,78,45,33,7,7,0,0,0,0,1,0,1,33,24,9
JACK COUNTY,237,22 Years,120,78,42,82,52,30,7,7,0,0,0,0,4,3,1,27,16,11
JACK COUNTY,237,23 Years,133,89,44,92,62,30,8,8,0,0,0,0,2,2,0,31,17,14
JACK COUNTY,237,24 Years,140,93,47,103,68,35,3,3,0,0,0,0,2,2,0,32,20,12
JACK COUNTY,237,25 Years,134,87,47,94,57,37,7,7,0,0,0,0,0,0,0,33,23,10
JACK COUNTY,237,26 Years,146,100,46,95,58,37,10,10,0,1,0,1,1,1,0,39,31,8
JACK COUNTY,237,27 Years,137,90,47,94,58,36,13,12,1,1,1,0,1,0,1,28,19,9
JACK COUNTY,237,28 Years,136,88,48,90,54,36,10,10,0,1,1,0,1,0,1,34,23,11
JACK COUNTY,237,29 Years,153,89,64,103,53,50,15,15,0,2,2,0,2,0,2,31,19,12
JACK COUNTY,237,30 Years,127,80,47,89,50,39,13,12,1,1,1,0,1,1,0,23,16,7
JACK COUNTY,237,31 Years,135,83,52,102,61,41,6,6,0,0,0,0,0,0,0,27,16,11
JACK COUNTY,237,32 Years,134,89,45,93,58,35,13,13,0,1,0,1,0,0,0,27,18,9
JACK COUNTY,237,33 Years,126,88,38,89,57,32,10,10,0,2,2,0,0,0,0,25,19,6
JACK COUNTY,237,34 Years,114,77,37,85,54,31,10,9,1,0,0,0,0,0,0,19,14,5
JACK COUNTY,237,35 Years,100,65,35,69,41,28,7,7,0,0,0,0,1,1,0,23,16,7
JACK COUNTY,237,36 Years,114,71,43,76,44,32,15,13,2,1,0,1,0,0,0,22,14,8
JACK COUNTY,237,37 Years,106,68,38,71,45,26,11,10,1,0,0,0,3,1,2,21,12,9
JACK COUNTY,237,38 Years,99,65,34,72,44,28,7,6,1,0,0,0,2,1,1,18,14,4
JACK COUNTY,237,39 Years,101,62,39,71,45,26,8,6,2,0,0,0,3,1,2,19,10,9
JACK COUNTY,237,40 Years,100,58,42,77,42,35,7,7,0,1,1,0,2,1,1,13,7,6
JACK COUNTY,237,41 Years,102,64,38,74,41,33,6,6,0,1,1,0,3,3,0,18,13,5
JACK COUNTY,237,42 Years,111,57,54,81,38,43,6,6,0,2,0,2,0,0,0,22,13,9
JACK COUNTY,237,43 Years,116,66,50,86,46,40,8,8,0,1,0,1,0,0,0,21,12,9
JACK COUNTY,237,44 Years,120,65,55,92,49,43,7,7,0,0,0,0,0,0,0,21,9,12
JACK COUNTY,237,45 Years,114,65,49,84,43,41,9,9,0,0,0,0,0,0,0,21,13,8
JACK COUNTY,237,46 Years,110,61,49,85,44,41,5,5,0,1,0,1,0,0,0,19,12,7
JACK COUNTY,237,47 Years,124,71,53,98,56,42,5,5,0,1,1,0,1,0,1,19,9,10
JACK COUNTY,237,48 Years,121,70,51,96,54,42,5,5,0,0,0,0,2,0,2,18,11,7
JACK COUNTY,237,49 Years,135,77,58,108,61,47,5,5,0,0,0,0,1,0,1,21,11,10
JACK COUNTY,237,50 Years,119,71,48,93,52,41,5,5,0,0,0,0,2,2,0,19,12,7
JACK COUNTY,237,51 Years,118,70,48,97,53,44,5,4,1,2,2,0,2,2,0,12,9,3
JACK COUNTY,237,52 Years,134,79,55,110,61,49,8,8,0,1,0,1,1,0,1,14,10,4
JACK COUNTY,237,53 Years,144,89,55,120,73,47,6,5,1,0,0,0,5,3,2,13,8,5
JACK COUNTY,237,54 Years,138,85,53,120,72,48,7,6,1,0,0,0,1,0,1,10,7,3
JACK COUNTY,237,55 Years,133,77,56,113,67,46,3,3,0,0,0,0,3,0,3,14,7,7
JACK COUNTY,237,56 Years,136,72,64,115,62,53,2,1,1,1,1,0,3,1,2,15,7,8
JACK COUNTY,237,57 Years,128,69,59,111,58,53,4,3,1,0,0,0,1,1,0,12,7,5
JACK COUNTY,237,58 Years,119,61,58,100,48,52,4,4,0,2,0,2,2,2,0,11,7,4
JACK COUNTY,237,59 Years,117,66,51,99,52,47,5,5,0,0,0,0,1,1,0,12,8,4
JACK COUNTY,237,60 Years,116,61,55,101,52,49,4,3,1,0,0,0,1,0,1,10,6,4
JACK COUNTY,237,61 Years,121,63,58,108,54,54,4,4,0,0,0,0,3,1,2,6,4,2
JACK COUNTY,237,62 Years,105,53,52,96,49,47,1,1,0,0,0,0,3,0,3,5,3,2
JACK COUNTY,237,63 Years,95,48,47,88,44,44,3,1,2,0,0,0,0,0,0,4,3,1
JACK COUNTY,237,64 Years,124,63,61,115,59,56,2,1,1,1,0,1,1,1,0,5,2,3
JACK COUNTY,237,65 Years,103,49,54,94,45,49,3,2,1,1,0,1,1,1,0,4,1,3
JACK COUNTY,237,66 Years,75,37,38,69,35,34,2,0,2,1,0,1,1,1,0,2,1,1
JACK COUNTY,237,67 Years,75,39,36,71,37,34,2,1,1,0,0,0,1,0,1,1,1,0
JACK COUNTY,237,68 Years,91,40,51,87,38,49,1,0,1,0,0,0,1,0,1,2,2,0
JACK COUNTY,237,69 Years,94,44,50,90,41,49,2,2,0,0,0,0,0,0,0,2,1,1
JACK COUNTY,237,70 Years,93,41,52,89,38,51,3,2,1,0,0,0,0,0,0,1,1,0
JACK COUNTY,237,71 Years,74,38,36,69,38,31,1,0,1,1,0,1,0,0,0,3,0,3
JACK COUNTY,237,72 Years,77,36,41,70,32,38,1,1,0,0,0,0,2,1,1,4,2,2
JACK COUNTY,237,73 Years,70,28,42,66,27,39,0,0,0,0,0,0,1,0,1,3,1,2
JACK COUNTY,237,74 Years,69,25,44,65,24,41,0,0,0,0,0,0,1,0,1,3,1,2
JACK COUNTY,237,75 Years,69,36,33,62,32,30,2,1,1,0,0,0,1,0,1,4,3,1
JACK COUNTY,237,76 Years,73,36,37,67,33,34,0,0,0,1,1,0,3,0,3,2,2,0
JACK COUNTY,237,77 Years,68,31,37,63,29,34,0,0,0,0,0,0,1,0,1,4,2,2
JACK COUNTY,237,78 Years,59,28,31,54,25,29,1,1,0,0,0,0,0,0,0,4,2,2
JACK COUNTY,237,79 Years,57,29,28,55,28,27,0,0,0,0,0,0,0,0,0,2,1,1
JACK COUNTY,237,80 Years,42,15,27,39,14,25,0,0,0,0,0,0,0,0,0,3,1,2
JACK COUNTY,237,81 Years,48,24,24,44,20,24,0,0,0,0,0,0,3,3,0,1,1,0
JACK COUNTY,237,82 Years,45,19,26,41,19,22,0,0,0,0,0,0,1,0,1,3,0,3
JACK COUNTY,237,83 Years,35,15,20,34,15,19,0,0,0,0,0,0,1,0,1,0,0,0
JACK COUNTY,237,84 Years,35,19,16,34,18,16,0,0,0,0,0,0,0,0,0,1,1,0
JACK COUNTY,237,85 Years,33,14,19,26,12,14,1,0,1,0,0,0,1,0,1,5,2,3
JACK COUNTY,237,86 Years,25,12,13,23,11,12,0,0,0,0,0,0,0,0,0,2,1,1
JACK COUNTY,237,87 Years,29,13,16,28,13,15,0,0,0,0,0,0,0,0,0,1,0,1
JACK COUNTY,237,88 Years,25,12,13,24,12,12,0,0,0,0,0,0,0,0,0,1,0,1
JACK COUNTY,237,89 Years,19,10,9,19,10,9,0,0,0,0,0,0,0,0,0,0,0,0
JACK COUNTY,237,90 Years,15,7,8,15,7,8,0,0,0,0,0,0,0,0,0,0,0,0
JACK COUNTY,237,91 Years,12,4,8,11,4,7,1,0,1,0,0,0,0,0,0,0,0,0
JACK COUNTY,237,92 Years,11,3,8,10,3,7,0,0,0,0,0,0,1,0,1,0,0,0
JACK COUNTY,237,93 Years,7,2,5,7,2,5,0,0,0,0,0,0,0,0,0,0,0,0
JACK COUNTY,237,94 Years,5,2,3,5,2,3,0,0,0,0,0,0,0,0,0,0,0,0
JACK COUNTY,237,95 Years +,13,6,7,12,6,6,0,0,0,0,0,0,0,0,0,1,0,1
JACKSON COUNTY,239,All Ages,15064,7447,7617,8658,4199,4459,1024,475,549,61,30,31,198,97,101,5123,2646,2477
JACKSON COUNTY,239,< 1 Year,212,98,114,86,37,49,14,8,6,2,1,1,13,5,8,97,47,50
JACKSON COUNTY,239,1 Years,219,104,115,89,40,49,12,6,6,1,1,0,12,6,6,105,51,54
JACKSON COUNTY,239,2 Years,214,104,110,90,46,44,12,6,6,2,1,1,7,3,4,103,48,55
JACKSON COUNTY,239,3 Years,215,100,115,93,44,49,15,6,9,1,0,1,5,2,3,101,48,53
JACKSON COUNTY,239,4 Years,215,103,112,93,42,51,19,9,10,2,1,1,6,3,3,95,48,47
JACKSON COUNTY,239,5 Years,210,95,115,90,36,54,17,7,10,1,1,0,4,2,2,98,49,49
JACKSON COUNTY,239,6 Years,214,102,112,91,39,52,18,8,10,2,1,1,6,5,1,97,49,48
JACKSON COUNTY,239,7 Years,242,134,108,106,60,46,21,6,15,1,1,0,5,1,4,109,66,43
JACKSON COUNTY,239,8 Years,225,108,117,98,50,48,16,7,9,1,0,1,5,3,2,105,48,57
JACKSON COUNTY,239,9 Years,225,104,121,89,41,48,22,16,6,1,1,0,6,3,3,107,43,64
JACKSON COUNTY,239,10 Years,216,93,123,86,38,48,16,10,6,0,0,0,4,1,3,110,44,66
JACKSON COUNTY,239,11 Years,230,104,126,103,45,58,15,7,8,0,0,0,4,1,3,108,51,57
JACKSON COUNTY,239,12 Years,214,103,111,100,49,51,14,7,7,1,0,1,3,1,2,96,46,50
JACKSON COUNTY,239,13 Years,214,111,103,104,50,54,13,6,7,1,0,1,4,2,2,92,53,39
JACKSON COUNTY,239,14 Years,206,102,104,99,47,52,17,10,7,0,0,0,2,1,1,88,44,44
JACKSON COUNTY,239,15 Years,191,95,96,104,50,54,17,9,8,1,1,0,0,0,0,69,35,34
JACKSON COUNTY,239,16 Years,205,114,91,102,56,46,11,7,4,1,1,0,0,0,0,91,50,41
JACKSON COUNTY,239,17 Years,214,121,93,100,55,45,13,6,7,0,0,0,3,2,1,98,58,40
JACKSON COUNTY,239,18 Years,167,90,77,86,45,41,9,3,6,0,0,0,2,1,1,70,41,29
JACKSON COUNTY,239,19 Years,167,98,69,82,46,36,14,8,6,0,0,0,2,2,0,69,42,27
JACKSON COUNTY,239,20 Years,183,102,81,83,48,35,15,8,7,1,0,1,1,1,0,83,45,38
JACKSON COUNTY,239,21 Years,169,89,80,77,42,35,12,6,6,0,0,0,2,1,1,78,40,38
JACKSON COUNTY,239,22 Years,158,87,71,73,43,30,13,6,7,2,0,2,3,1,2,67,37,30
JACKSON COUNTY,239,23 Years,164,89,75,79,41,38,18,11,7,1,0,1,3,2,1,63,35,28
JACKSON COUNTY,239,24 Years,194,106,88,96,54,42,20,11,9,1,0,1,2,2,0,75,39,36
JACKSON COUNTY,239,25 Years,220,112,108,116,52,64,17,9,8,1,1,0,3,2,1,83,48,35
JACKSON COUNTY,239,26 Years,217,98,119,119,46,73,17,9,8,1,0,1,4,4,0,76,39,37
JACKSON COUNTY,239,27 Years,188,84,104,95,36,59,13,8,5,1,0,1,3,1,2,76,39,37
JACKSON COUNTY,239,28 Years,174,96,78,95,53,42,11,7,4,1,1,0,2,1,1,65,34,31
JACKSON COUNTY,239,29 Years,175,90,85,92,50,42,11,4,7,2,2,0,2,1,1,68,33,35
JACKSON COUNTY,239,30 Years,176,88,88,96,52,44,10,2,8,2,2,0,0,0,0,68,32,36
JACKSON COUNTY,239,31 Years,193,102,91,103,50,53,10,6,4,1,1,0,0,0,0,79,45,34
JACKSON COUNTY,239,32 Years,180,94,86,92,46,46,7,4,3,0,0,0,1,1,0,80,43,37
JACKSON COUNTY,239,33 Years,181,89,92,104,50,54,8,4,4,0,0,0,2,1,1,67,34,33
JACKSON COUNTY,239,34 Years,207,106,101,115,57,58,11,4,7,1,0,1,1,0,1,79,45,34
JACKSON COUNTY,239,35 Years,196,101,95,108,57,51,12,2,10,2,0,2,1,0,1,73,42,31
JACKSON COUNTY,239,36 Years,195,98,97,103,52,51,11,4,7,0,0,0,0,0,0,81,42,39
JACKSON COUNTY,239,37 Years,191,95,96,100,48,52,8,5,3,0,0,0,1,0,1,82,42,40
JACKSON COUNTY,239,38 Years,198,102,96,112,58,54,12,5,7,0,0,0,1,0,1,73,39,34
JACKSON COUNTY,239,39 Years,188,90,98,110,51,59,11,3,8,0,0,0,2,0,2,65,36,29
JACKSON COUNTY,239,40 Years,168,84,84,92,46,46,9,2,7,0,0,0,1,0,1,66,36,30
JACKSON COUNTY,239,41 Years,151,72,79,93,47,46,6,4,2,0,0,0,0,0,0,52,21,31
JACKSON COUNTY,239,42 Years,169,93,76,99,52,47,6,4,2,1,0,1,0,0,0,63,37,26
JACKSON COUNTY,239,43 Years,161,74,87,89,42,47,8,3,5,0,0,0,1,0,1,63,29,34
JACKSON COUNTY,239,44 Years,174,83,91,102,45,57,8,5,3,1,0,1,1,1,0,62,32,30
JACKSON COUNTY,239,45 Years,173,81,92,113,49,64,6,4,2,0,0,0,2,2,0,52,26,26
JACKSON COUNTY,239,46 Years,157,78,79,102,49,53,11,8,3,0,0,0,1,0,1,43,21,22
JACKSON COUNTY,239,47 Years,144,76,68,88,46,42,9,4,5,0,0,0,3,2,1,44,24,20
JACKSON COUNTY,239,48 Years,152,82,70,91,47,44,8,3,5,0,0,0,1,0,1,52,32,20
JACKSON COUNTY,239,49 Years,158,85,73,96,49,47,11,4,7,2,1,1,1,1,0,48,30,18
JACKSON COUNTY,239,50 Years,138,71,67,90,46,44,11,6,5,0,0,0,0,0,0,37,19,18
JACKSON COUNTY,239,51 Years,171,91,80,108,58,50,9,5,4,1,1,0,1,1,0,52,26,26
JACKSON COUNTY,239,52 Years,193,94,99,113,55,58,10,2,8,1,1,0,2,1,1,67,35,32
JACKSON COUNTY,239,53 Years,194,89,105,119,52,67,18,8,10,1,0,1,2,1,1,54,28,26
JACKSON COUNTY,239,54 Years,192,99,93,121,60,61,14,6,8,1,0,1,2,2,0,54,31,23
JACKSON COUNTY,239,55 Years,193,93,100,129,60,69,8,2,6,1,1,0,1,1,0,54,29,25
JACKSON COUNTY,239,56 Years,205,106,99,139,72,67,12,4,8,2,2,0,2,1,1,50,27,23
JACKSON COUNTY,239,57 Years,185,99,86,126,68,58,11,6,5,0,0,0,2,0,2,46,25,21
JACKSON COUNTY,239,58 Years,190,97,93,135,70,65,16,5,11,0,0,0,0,0,0,39,22,17
JACKSON COUNTY,239,59 Years,204,96,108,142,65,77,14,4,10,1,0,1,2,2,0,45,25,20
JACKSON COUNTY,239,60 Years,179,88,91,118,58,60,12,6,6,2,0,2,2,1,1,45,23,22
JACKSON COUNTY,239,61 Years,193,87,106,134,59,75,11,6,5,1,0,1,1,0,1,46,22,24
JACKSON COUNTY,239,62 Years,196,90,106,139,61,78,16,8,8,0,0,0,1,0,1,40,21,19
JACKSON COUNTY,239,63 Years,187,83,104,131,55,76,14,6,8,0,0,0,4,1,3,38,21,17
JACKSON COUNTY,239,64 Years,184,93,91,128,67,61,14,5,9,0,0,0,3,2,1,39,19,20
JACKSON COUNTY,239,65 Years,174,95,79,121,67,54,15,8,7,1,1,0,2,1,1,35,18,17
JACKSON COUNTY,239,66 Years,177,90,87,121,61,60,18,8,10,2,2,0,2,1,1,34,18,16
JACKSON COUNTY,239,67 Years,159,83,76,110,58,52,14,6,8,1,1,0,2,1,1,32,17,15
JACKSON COUNTY,239,68 Years,132,62,70,87,42,45,15,7,8,0,0,0,4,2,2,26,11,15
JACKSON COUNTY,239,69 Years,134,69,65,100,50,50,8,4,4,0,0,0,2,0,2,24,15,9
JACKSON COUNTY,239,70 Years,136,68,68,104,47,57,9,5,4,1,0,1,3,2,1,19,14,5
JACKSON COUNTY,239,71 Years,138,71,67,101,49,52,8,5,3,0,0,0,1,1,0,28,16,12
JACKSON COUNTY,239,72 Years,122,64,58,90,45,45,7,5,2,0,0,0,3,3,0,22,11,11
JACKSON COUNTY,239,73 Years,125,63,62,89,43,46,9,5,4,0,0,0,1,1,0,26,14,12
JACKSON COUNTY,239,74 Years,128,54,74,96,41,55,7,3,4,0,0,0,1,1,0,24,9,15
JACKSON COUNTY,239,75 Years,118,54,64,99,46,53,3,1,2,0,0,0,2,1,1,14,6,8
JACKSON COUNTY,239,76 Years,114,55,59,92,45,47,5,2,3,0,0,0,2,0,2,15,8,7
JACKSON COUNTY,239,77 Years,103,47,56,79,37,42,7,3,4,0,0,0,1,0,1,16,7,9
JACKSON COUNTY,239,78 Years,93,46,47,69,35,34,6,2,4,0,0,0,2,0,2,16,9,7
JACKSON COUNTY,239,79 Years,86,44,42,65,31,34,3,1,2,0,0,0,1,1,0,17,11,6
JACKSON COUNTY,239,80 Years,76,28,48,59,20,39,2,0,2,0,0,0,1,1,0,14,7,7
JACKSON COUNTY,239,81 Years,81,34,47,61,24,37,4,2,2,0,0,0,0,0,0,16,8,8
JACKSON COUNTY,239,82 Years,70,34,36,50,25,25,4,2,2,1,1,0,1,0,1,14,6,8
JACKSON COUNTY,239,83 Years,68,26,42,46,18,28,6,3,3,2,2,0,1,0,1,13,3,10
JACKSON COUNTY,239,84 Years,68,24,44,50,19,31,7,2,5,0,0,0,1,0,1,10,3,7
JACKSON COUNTY,239,85 Years,60,21,39,46,18,28,4,0,4,2,0,2,0,0,0,8,3,5
JACKSON COUNTY,239,86 Years,60,26,34,47,23,24,5,1,4,1,0,1,0,0,0,7,2,5
JACKSON COUNTY,239,87 Years,47,19,28,33,15,18,4,1,3,0,0,0,1,0,1,9,3,6
JACKSON COUNTY,239,88 Years,43,16,27,29,11,18,5,1,4,0,0,0,0,0,0,9,4,5
JACKSON COUNTY,239,89 Years,35,17,18,24,12,12,3,1,2,0,0,0,0,0,0,8,4,4
JACKSON COUNTY,239,90 Years,26,9,17,16,7,9,4,1,3,0,0,0,1,0,1,5,1,4
JACKSON COUNTY,239,91 Years,26,9,17,16,6,10,4,1,3,0,0,0,0,0,0,6,2,4
JACKSON COUNTY,239,92 Years,23,8,15,15,5,10,3,1,2,0,0,0,0,0,0,5,2,3
JACKSON COUNTY,239,93 Years,18,8,10,12,5,7,2,1,1,0,0,0,0,0,0,4,2,2
JACKSON COUNTY,239,94 Years,18,6,12,12,6,6,3,0,3,0,0,0,0,0,0,3,0,3
JACKSON COUNTY,239,95 Years +,33,12,21,23,8,15,6,3,3,0,0,0,0,0,0,4,1,3
JASPER COUNTY,241,All Ages,35751,17746,18005,26390,13001,13389,5815,2818,2997,202,97,105,841,389,452,2503,1441,1062
JASPER COUNTY,241,< 1 Year,453,227,226,293,154,139,83,43,40,0,0,0,33,8,25,44,22,22
JASPER COUNTY,241,1 Years,467,234,233,308,159,149,82,41,41,1,1,0,29,11,18,47,22,25
JASPER COUNTY,241,2 Years,450,226,224,289,149,140,78,38,40,1,1,0,33,14,19,49,24,25
JASPER COUNTY,241,3 Years,463,238,225,298,153,145,78,38,40,1,1,0,36,22,14,50,24,26
JASPER COUNTY,241,4 Years,447,237,210,281,149,132,82,42,40,1,1,0,35,20,15,48,25,23
JASPER COUNTY,241,5 Years,469,246,223,305,155,150,83,44,39,1,1,0,29,17,12,51,29,22
JASPER COUNTY,241,6 Years,476,248,228,309,156,153,90,49,41,1,0,1,25,15,10,51,28,23
JASPER COUNTY,241,7 Years,516,246,270,337,162,175,96,43,53,1,0,1,25,11,14,57,30,27
JASPER COUNTY,241,8 Years,473,234,239,294,144,150,96,53,43,1,0,1,28,11,17,54,26,28
JASPER COUNTY,241,9 Years,474,229,245,305,147,158,96,48,48,4,2,2,22,9,13,47,23,24
JASPER COUNTY,241,10 Years,494,251,243,317,164,153,99,52,47,4,3,1,22,6,16,52,26,26
JASPER COUNTY,241,11 Years,464,240,224,302,163,139,88,45,43,4,3,1,17,4,13,53,25,28
JASPER COUNTY,241,12 Years,487,258,229,309,166,143,96,50,46,1,1,0,24,10,14,57,31,26
JASPER COUNTY,241,13 Years,505,269,236,319,174,145,104,52,52,4,1,3,21,9,12,57,33,24
JASPER COUNTY,241,14 Years,463,241,222,306,164,142,84,40,44,2,1,1,19,8,11,52,28,24
JASPER COUNTY,241,15 Years,443,243,200,297,160,137,80,44,36,3,0,3,17,10,7,46,29,17
JASPER COUNTY,241,16 Years,452,234,218,293,156,137,82,42,40,5,1,4,16,10,6,56,25,31
JASPER COUNTY,241,17 Years,437,217,220,295,150,145,65,36,29,3,1,2,19,7,12,55,23,32
JASPER COUNTY,241,18 Years,392,194,198,264,132,132,73,38,35,1,0,1,13,5,8,41,19,22
JASPER COUNTY,241,19 Years,338,183,155,226,122,104,66,33,33,3,2,1,11,5,6,32,21,11
JASPER COUNTY,241,20 Years,364,200,164,232,127,105,74,40,34,1,0,1,15,7,8,42,26,16
JASPER COUNTY,241,21 Years,374,182,192,229,114,115,86,45,41,2,0,2,16,6,10,41,17,24
JASPER COUNTY,241,22 Years,406,213,193,254,130,124,88,44,44,3,2,1,22,14,8,39,23,16
JASPER COUNTY,241,23 Years,405,214,191,265,142,123,89,44,45,1,0,1,17,8,9,33,20,13
JASPER COUNTY,241,24 Years,464,254,210,311,168,143,90,49,41,3,1,2,15,8,7,45,28,17
JASPER COUNTY,241,25 Years,451,229,222,306,156,150,92,40,52,1,0,1,12,5,7,40,28,12
JASPER COUNTY,241,26 Years,454,234,220,303,147,156,88,45,43,1,1,0,11,5,6,51,36,15
JASPER COUNTY,241,27 Years,449,230,219,321,155,166,74,39,35,0,0,0,9,4,5,45,32,13
JASPER COUNTY,241,28 Years,421,231,190,322,166,156,65,42,23,0,0,0,4,3,1,30,20,10
JASPER COUNTY,241,29 Years,428,220,208,320,159,161,70,37,33,1,1,0,4,3,1,33,20,13
JASPER COUNTY,241,30 Years,402,195,207,303,144,159,60,28,32,1,0,1,6,4,2,32,19,13
JASPER COUNTY,241,31 Years,393,190,203,287,134,153,68,34,34,1,1,0,4,1,3,33,20,13
JASPER COUNTY,241,32 Years,426,212,214,301,143,158,78,39,39,2,0,2,3,1,2,42,29,13
JASPER COUNTY,241,33 Years,419,220,199,292,149,143,80,39,41,2,2,0,5,4,1,40,26,14
JASPER COUNTY,241,34 Years,432,232,200,306,156,150,72,38,34,6,3,3,4,1,3,44,34,10
JASPER COUNTY,241,35 Years,406,216,190,283,147,136,71,35,36,3,2,1,4,2,2,45,30,15
JASPER COUNTY,241,36 Years,427,204,223,298,143,155,78,33,45,1,0,1,7,3,4,43,25,18
JASPER COUNTY,241,37 Years,425,211,214,304,145,159,73,38,35,3,1,2,6,3,3,39,24,15
JASPER COUNTY,241,38 Years,385,204,181,281,141,140,58,36,22,4,2,2,3,2,1,39,23,16
JASPER COUNTY,241,39 Years,385,195,190,264,125,139,73,39,34,1,1,0,5,3,2,42,27,15
JASPER COUNTY,241,40 Years,369,185,184,245,120,125,80,39,41,4,0,4,6,3,3,34,23,11
JASPER COUNTY,241,41 Years,375,197,178,265,142,123,68,30,38,3,1,2,6,1,5,33,23,10
JASPER COUNTY,241,42 Years,373,182,191,269,125,144,58,31,27,5,3,2,8,3,5,33,20,13
JASPER COUNTY,241,43 Years,359,183,176,266,132,134,51,27,24,4,3,1,4,1,3,34,20,14
JASPER COUNTY,241,44 Years,348,175,173,260,130,130,57,28,29,1,1,0,3,2,1,27,14,13
JASPER COUNTY,241,45 Years,396,179,217,303,138,165,57,24,33,3,1,2,5,2,3,28,14,14
JASPER COUNTY,241,46 Years,435,225,210,334,169,165,55,27,28,10,6,4,7,2,5,29,21,8
JASPER COUNTY,241,47 Years,426,206,220,327,153,174,60,26,34,6,4,2,7,5,2,26,18,8
JASPER COUNTY,241,48 Years,446,224,222,351,170,181,61,30,31,7,4,3,4,3,1,23,17,6
JASPER COUNTY,241,49 Years,449,242,207,353,192,161,68,33,35,4,2,2,5,3,2,19,12,7
JASPER COUNTY,241,50 Years,426,208,218,324,160,164,67,29,38,5,2,3,4,2,2,26,15,11
JASPER COUNTY,241,51 Years,434,212,222,337,168,169,67,28,39,4,2,2,5,3,2,21,11,10
JASPER COUNTY,241,52 Years,480,234,246,375,177,198,79,41,38,4,2,2,5,2,3,17,12,5
JASPER COUNTY,241,53 Years,490,245,245,378,183,195,78,41,37,3,1,2,6,3,3,25,17,8
JASPER COUNTY,241,54 Years,500,237,263,393,186,207,77,35,42,2,0,2,8,3,5,20,13,7
JASPER COUNTY,241,55 Years,535,280,255,414,214,200,85,40,45,4,3,1,3,1,2,29,22,7
JASPER COUNTY,241,56 Years,529,269,260,410,216,194,92,36,56,3,1,2,2,1,1,22,15,7
JASPER COUNTY,241,57 Years,509,245,264,396,195,201,89,36,53,4,2,2,3,2,1,17,10,7
JASPER COUNTY,241,58 Years,477,251,226,367,193,174,89,45,44,2,1,1,3,2,1,16,10,6
JASPER COUNTY,241,59 Years,513,238,275,422,197,225,70,29,41,4,2,2,3,2,1,14,8,6
JASPER COUNTY,241,60 Years,535,261,274,422,210,212,91,40,51,5,3,2,5,2,3,12,6,6
JASPER COUNTY,241,61 Years,472,236,236,362,185,177,87,41,46,4,3,1,4,2,2,15,5,10
JASPER COUNTY,241,62 Years,473,227,246,376,185,191,73,30,43,1,1,0,4,2,2,19,9,10
JASPER COUNTY,241,63 Years,500,243,257,408,198,210,74,35,39,3,2,1,3,2,1,12,6,6
JASPER COUNTY,241,64 Years,458,217,241,381,178,203,61,32,29,2,1,1,3,1,2,11,5,6
JASPER COUNTY,241,65 Years,415,203,212,343,168,175,55,28,27,1,0,1,5,2,3,11,5,6
JASPER COUNTY,241,66 Years,430,201,229,365,171,194,47,21,26,2,0,2,6,4,2,10,5,5
JASPER COUNTY,241,67 Years,461,221,240,388,184,204,56,29,27,2,0,2,6,3,3,9,5,4
JASPER COUNTY,241,68 Years,436,196,240,362,156,206,57,31,26,3,2,1,4,1,3,10,6,4
JASPER COUNTY,241,69 Years,430,197,233,363,163,200,52,28,24,4,2,2,3,2,1,8,2,6
JASPER COUNTY,241,70 Years,422,213,209,357,185,172,48,20,28,3,0,3,8,6,2,6,2,4
JASPER COUNTY,241,71 Years,350,173,177,298,151,147,38,15,23,1,0,1,6,4,2,7,3,4
JASPER COUNTY,241,72 Years,356,168,188,307,149,158,38,14,24,0,0,0,3,2,1,8,3,5
JASPER COUNTY,241,73 Years,349,156,193,297,135,162,36,15,21,2,1,1,5,2,3,9,3,6
JASPER COUNTY,241,74 Years,350,176,174,294,147,147,40,20,20,1,1,0,8,3,5,7,5,2
JASPER COUNTY,241,75 Years,301,136,165,260,119,141,34,14,20,1,0,1,3,1,2,3,2,1
JASPER COUNTY,241,76 Years,260,119,141,219,100,119,31,12,19,0,0,0,2,0,2,8,7,1
JASPER COUNTY,241,77 Years,271,121,150,232,107,125,33,11,22,0,0,0,2,0,2,4,3,1
JASPER COUNTY,241,78 Years,257,106,151,218,94,124,33,10,23,2,1,1,2,0,2,2,1,1
JASPER COUNTY,241,79 Years,210,86,124,178,77,101,28,8,20,0,0,0,1,0,1,3,1,2
JASPER COUNTY,241,80 Years,186,84,102,157,71,86,19,4,15,1,1,0,2,2,0,7,6,1
JASPER COUNTY,241,81 Years,186,81,105,164,74,90,17,3,14,1,1,0,1,1,0,3,2,1
JASPER COUNTY,241,82 Years,181,74,107,161,68,93,14,4,10,1,0,1,2,0,2,3,2,1
JASPER COUNTY,241,83 Years,163,73,90,142,67,75,19,6,13,0,0,0,1,0,1,1,0,1
JASPER COUNTY,241,84 Years,142,67,75,128,63,65,12,4,8,0,0,0,1,0,1,1,0,1
JASPER COUNTY,241,85 Years,122,53,69,108,48,60,9,4,5,0,0,0,1,0,1,4,1,3
JASPER COUNTY,241,86 Years,121,52,69,102,45,57,12,4,8,0,0,0,1,1,0,6,2,4
JASPER COUNTY,241,87 Years,113,46,67,97,38,59,10,4,6,0,0,0,2,1,1,4,3,1
JASPER COUNTY,241,88 Years,92,37,55,79,31,48,9,4,5,0,0,0,1,0,1,3,2,1
JASPER COUNTY,241,89 Years,82,30,52,73,26,47,7,3,4,1,0,1,0,0,0,1,1,0
JASPER COUNTY,241,90 Years,68,25,43,60,21,39,6,3,3,0,0,0,1,0,1,1,1,0
JASPER COUNTY,241,91 Years,50,20,30,41,17,24,8,2,6,0,0,0,0,0,0,1,1,0
JASPER COUNTY,241,92 Years,45,15,30,39,14,25,5,1,4,0,0,0,0,0,0,1,0,1
JASPER COUNTY,241,93 Years,33,9,24,27,7,20,5,2,3,0,0,0,1,0,1,0,0,0
JASPER COUNTY,241,94 Years,24,8,16,20,7,13,3,1,2,0,0,0,0,0,0,1,0,1
JASPER COUNTY,241,95 Years +,59,18,41,44,12,32,12,5,7,0,0,0,1,0,1,2,1,1
JEFF DAVIS COUNTY,243,All Ages,2269,1109,1160,1320,624,696,12,9,3,7,2,5,52,26,26,878,448,430
JEFF DAVIS COUNTY,243,< 1 Year,24,12,12,3,0,3,0,0,0,0,0,0,0,0,0,21,12,9
JEFF DAVIS COUNTY,243,1 Years,16,9,7,2,2,0,0,0,0,0,0,0,3,1,2,11,6,5
JEFF DAVIS COUNTY,243,2 Years,15,7,8,2,0,2,0,0,0,0,0,0,3,1,2,10,6,4
JEFF DAVIS COUNTY,243,3 Years,13,4,9,3,0,3,0,0,0,0,0,0,0,0,0,10,4,6
JEFF DAVIS COUNTY,243,4 Years,12,4,8,3,0,3,0,0,0,0,0,0,0,0,0,9,4,5
JEFF DAVIS COUNTY,243,5 Years,16,7,9,3,0,3,0,0,0,0,0,0,0,0,0,13,7,6
JEFF DAVIS COUNTY,243,6 Years,19,10,9,3,0,3,0,0,0,0,0,0,0,0,0,16,10,6
JEFF DAVIS COUNTY,243,7 Years,15,10,5,1,1,0,1,1,0,0,0,0,2,2,0,11,6,5
JEFF DAVIS COUNTY,243,8 Years,12,6,6,5,2,3,0,0,0,0,0,0,0,0,0,7,4,3
JEFF DAVIS COUNTY,243,9 Years,12,6,6,4,1,3,0,0,0,0,0,0,0,0,0,8,5,3
JEFF DAVIS COUNTY,243,10 Years,12,6,6,7,4,3,0,0,0,0,0,0,0,0,0,5,2,3
JEFF DAVIS COUNTY,243,11 Years,13,7,6,7,4,3,0,0,0,0,0,0,0,0,0,6,3,3
JEFF DAVIS COUNTY,243,12 Years,12,7,5,4,2,2,0,0,0,0,0,0,0,0,0,8,5,3
JEFF DAVIS COUNTY,243,13 Years,13,7,6,5,3,2,0,0,0,0,0,0,1,0,1,7,4,3
JEFF DAVIS COUNTY,243,14 Years,13,6,7,4,1,3,0,0,0,0,0,0,0,0,0,9,5,4
JEFF DAVIS COUNTY,243,15 Years,29,15,14,14,8,6,1,0,1,0,0,0,1,0,1,13,7,6
JEFF DAVIS COUNTY,243,16 Years,40,24,16,26,17,9,1,1,0,0,0,0,2,0,2,11,6,5
JEFF DAVIS COUNTY,243,17 Years,57,37,20,39,24,15,2,2,0,0,0,0,4,3,1,12,8,4
JEFF DAVIS COUNTY,243,18 Years,26,14,12,15,7,8,0,0,0,0,0,0,1,1,0,10,6,4
JEFF DAVIS COUNTY,243,19 Years,17,7,10,7,3,4,0,0,0,0,0,0,0,0,0,10,4,6
JEFF DAVIS COUNTY,243,20 Years,16,7,9,6,2,4,0,0,0,0,0,0,0,0,0,10,5,5
JEFF DAVIS COUNTY,243,21 Years,18,8,10,10,4,6,0,0,0,0,0,0,0,0,0,8,4,4
JEFF DAVIS COUNTY,243,22 Years,18,9,9,6,3,3,1,0,1,0,0,0,0,0,0,11,6,5
JEFF DAVIS COUNTY,243,23 Years,22,8,14,7,3,4,0,0,0,1,0,1,1,0,1,13,5,8
JEFF DAVIS COUNTY,243,24 Years,23,10,13,9,3,6,0,0,0,0,0,0,1,0,1,13,7,6
JEFF DAVIS COUNTY,243,25 Years,23,13,10,12,8,4,0,0,0,0,0,0,1,0,1,10,5,5
JEFF DAVIS COUNTY,243,26 Years,12,6,6,4,3,1,0,0,0,0,0,0,0,0,0,8,3,5
JEFF DAVIS COUNTY,243,27 Years,13,8,5,5,4,1,0,0,0,0,0,0,0,0,0,8,4,4
JEFF DAVIS COUNTY,243,28 Years,15,8,7,8,4,4,0,0,0,0,0,0,1,0,1,6,4,2
JEFF DAVIS COUNTY,243,29 Years,17,9,8,6,3,3,0,0,0,0,0,0,0,0,0,11,6,5
JEFF DAVIS COUNTY,243,30 Years,13,5,8,4,2,2,0,0,0,0,0,0,0,0,0,9,3,6
JEFF DAVIS COUNTY,243,31 Years,13,7,6,3,2,1,1,0,1,0,0,0,0,0,0,9,5,4
JEFF DAVIS COUNTY,243,32 Years,12,6,6,3,1,2,0,0,0,0,0,0,1,1,0,8,4,4
JEFF DAVIS COUNTY,243,33 Years,13,6,7,5,2,3,0,0,0,0,0,0,0,0,0,8,4,4
JEFF DAVIS COUNTY,243,34 Years,22,10,12,9,6,3,0,0,0,1,1,0,0,0,0,12,3,9
JEFF DAVIS COUNTY,243,35 Years,23,7,16,7,3,4,0,0,0,0,0,0,0,0,0,16,4,12
JEFF DAVIS COUNTY,243,36 Years,23,7,16,5,2,3,0,0,0,0,0,0,0,0,0,18,5,13
JEFF DAVIS COUNTY,243,37 Years,18,9,9,5,3,2,0,0,0,0,0,0,0,0,0,13,6,7
JEFF DAVIS COUNTY,243,38 Years,16,11,5,6,4,2,1,1,0,0,0,0,0,0,0,9,6,3
JEFF DAVIS COUNTY,243,39 Years,16,10,6,7,4,3,1,1,0,0,0,0,1,0,1,7,5,2
JEFF DAVIS COUNTY,243,40 Years,15,9,6,9,6,3,0,0,0,0,0,0,1,0,1,5,3,2
JEFF DAVIS COUNTY,243,41 Years,18,8,10,13,5,8,0,0,0,0,0,0,0,0,0,5,3,2
JEFF DAVIS COUNTY,243,42 Years,14,4,10,7,2,5,0,0,0,0,0,0,0,0,0,7,2,5
JEFF DAVIS COUNTY,243,43 Years,13,6,7,10,5,5,0,0,0,0,0,0,0,0,0,3,1,2
JEFF DAVIS COUNTY,243,44 Years,22,8,14,14,5,9,0,0,0,0,0,0,0,0,0,8,3,5
JEFF DAVIS COUNTY,243,45 Years,22,9,13,10,4,6,0,0,0,0,0,0,0,0,0,12,5,7
JEFF DAVIS COUNTY,243,46 Years,15,8,7,7,2,5,0,0,0,0,0,0,0,0,0,8,6,2
JEFF DAVIS COUNTY,243,47 Years,28,15,13,13,4,9,0,0,0,0,0,0,1,1,0,14,10,4
JEFF DAVIS COUNTY,243,48 Years,23,9,14,11,3,8,0,0,0,1,0,1,1,1,0,10,5,5
JEFF DAVIS COUNTY,243,49 Years,23,13,10,12,6,6,0,0,0,0,0,0,1,1,0,10,6,4
JEFF DAVIS COUNTY,243,50 Years,18,10,8,10,7,3,0,0,0,0,0,0,0,0,0,8,3,5
JEFF DAVIS COUNTY,243,51 Years,27,13,14,19,8,11,0,0,0,0,0,0,0,0,0,8,5,3
JEFF DAVIS COUNTY,243,52 Years,33,16,17,19,9,10,1,1,0,0,0,0,1,1,0,12,5,7
JEFF DAVIS COUNTY,243,53 Years,38,19,19,25,12,13,1,1,0,0,0,0,0,0,0,12,6,6
JEFF DAVIS COUNTY,243,54 Years,38,19,19,24,13,11,0,0,0,0,0,0,2,0,2,12,6,6
JEFF DAVIS COUNTY,243,55 Years,32,15,17,21,11,10,0,0,0,0,0,0,1,0,1,10,4,6
JEFF DAVIS COUNTY,243,56 Years,43,23,20,21,9,12,0,0,0,0,0,0,1,0,1,21,14,7
JEFF DAVIS COUNTY,243,57 Years,41,23,18,23,13,10,0,0,0,0,0,0,3,2,1,15,8,7
JEFF DAVIS COUNTY,243,58 Years,35,18,17,23,11,12,0,0,0,1,0,1,1,1,0,10,6,4
JEFF DAVIS COUNTY,243,59 Years,42,19,23,28,14,14,0,0,0,0,0,0,1,0,1,13,5,8
JEFF DAVIS COUNTY,243,60 Years,45,23,22,30,14,16,0,0,0,0,0,0,1,1,0,14,8,6
JEFF DAVIS COUNTY,243,61 Years,45,21,24,33,15,18,0,0,0,0,0,0,1,1,0,11,5,6
JEFF DAVIS COUNTY,243,62 Years,53,25,28,44,20,24,1,1,0,0,0,0,0,0,0,8,4,4
JEFF DAVIS COUNTY,243,63 Years,48,21,27,39,17,22,0,0,0,0,0,0,1,1,0,8,3,5
JEFF DAVIS COUNTY,243,64 Years,51,20,31,37,14,23,0,0,0,0,0,0,1,0,1,13,6,7
JEFF DAVIS COUNTY,243,65 Years,54,20,34,42,15,27,0,0,0,0,0,0,2,0,2,10,5,5
JEFF DAVIS COUNTY,243,66 Years,49,25,24,37,18,19,0,0,0,0,0,0,1,1,0,11,6,5
JEFF DAVIS COUNTY,243,67 Years,43,19,24,36,15,21,0,0,0,0,0,0,0,0,0,7,4,3
JEFF DAVIS COUNTY,243,68 Years,52,26,26,42,21,21,0,0,0,0,0,0,0,0,0,10,5,5
JEFF DAVIS COUNTY,243,69 Years,53,28,25,38,18,20,0,0,0,0,0,0,0,0,0,15,10,5
JEFF DAVIS COUNTY,243,70 Years,48,24,24,35,16,19,0,0,0,0,0,0,1,1,0,12,7,5
JEFF DAVIS COUNTY,243,71 Years,35,19,16,25,14,11,0,0,0,0,0,0,0,0,0,10,5,5
JEFF DAVIS COUNTY,243,72 Years,41,19,22,32,15,17,0,0,0,1,0,1,0,0,0,8,4,4
JEFF DAVIS COUNTY,243,73 Years,44,22,22,33,13,20,0,0,0,0,0,0,1,1,0,10,8,2
JEFF DAVIS COUNTY,243,74 Years,31,20,11,20,11,9,0,0,0,1,1,0,0,0,0,10,8,2
JEFF DAVIS COUNTY,243,75 Years,27,12,15,21,8,13,0,0,0,1,0,1,0,0,0,5,4,1
JEFF DAVIS COUNTY,243,76 Years,26,16,10,15,8,7,0,0,0,0,0,0,3,3,0,8,5,3
JEFF DAVIS COUNTY,243,77 Years,28,17,11,18,12,6,0,0,0,0,0,0,1,1,0,9,4,5
JEFF DAVIS COUNTY,243,78 Years,23,14,9,13,8,5,0,0,0,0,0,0,0,0,0,10,6,4
JEFF DAVIS COUNTY,243,79 Years,21,12,9,11,7,4,0,0,0,0,0,0,0,0,0,10,5,5
JEFF DAVIS COUNTY,243,80 Years,18,10,8,10,6,4,0,0,0,0,0,0,0,0,0,8,4,4
JEFF DAVIS COUNTY,243,81 Years,14,6,8,9,4,5,0,0,0,0,0,0,0,0,0,5,2,3
JEFF DAVIS COUNTY,243,82 Years,15,7,8,8,4,4,0,0,0,0,0,0,0,0,0,7,3,4
JEFF DAVIS COUNTY,243,83 Years,13,7,6,8,5,3,0,0,0,0,0,0,0,0,0,5,2,3
JEFF DAVIS COUNTY,243,84 Years,10,5,5,8,5,3,0,0,0,0,0,0,0,0,0,2,0,2
JEFF DAVIS COUNTY,243,85 Years,13,5,8,9,5,4,0,0,0,0,0,0,0,0,0,4,0,4
JEFF DAVIS COUNTY,243,86 Years,15,5,10,9,4,5,0,0,0,0,0,0,1,0,1,5,1,4
JEFF DAVIS COUNTY,243,87 Years,9,6,3,6,4,2,0,0,0,0,0,0,1,0,1,2,2,0
JEFF DAVIS COUNTY,243,88 Years,12,3,9,9,3,6,0,0,0,0,0,0,0,0,0,3,0,3
JEFF DAVIS COUNTY,243,89 Years,13,3,10,11,3,8,0,0,0,0,0,0,0,0,0,2,0,2
JEFF DAVIS COUNTY,243,90 Years,8,2,6,6,1,5,0,0,0,0,0,0,0,0,0,2,1,1
JEFF DAVIS COUNTY,243,91 Years,8,2,6,4,0,4,0,0,0,0,0,0,0,0,0,4,2,2
JEFF DAVIS COUNTY,243,92 Years,8,4,4,5,2,3,0,0,0,0,0,0,0,0,0,3,2,1
JEFF DAVIS COUNTY,243,93 Years,8,3,5,5,2,3,0,0,0,0,0,0,0,0,0,3,1,2
JEFF DAVIS COUNTY,243,94 Years,5,1,4,3,1,2,0,0,0,0,0,0,0,0,0,2,0,2
JEFF DAVIS COUNTY,243,95 Years +,11,4,7,6,2,4,0,0,0,0,0,0,0,0,0,5,2,3
JEFFERSON COUNTY,245,All Ages,252195,129693,122502,102935,52115,50820,83591,41485,42106,10101,5249,4852,4748,2433,2315,50820,28411,22409
JEFFERSON COUNTY,245,< 1 Year,3456,1772,1684,972,489,483,1217,616,601,107,62,45,140,79,61,1020,526,494
JEFFERSON COUNTY,245,1 Years,3508,1794,1714,964,481,483,1227,628,599,119,64,55,148,77,71,1050,544,506
JEFFERSON COUNTY,245,2 Years,3555,1824,1731,998,509,489,1242,638,604,127,68,59,146,80,66,1042,529,513
JEFFERSON COUNTY,245,3 Years,3548,1810,1738,981,493,488,1237,637,600,134,68,66,145,76,69,1051,536,515
JEFFERSON COUNTY,245,4 Years,3435,1749,1686,973,493,480,1178,594,584,138,74,64,136,71,65,1010,517,493
JEFFERSON COUNTY,245,5 Years,3376,1695,1681,971,484,487,1132,557,575,140,75,65,133,68,65,1000,511,489
JEFFERSON COUNTY,245,6 Years,3383,1710,1673,1000,505,495,1130,558,572,140,76,64,130,70,60,983,501,482
JEFFERSON COUNTY,245,7 Years,3268,1684,1584,970,518,452,1106,553,553,129,67,62,116,58,58,947,488,459
JEFFERSON COUNTY,245,8 Years,3352,1696,1656,995,514,481,1189,599,590,113,64,49,103,51,52,952,468,484
JEFFERSON COUNTY,245,9 Years,3387,1657,1730,981,480,501,1203,584,619,121,63,58,108,53,55,974,477,497
JEFFERSON COUNTY,245,10 Years,3459,1742,1717,1056,527,529,1216,628,588,125,61,64,97,50,47,965,476,489
JEFFERSON COUNTY,245,11 Years,3234,1620,1614,980,490,490,1180,584,596,109,51,58,102,52,50,863,443,420
JEFFERSON COUNTY,245,12 Years,3135,1607,1528,895,465,430,1144,555,589,120,62,58,98,50,48,878,475,403
JEFFERSON COUNTY,245,13 Years,2933,1502,1431,851,446,405,1061,509,552,114,59,55,89,48,41,818,440,378
JEFFERSON COUNTY,245,14 Years,2892,1484,1408,810,409,401,1055,543,512,99,52,47,81,38,43,847,442,405
JEFFERSON COUNTY,245,15 Years,2780,1469,1311,751,387,364,1009,546,463,102,52,50,88,51,37,830,433,397
JEFFERSON COUNTY,245,16 Years,2932,1570,1362,808,413,395,1005,553,452,144,74,70,109,56,53,866,474,392
JEFFERSON COUNTY,245,17 Years,3127,1607,1520,960,467,493,1002,517,485,133,78,55,104,54,50,928,491,437
JEFFERSON COUNTY,245,18 Years,3212,1620,1592,1020,515,505,1098,550,548,134,66,68,117,61,56,843,428,415
JEFFERSON COUNTY,245,19 Years,3597,1813,1784,1199,619,580,1268,617,651,145,65,80,123,70,53,862,442,420
JEFFERSON COUNTY,245,20 Years,3661,1899,1762,1187,636,551,1329,627,702,155,95,60,123,75,48,867,466,401
JEFFERSON COUNTY,245,21 Years,3553,1917,1636,1170,623,547,1258,651,607,153,91,62,99,58,41,873,494,379
JEFFERSON COUNTY,245,22 Years,3753,1944,1809,1247,626,621,1372,694,678,204,113,91,91,62,29,839,449,390
JEFFERSON COUNTY,245,23 Years,3886,2081,1805,1309,695,614,1457,759,698,213,117,96,81,47,34,826,463,363
JEFFERSON COUNTY,245,24 Years,3801,2110,1691,1195,653,542,1571,875,696,180,97,83,81,43,38,774,442,332
JEFFERSON COUNTY,245,25 Years,4059,2248,1811,1436,802,634,1484,791,693,225,131,94,75,39,36,839,485,354
JEFFERSON COUNTY,245,26 Years,3977,2174,1803,1399,731,668,1439,783,656,196,110,86,93,40,53,850,510,340
JEFFERSON COUNTY,245,27 Years,3817,2097,1720,1444,771,673,1324,722,602,178,100,78,70,35,35,801,469,332
JEFFERSON COUNTY,245,28 Years,3670,1930,1740,1371,701,670,1274,676,598,165,68,97,63,17,46,797,468,329
JEFFERSON COUNTY,245,29 Years,3656,2047,1609,1373,766,607,1254,683,571,144,62,82,73,31,42,812,505,307
JEFFERSON COUNTY,245,30 Years,3810,2127,1683,1485,840,645,1258,663,595,163,72,91,59,26,33,845,526,319
JEFFERSON COUNTY,245,31 Years,3848,2158,1690,1516,856,660,1191,639,552,185,79,106,61,29,32,895,555,340
JEFFERSON COUNTY,245,32 Years,3809,2138,1671,1472,797,675,1211,661,550,189,95,94,63,34,29,874,551,323
JEFFERSON COUNTY,245,33 Years,3661,2036,1625,1394,756,638,1186,639,547,179,90,89,52,25,27,850,526,324
JEFFERSON COUNTY,245,34 Years,3779,2070,1709,1479,772,707,1226,657,569,160,76,84,45,14,31,869,551,318
JEFFERSON COUNTY,245,35 Years,3579,2048,1531,1351,770,581,1200,655,545,143,76,67,39,22,17,846,525,321
JEFFERSON COUNTY,245,36 Years,3694,2091,1603,1443,837,606,1244,653,591,153,76,77,38,24,14,816,501,315
JEFFERSON COUNTY,245,37 Years,3612,1992,1620,1387,761,626,1170,608,562,161,82,79,52,24,28,842,517,325
JEFFERSON COUNTY,245,38 Years,3379,1870,1509,1289,702,587,1128,596,532,130,73,57,39,20,19,793,479,314
JEFFERSON COUNTY,245,39 Years,3291,1816,1475,1264,711,553,1087,569,518,140,71,69,36,21,15,764,444,320
JEFFERSON COUNTY,245,40 Years,3136,1700,1436,1191,654,537,1025,517,508,149,73,76,44,22,22,727,434,293
JEFFERSON COUNTY,245,41 Years,2979,1630,1349,1102,608,494,965,505,460,136,62,74,46,29,17,730,426,304
JEFFERSON COUNTY,245,42 Years,2973,1613,1360,1110,601,509,931,483,448,131,64,67,31,25,6,770,440,330
JEFFERSON COUNTY,245,43 Years,2974,1588,1386,1127,599,528,916,477,439,156,79,77,36,19,17,739,414,325
JEFFERSON COUNTY,245,44 Years,2947,1569,1378,1119,608,511,889,451,438,174,82,92,35,17,18,730,411,319
JEFFERSON COUNTY,245,45 Years,3045,1603,1442,1184,617,567,969,493,476,168,67,101,32,18,14,692,408,284
JEFFERSON COUNTY,245,46 Years,3057,1623,1434,1206,631,575,1013,504,509,159,71,88,30,18,12,649,399,250
JEFFERSON COUNTY,245,47 Years,3015,1644,1371,1252,679,573,969,503,466,162,73,89,32,21,11,600,368,232
JEFFERSON COUNTY,245,48 Years,2971,1622,1349,1293,695,598,925,477,448,181,96,85,37,22,15,535,332,203
JEFFERSON COUNTY,245,49 Years,2937,1587,1350,1235,665,570,962,479,483,168,90,78,41,24,17,531,329,202
JEFFERSON COUNTY,245,50 Years,2874,1561,1313,1224,656,568,956,480,476,151,89,62,42,19,23,501,317,184
JEFFERSON COUNTY,245,51 Years,2934,1543,1391,1261,652,609,1011,502,509,127,75,52,31,16,15,504,298,206
JEFFERSON COUNTY,245,52 Years,3221,1630,1591,1455,732,723,1052,492,560,142,79,63,40,21,19,532,306,226
JEFFERSON COUNTY,245,53 Years,3254,1671,1583,1537,780,757,1036,494,542,121,75,46,48,28,20,512,294,218
JEFFERSON COUNTY,245,54 Years,3309,1695,1614,1600,810,790,1054,503,551,142,85,57,38,22,16,475,275,200
JEFFERSON COUNTY,245,55 Years,3274,1666,1608,1620,817,803,1047,486,561,141,85,56,28,11,17,438,267,171
JEFFERSON COUNTY,245,56 Years,3304,1655,1649,1623,799,824,1103,510,593,128,76,52,28,13,15,422,257,165
JEFFERSON COUNTY,245,57 Years,3333,1695,1638,1724,861,863,1049,500,549,134,73,61,24,12,12,402,249,153
JEFFERSON COUNTY,245,58 Years,3250,1667,1583,1698,857,841,1055,511,544,120,63,57,15,8,7,362,228,134
JEFFERSON COUNTY,245,59 Years,3223,1637,1586,1677,852,825,1055,492,563,111,63,48,19,10,9,361,220,141
JEFFERSON COUNTY,245,60 Years,3207,1572,1635,1664,801,863,1058,492,566,105,57,48,19,4,15,361,218,143
JEFFERSON COUNTY,245,61 Years,3039,1476,1563,1576,777,799,1033,464,569,105,56,49,18,8,10,307,171,136
JEFFERSON COUNTY,245,62 Years,3098,1522,1576,1671,843,828,1008,455,553,87,45,42,31,11,20,301,168,133
JEFFERSON COUNTY,245,63 Years,2892,1419,1473,1587,775,812,890,406,484,94,52,42,31,14,17,290,172,118
JEFFERSON COUNTY,245,64 Years,2714,1356,1358,1483,746,737,875,403,472,85,46,39,24,11,13,247,150,97
JEFFERSON COUNTY,245,65 Years,2465,1217,1248,1354,679,675,790,373,417,74,38,36,18,5,13,229,122,107
JEFFERSON COUNTY,245,66 Years,2359,1145,1214,1319,656,663,743,348,395,65,29,36,24,6,18,208,106,102
JEFFERSON COUNTY,245,67 Years,2386,1134,1252,1307,634,673,767,341,426,77,32,45,20,4,16,215,123,92
JEFFERSON COUNTY,245,68 Years,2204,1079,1125,1219,604,615,720,338,382,55,32,23,18,6,12,192,99,93
JEFFERSON COUNTY,245,69 Years,2204,1069,1135,1267,624,643,700,325,375,49,30,19,17,5,12,171,85,86
JEFFERSON COUNTY,245,70 Years,2009,942,1067,1198,574,624,603,266,337,46,23,23,14,5,9,148,74,74
JEFFERSON COUNTY,245,71 Years,1677,769,908,974,447,527,512,224,288,41,20,21,12,4,8,138,74,64
JEFFERSON COUNTY,245,72 Years,1577,714,863,924,440,484,476,195,281,40,19,21,13,4,9,124,56,68
JEFFERSON COUNTY,245,73 Years,1590,715,875,971,445,526,450,178,272,42,24,18,11,5,6,116,63,53
JEFFERSON COUNTY,245,74 Years,1533,687,846,921,416,505,443,186,257,33,17,16,15,8,7,121,60,61
JEFFERSON COUNTY,245,75 Years,1376,608,768,833,376,457,393,164,229,27,14,13,15,9,6,108,45,63
JEFFERSON COUNTY,245,76 Years,1264,556,708,760,343,417,365,148,217,20,14,6,16,7,9,103,44,59
JEFFERSON COUNTY,245,77 Years,1213,494,719,746,313,433,350,131,219,24,13,11,10,4,6,83,33,50
JEFFERSON COUNTY,245,78 Years,1126,466,660,708,285,423,306,126,180,22,10,12,10,5,5,80,40,40
JEFFERSON COUNTY,245,79 Years,1043,444,599,674,285,389,275,112,163,19,9,10,7,4,3,68,34,34
JEFFERSON COUNTY,245,80 Years,979,397,582,616,255,361,273,101,172,18,6,12,9,6,3,63,29,34
JEFFERSON COUNTY,245,81 Years,924,383,541,588,250,338,248,90,158,16,7,9,12,6,6,60,30,30
JEFFERSON COUNTY,245,82 Years,915,363,552,573,234,339,253,94,159,21,6,15,10,4,6,58,25,33
JEFFERSON COUNTY,245,83 Years,836,331,505,544,218,326,206,82,124,17,6,11,7,2,5,62,23,39
JEFFERSON COUNTY,245,84 Years,774,295,479,509,196,313,189,68,121,15,8,7,6,2,4,55,21,34
JEFFERSON COUNTY,245,85 Years,718,275,443,492,192,300,162,56,106,14,7,7,5,2,3,45,18,27
JEFFERSON COUNTY,245,86 Years,681,269,412,463,184,279,158,58,100,13,7,6,7,2,5,40,18,22
JEFFERSON COUNTY,245,87 Years,623,227,396,420,157,263,148,49,99,13,7,6,5,1,4,37,13,24
JEFFERSON COUNTY,245,88 Years,543,188,355,380,137,243,121,39,82,8,2,6,4,1,3,30,9,21
JEFFERSON COUNTY,245,89 Years,485,167,318,337,127,210,110,30,80,8,2,6,3,1,2,27,7,20
JEFFERSON COUNTY,245,90 Years,435,146,289,310,109,201,88,26,62,8,3,5,3,0,3,26,8,18
JEFFERSON COUNTY,245,91 Years,358,123,235,258,88,170,72,24,48,4,1,3,3,1,2,21,9,12
JEFFERSON COUNTY,245,92 Years,273,88,185,187,63,124,61,17,44,3,1,2,3,1,2,19,6,13
JEFFERSON COUNTY,245,93 Years,226,73,153,151,52,99,52,14,38,5,2,3,3,1,2,15,4,11
JEFFERSON COUNTY,245,94 Years,183,56,127,122,38,84,41,10,31,6,3,3,1,0,1,13,5,8
JEFFERSON COUNTY,245,95 Years +,392,111,281,245,69,176,108,26,82,12,6,6,1,0,1,26,10,16
JIM HOGG COUNTY,247,All Ages,5108,2581,2527,360,194,166,18,17,1,18,8,10,35,16,19,4677,2346,2331
JIM HOGG COUNTY,247,< 1 Year,81,37,44,3,1,2,0,0,0,0,0,0,0,0,0,78,36,42
JIM HOGG COUNTY,247,1 Years,80,39,41,3,1,2,0,0,0,2,0,2,2,0,2,73,38,35
JIM HOGG COUNTY,247,2 Years,86,43,43,4,2,2,0,0,0,2,1,1,2,1,1,78,39,39
JIM HOGG COUNTY,247,3 Years,89,49,40,5,3,2,0,0,0,1,1,0,1,1,0,82,44,38
JIM HOGG COUNTY,247,4 Years,88,46,42,6,4,2,0,0,0,0,0,0,0,0,0,82,42,40
JIM HOGG COUNTY,247,5 Years,89,45,44,6,4,2,0,0,0,0,0,0,0,0,0,83,41,42
JIM HOGG COUNTY,247,6 Years,84,43,41,5,3,2,0,0,0,0,0,0,1,0,1,78,40,38
JIM HOGG COUNTY,247,7 Years,82,44,38,3,3,0,1,1,0,0,0,0,0,0,0,78,40,38
JIM HOGG COUNTY,247,8 Years,77,41,36,4,2,2,0,0,0,0,0,0,1,1,0,72,38,34
JIM HOGG COUNTY,247,9 Years,96,47,49,5,2,3,0,0,0,0,0,0,1,1,0,90,44,46
JIM HOGG COUNTY,247,10 Years,79,36,43,6,4,2,0,0,0,0,0,0,1,0,1,72,32,40
JIM HOGG COUNTY,247,11 Years,94,47,47,6,3,3,0,0,0,0,0,0,1,0,1,87,44,43
JIM HOGG COUNTY,247,12 Years,72,42,30,4,2,2,1,1,0,0,0,0,2,2,0,65,37,28
JIM HOGG COUNTY,247,13 Years,81,40,41,1,1,0,1,1,0,1,0,1,1,1,0,77,37,40
JIM HOGG COUNTY,247,14 Years,84,49,35,2,1,1,1,1,0,0,0,0,0,0,0,81,47,34
JIM HOGG COUNTY,247,15 Years,72,37,35,2,1,1,0,0,0,0,0,0,0,0,0,70,36,34
JIM HOGG COUNTY,247,16 Years,62,32,30,1,1,0,0,0,0,0,0,0,1,1,0,60,30,30
JIM HOGG COUNTY,247,17 Years,58,33,25,2,2,0,0,0,0,0,0,0,1,0,1,55,31,24
JIM HOGG COUNTY,247,18 Years,77,43,34,3,2,1,0,0,0,0,0,0,1,1,0,73,40,33
JIM HOGG COUNTY,247,19 Years,71,35,36,3,1,2,0,0,0,0,0,0,1,1,0,67,33,34
JIM HOGG COUNTY,247,20 Years,71,36,35,3,1,2,0,0,0,0,0,0,1,0,1,67,35,32
JIM HOGG COUNTY,247,21 Years,68,31,37,2,2,0,0,0,0,0,0,0,0,0,0,66,29,37
JIM HOGG COUNTY,247,22 Years,47,24,23,2,2,0,1,1,0,0,0,0,0,0,0,44,21,23
JIM HOGG COUNTY,247,23 Years,61,37,24,1,1,0,2,2,0,0,0,0,1,1,0,57,33,24
JIM HOGG COUNTY,247,24 Years,84,42,42,1,1,0,0,0,0,0,0,0,2,1,1,81,40,41
JIM HOGG COUNTY,247,25 Years,61,28,33,5,3,2,0,0,0,0,0,0,1,0,1,55,25,30
JIM HOGG COUNTY,247,26 Years,52,23,29,1,1,0,0,0,0,0,0,0,0,0,0,51,22,29
JIM HOGG COUNTY,247,27 Years,55,22,33,1,0,1,0,0,0,0,0,0,0,0,0,54,22,32
JIM HOGG COUNTY,247,28 Years,53,26,27,3,1,2,0,0,0,0,0,0,0,0,0,50,25,25
JIM HOGG COUNTY,247,29 Years,60,35,25,2,1,1,0,0,0,0,0,0,0,0,0,58,34,24
JIM HOGG COUNTY,247,30 Years,68,40,28,2,0,2,0,0,0,0,0,0,0,0,0,66,40,26
JIM HOGG COUNTY,247,31 Years,63,33,30,4,3,1,0,0,0,0,0,0,0,0,0,59,30,29
JIM HOGG COUNTY,247,32 Years,63,32,31,5,4,1,0,0,0,1,0,1,0,0,0,57,28,29
JIM HOGG COUNTY,247,33 Years,61,36,25,5,3,2,0,0,0,1,0,1,0,0,0,55,33,22
JIM HOGG COUNTY,247,34 Years,68,39,29,3,2,1,0,0,0,1,0,1,0,0,0,64,37,27
JIM HOGG COUNTY,247,35 Years,69,43,26,6,3,3,0,0,0,0,0,0,1,1,0,62,39,23
JIM HOGG COUNTY,247,36 Years,70,42,28,9,6,3,0,0,0,0,0,0,1,0,1,60,36,24
JIM HOGG COUNTY,247,37 Years,63,35,28,7,4,3,0,0,0,0,0,0,0,0,0,56,31,25
JIM HOGG COUNTY,247,38 Years,58,32,26,3,2,1,0,0,0,1,1,0,1,0,1,53,29,24
JIM HOGG COUNTY,247,39 Years,70,38,32,7,3,4,0,0,0,1,1,0,0,0,0,62,34,28
JIM HOGG COUNTY,247,40 Years,54,31,23,2,1,1,1,0,1,0,0,0,0,0,0,51,30,21
JIM HOGG COUNTY,247,41 Years,51,24,27,2,1,1,0,0,0,0,0,0,0,0,0,49,23,26
JIM HOGG COUNTY,247,42 Years,63,30,33,5,2,3,1,1,0,0,0,0,0,0,0,57,27,30
JIM HOGG COUNTY,247,43 Years,53,27,26,4,1,3,0,0,0,0,0,0,0,0,0,49,26,23
JIM HOGG COUNTY,247,44 Years,52,25,27,3,2,1,0,0,0,0,0,0,0,0,0,49,23,26
JIM HOGG COUNTY,247,45 Years,49,26,23,4,2,2,0,0,0,0,0,0,0,0,0,45,24,21
JIM HOGG COUNTY,247,46 Years,48,23,25,3,2,1,0,0,0,0,0,0,1,0,1,44,21,23
JIM HOGG COUNTY,247,47 Years,54,22,32,3,1,2,0,0,0,0,0,0,0,0,0,51,21,30
JIM HOGG COUNTY,247,48 Years,53,24,29,7,3,4,0,0,0,1,1,0,1,1,0,44,19,25
JIM HOGG COUNTY,247,49 Years,56,33,23,4,3,1,1,1,0,0,0,0,0,0,0,51,29,22
JIM HOGG COUNTY,247,50 Years,50,25,25,3,0,3,1,1,0,0,0,0,0,0,0,46,24,22
JIM HOGG COUNTY,247,51 Years,65,36,29,5,4,1,0,0,0,0,0,0,0,0,0,60,32,28
JIM HOGG COUNTY,247,52 Years,56,33,23,4,3,1,0,0,0,0,0,0,0,0,0,52,30,22
JIM HOGG COUNTY,247,53 Years,53,29,24,3,1,2,0,0,0,0,0,0,0,0,0,50,28,22
JIM HOGG COUNTY,247,54 Years,61,29,32,4,2,2,0,0,0,0,0,0,0,0,0,57,27,30
JIM HOGG COUNTY,247,55 Years,46,22,24,3,1,2,0,0,0,0,0,0,0,0,0,43,21,22
JIM HOGG COUNTY,247,56 Years,58,28,30,3,1,2,0,0,0,0,0,0,3,0,3,52,27,25
JIM HOGG COUNTY,247,57 Years,56,25,31,5,3,2,1,1,0,0,0,0,1,0,1,49,21,28
JIM HOGG COUNTY,247,58 Years,50,33,17,4,4,0,1,1,0,0,0,0,0,0,0,45,28,17
JIM HOGG COUNTY,247,59 Years,60,38,22,6,3,3,0,0,0,1,1,0,1,0,1,52,34,18
JIM HOGG COUNTY,247,60 Years,60,32,28,6,3,3,0,0,0,0,0,0,0,0,0,54,29,25
JIM HOGG COUNTY,247,61 Years,52,29,23,6,5,1,0,0,0,0,0,0,0,0,0,46,24,22
JIM HOGG COUNTY,247,62 Years,50,24,26,4,1,3,1,1,0,1,0,1,0,0,0,44,22,22
JIM HOGG COUNTY,247,63 Years,48,21,27,3,1,2,1,1,0,1,1,0,0,0,0,43,18,25
JIM HOGG COUNTY,247,64 Years,64,31,33,9,4,5,0,0,0,1,0,1,0,0,0,54,27,27
JIM HOGG COUNTY,247,65 Years,52,25,27,7,2,5,0,0,0,0,0,0,1,1,0,44,22,22
JIM HOGG COUNTY,247,66 Years,39,15,24,3,0,3,0,0,0,0,0,0,0,0,0,36,15,21
JIM HOGG COUNTY,247,67 Years,52,19,33,5,3,2,0,0,0,0,0,0,0,0,0,47,16,31
JIM HOGG COUNTY,247,68 Years,54,18,36,4,2,2,0,0,0,0,0,0,0,0,0,50,16,34
JIM HOGG COUNTY,247,69 Years,48,22,26,6,5,1,0,0,0,0,0,0,0,0,0,42,17,25
JIM HOGG COUNTY,247,70 Years,63,29,34,7,5,2,1,1,0,0,0,0,0,0,0,55,23,32
JIM HOGG COUNTY,247,71 Years,63,34,29,7,4,3,1,1,0,1,0,1,1,1,0,53,28,25
JIM HOGG COUNTY,247,72 Years,55,26,29,4,1,3,1,1,0,0,0,0,1,0,1,49,24,25
JIM HOGG COUNTY,247,73 Years,41,20,21,3,1,2,0,0,0,0,0,0,0,0,0,38,19,19
JIM HOGG COUNTY,247,74 Years,37,17,20,6,2,4,0,0,0,0,0,0,0,0,0,31,15,16
JIM HOGG COUNTY,247,75 Years,32,13,19,5,1,4,0,0,0,0,0,0,0,0,0,27,12,15
JIM HOGG COUNTY,247,76 Years,34,19,15,5,4,1,0,0,0,1,1,0,0,0,0,28,14,14
JIM HOGG COUNTY,247,77 Years,30,14,16,4,3,1,0,0,0,0,0,0,0,0,0,26,11,15
JIM HOGG COUNTY,247,78 Years,32,12,20,3,1,2,0,0,0,0,0,0,0,0,0,29,11,18
JIM HOGG COUNTY,247,79 Years,29,13,16,7,4,3,0,0,0,0,0,0,0,0,0,22,9,13
JIM HOGG COUNTY,247,80 Years,24,10,14,3,2,1,0,0,0,0,0,0,0,0,0,21,8,13
JIM HOGG COUNTY,247,81 Years,26,11,15,2,0,2,0,0,0,0,0,0,0,0,0,24,11,13
JIM HOGG COUNTY,247,82 Years,23,11,12,2,1,1,0,0,0,0,0,0,0,0,0,21,10,11
JIM HOGG COUNTY,247,83 Years,17,7,10,1,1,0,0,0,0,0,0,0,0,0,0,16,6,10
JIM HOGG COUNTY,247,84 Years,22,6,16,5,3,2,0,0,0,0,0,0,0,0,0,17,3,14
JIM HOGG COUNTY,247,85 Years,21,8,13,8,4,4,0,0,0,0,0,0,0,0,0,13,4,9
JIM HOGG COUNTY,247,86 Years,19,5,14,4,2,2,0,0,0,0,0,0,0,0,0,15,3,12
JIM HOGG COUNTY,247,87 Years,9,3,6,0,0,0,0,0,0,0,0,0,0,0,0,9,3,6
JIM HOGG COUNTY,247,88 Years,7,3,4,1,0,1,0,0,0,0,0,0,0,0,0,6,3,3
JIM HOGG COUNTY,247,89 Years,9,4,5,1,1,0,0,0,0,0,0,0,0,0,0,8,3,5
JIM HOGG COUNTY,247,90 Years,7,2,5,0,0,0,0,0,0,0,0,0,0,0,0,7,2,5
JIM HOGG COUNTY,247,91 Years,9,4,5,4,2,2,0,0,0,0,0,0,0,0,0,5,2,3
JIM HOGG COUNTY,247,92 Years,9,2,7,1,0,1,0,0,0,0,0,0,0,0,0,8,2,6
JIM HOGG COUNTY,247,93 Years,5,2,3,0,0,0,0,0,0,0,0,0,0,0,0,5,2,3
JIM HOGG COUNTY,247,94 Years,3,2,1,0,0,0,0,0,0,0,0,0,0,0,0,3,2,1
JIM HOGG COUNTY,247,95 Years +,8,3,5,1,0,1,0,0,0,0,0,0,0,0,0,7,3,4
JIM WELLS COUNTY,249,All Ages,40180,19874,20306,7104,3521,3583,161,97,64,138,65,73,258,130,128,32519,16061,16458
JIM WELLS COUNTY,249,< 1 Year,617,315,302,72,32,40,1,0,1,0,0,0,8,6,2,536,277,259
JIM WELLS COUNTY,249,1 Years,622,315,307,71,33,38,2,0,2,2,2,0,6,5,1,541,275,266
JIM WELLS COUNTY,249,2 Years,697,346,351,84,42,42,1,0,1,2,2,0,6,5,1,604,297,307
JIM WELLS COUNTY,249,3 Years,709,355,354,83,42,41,1,1,0,2,2,0,5,4,1,618,306,312
JIM WELLS COUNTY,249,4 Years,700,341,359,84,40,44,1,1,0,1,1,0,3,2,1,611,297,314
JIM WELLS COUNTY,249,5 Years,668,330,338,80,35,45,1,1,0,2,1,1,6,2,4,579,291,288
JIM WELLS COUNTY,249,6 Years,673,329,344,88,40,48,2,2,0,3,1,2,7,3,4,573,283,290
JIM WELLS COUNTY,249,7 Years,679,348,331,88,39,49,1,1,0,0,0,0,8,5,3,582,303,279
JIM WELLS COUNTY,249,8 Years,577,297,280,86,48,38,3,3,0,1,0,1,6,3,3,481,243,238
JIM WELLS COUNTY,249,9 Years,664,343,321,90,46,44,3,3,0,1,1,0,3,0,3,567,293,274
JIM WELLS COUNTY,249,10 Years,658,325,333,99,43,56,4,2,2,1,0,1,2,0,2,552,280,272
JIM WELLS COUNTY,249,11 Years,623,316,307,98,50,48,4,1,3,2,0,2,2,2,0,517,263,254
JIM WELLS COUNTY,249,12 Years,575,298,277,100,52,48,3,2,1,1,0,1,2,1,1,469,243,226
JIM WELLS COUNTY,249,13 Years,550,297,253,76,40,36,4,2,2,2,2,0,4,2,2,464,251,213
JIM WELLS COUNTY,249,14 Years,546,291,255,72,41,31,4,3,1,1,1,0,3,1,2,466,245,221
JIM WELLS COUNTY,249,15 Years,502,261,241,66,36,30,1,1,0,3,2,1,1,1,0,431,221,210
JIM WELLS COUNTY,249,16 Years,554,293,261,72,37,35,3,2,1,3,1,2,5,2,3,471,251,220
JIM WELLS COUNTY,249,17 Years,579,308,271,67,33,34,3,2,1,1,0,1,5,2,3,503,271,232
JIM WELLS COUNTY,249,18 Years,561,288,273,77,37,40,3,1,2,1,0,1,3,2,1,477,248,229
JIM WELLS COUNTY,249,19 Years,516,241,275,70,29,41,3,1,2,1,1,0,5,3,2,437,207,230
JIM WELLS COUNTY,249,20 Years,509,264,245,60,29,31,2,0,2,0,0,0,2,1,1,445,234,211
JIM WELLS COUNTY,249,21 Years,530,276,254,67,34,33,1,0,1,0,0,0,3,1,2,459,241,218
JIM WELLS COUNTY,249,22 Years,540,269,271,74,34,40,1,0,1,1,0,1,1,0,1,463,235,228
JIM WELLS COUNTY,249,23 Years,542,280,262,76,38,38,0,0,0,1,1,0,1,0,1,464,241,223
JIM WELLS COUNTY,249,24 Years,568,287,281,71,37,34,3,1,2,4,3,1,4,4,0,486,242,244
JIM WELLS COUNTY,249,25 Years,611,309,302,80,47,33,3,1,2,1,0,1,4,1,3,523,260,263
JIM WELLS COUNTY,249,26 Years,594,288,306,79,47,32,2,0,2,1,0,1,3,1,2,509,240,269
JIM WELLS COUNTY,249,27 Years,560,296,264,71,42,29,2,1,1,3,2,1,5,2,3,479,249,230
JIM WELLS COUNTY,249,28 Years,551,280,271,73,36,37,3,2,1,1,1,0,4,2,2,470,239,231
JIM WELLS COUNTY,249,29 Years,519,284,235,62,35,27,2,2,0,1,1,0,4,2,2,450,244,206
JIM WELLS COUNTY,249,30 Years,539,283,256,69,29,40,4,3,1,0,0,0,1,0,1,465,251,214
JIM WELLS COUNTY,249,31 Years,534,276,258,75,38,37,2,2,0,3,1,2,2,2,0,452,233,219
JIM WELLS COUNTY,249,32 Years,505,249,256,76,36,40,1,1,0,1,1,0,3,2,1,424,209,215
JIM WELLS COUNTY,249,33 Years,494,255,239,79,38,41,4,2,2,3,1,2,2,0,2,406,214,192
JIM WELLS COUNTY,249,34 Years,547,266,281,84,48,36,5,2,3,3,1,2,5,0,5,450,215,235
JIM WELLS COUNTY,249,35 Years,550,294,256,91,48,43,3,2,1,4,2,2,3,0,3,449,242,207
JIM WELLS COUNTY,249,36 Years,494,256,238,90,45,45,2,2,0,5,2,3,2,1,1,395,206,189
JIM WELLS COUNTY,249,37 Years,481,241,240,86,36,50,1,1,0,4,3,1,3,1,2,387,200,187
JIM WELLS COUNTY,249,38 Years,451,220,231,83,37,46,2,2,0,3,2,1,3,2,1,360,177,183
JIM WELLS COUNTY,249,39 Years,467,237,230,84,42,42,4,4,0,2,1,1,3,3,0,374,187,187
JIM WELLS COUNTY,249,40 Years,431,232,199,72,39,33,2,2,0,3,2,1,2,0,2,352,189,163
JIM WELLS COUNTY,249,41 Years,408,196,212,62,25,37,0,0,0,4,2,2,0,0,0,342,169,173
JIM WELLS COUNTY,249,42 Years,435,197,238,70,38,32,1,0,1,2,0,2,0,0,0,362,159,203
JIM WELLS COUNTY,249,43 Years,413,203,210,81,44,37,1,0,1,1,0,1,0,0,0,330,159,171
JIM WELLS COUNTY,249,44 Years,436,226,210,85,48,37,0,0,0,0,0,0,2,1,1,349,177,172
JIM WELLS COUNTY,249,45 Years,461,232,229,91,41,50,1,0,1,1,1,0,2,1,1,366,189,177
JIM WELLS COUNTY,249,46 Years,473,236,237,92,51,41,1,1,0,2,1,1,1,0,1,377,183,194
JIM WELLS COUNTY,249,47 Years,475,219,256,88,49,39,1,1,0,4,1,3,1,0,1,381,168,213
JIM WELLS COUNTY,249,48 Years,429,193,236,74,33,41,2,2,0,2,0,2,1,0,1,350,158,192
JIM WELLS COUNTY,249,49 Years,395,177,218,66,27,39,2,1,1,0,0,0,1,0,1,326,149,177
JIM WELLS COUNTY,249,50 Years,419,196,223,73,35,38,0,0,0,1,0,1,3,1,2,342,160,182
JIM WELLS COUNTY,249,51 Years,456,230,226,82,41,41,2,2,0,2,0,2,3,2,1,367,185,182
JIM WELLS COUNTY,249,52 Years,463,238,225,78,38,40,1,1,0,1,0,1,1,1,0,382,198,184
JIM WELLS COUNTY,249,53 Years,457,225,232,99,42,57,1,0,1,3,1,2,3,2,1,351,180,171
JIM WELLS COUNTY,249,54 Years,454,220,234,105,51,54,2,1,1,1,1,0,3,3,0,343,164,179
JIM WELLS COUNTY,249,55 Years,436,217,219,97,52,45,2,1,1,0,0,0,4,2,2,333,162,171
JIM WELLS COUNTY,249,56 Years,467,228,239,96,47,49,3,3,0,2,1,1,2,2,0,364,175,189
JIM WELLS COUNTY,249,57 Years,469,239,230,113,57,56,1,1,0,3,1,2,4,2,2,348,178,170
JIM WELLS COUNTY,249,58 Years,486,227,259,122,58,64,1,1,0,2,1,1,4,2,2,357,165,192
JIM WELLS COUNTY,249,59 Years,459,229,230,122,65,57,2,1,1,3,2,1,4,2,2,328,159,169
JIM WELLS COUNTY,249,60 Years,494,244,250,125,59,66,2,0,2,2,0,2,5,3,2,360,182,178
JIM WELLS COUNTY,249,61 Years,441,214,227,118,55,63,2,1,1,2,0,2,4,3,1,315,155,160
JIM WELLS COUNTY,249,62 Years,434,192,242,108,52,56,3,3,0,2,0,2,6,4,2,315,133,182
JIM WELLS COUNTY,249,63 Years,427,198,229,110,57,53,3,1,2,2,0,2,2,1,1,310,139,171
JIM WELLS COUNTY,249,64 Years,421,209,212,118,65,53,5,3,2,4,3,1,5,3,2,289,135,154
JIM WELLS COUNTY,249,65 Years,401,191,210,109,52,57,1,1,0,3,2,1,2,1,1,286,135,151
JIM WELLS COUNTY,249,66 Years,388,190,198,103,51,52,1,0,1,0,0,0,4,2,2,280,137,143
JIM WELLS COUNTY,249,67 Years,405,220,185,118,65,53,1,1,0,2,1,1,2,1,1,282,152,130
JIM WELLS COUNTY,249,68 Years,398,202,196,100,50,50,2,1,1,1,1,0,3,2,1,292,148,144
JIM WELLS COUNTY,249,69 Years,379,173,206,88,42,46,2,1,1,2,0,2,4,2,2,283,128,155
JIM WELLS COUNTY,249,70 Years,377,186,191,94,55,39,1,1,0,2,2,0,4,2,2,276,126,150
JIM WELLS COUNTY,249,71 Years,343,165,178,82,43,39,0,0,0,3,2,1,4,3,1,254,117,137
JIM WELLS COUNTY,249,72 Years,326,160,166,76,39,37,0,0,0,2,1,1,2,1,1,246,119,127
JIM WELLS COUNTY,249,73 Years,298,129,169,67,33,34,2,0,2,0,0,0,3,2,1,226,94,132
JIM WELLS COUNTY,249,74 Years,266,106,160,67,34,33,1,1,0,0,0,0,1,0,1,197,71,126
JIM WELLS COUNTY,249,75 Years,232,95,137,67,32,35,0,0,0,0,0,0,2,1,1,163,62,101
JIM WELLS COUNTY,249,76 Years,227,100,127,64,30,34,1,1,0,0,0,0,1,0,1,161,69,92
JIM WELLS COUNTY,249,77 Years,209,100,109,56,29,27,0,0,0,0,0,0,0,0,0,153,71,82
JIM WELLS COUNTY,249,78 Years,204,84,120,59,24,35,2,1,1,0,0,0,2,0,2,141,59,82
JIM WELLS COUNTY,249,79 Years,203,82,121,55,22,33,1,0,1,0,0,0,3,0,3,144,60,84
JIM WELLS COUNTY,249,80 Years,189,75,114,51,20,31,0,0,0,1,0,1,1,0,1,136,55,81
JIM WELLS COUNTY,249,81 Years,172,73,99,40,17,23,0,0,0,0,0,0,1,0,1,131,56,75
JIM WELLS COUNTY,249,82 Years,164,71,93,46,23,23,1,1,0,0,0,0,1,0,1,116,47,69
JIM WELLS COUNTY,249,83 Years,133,57,76,33,16,17,0,0,0,1,0,1,1,1,0,98,40,58
JIM WELLS COUNTY,249,84 Years,115,46,69,30,13,17,0,0,0,1,0,1,0,0,0,84,33,51
JIM WELLS COUNTY,249,85 Years,119,54,65,38,19,19,1,1,0,0,0,0,2,0,2,78,34,44
JIM WELLS COUNTY,249,86 Years,106,51,55,27,13,14,1,1,0,0,0,0,0,0,0,78,37,41
JIM WELLS COUNTY,249,87 Years,105,43,62,26,13,13,0,0,0,0,0,0,0,0,0,79,30,49
JIM WELLS COUNTY,249,88 Years,88,28,60,21,10,11,2,0,2,0,0,0,2,1,1,63,17,46
JIM WELLS COUNTY,249,89 Years,72,25,47,20,9,11,1,0,1,0,0,0,0,0,0,51,16,35
JIM WELLS COUNTY,249,90 Years,63,27,36,17,8,9,0,0,0,0,0,0,1,0,1,45,19,26
JIM WELLS COUNTY,249,91 Years,45,18,27,13,6,7,0,0,0,0,0,0,0,0,0,32,12,20
JIM WELLS COUNTY,249,92 Years,40,16,24,11,5,6,2,2,0,0,0,0,0,0,0,27,9,18
JIM WELLS COUNTY,249,93 Years,31,14,17,8,3,5,1,1,0,0,0,0,0,0,0,22,10,12
JIM WELLS COUNTY,249,94 Years,25,9,16,6,2,4,1,0,1,0,0,0,0,0,0,18,7,11
JIM WELLS COUNTY,249,95 Years +,62,20,42,12,3,9,0,0,0,0,0,0,1,0,1,49,17,32
JOHNSON COUNTY,251,All Ages,170465,84844,85621,123477,60526,62951,5173,2788,2385,1028,462,566,4601,2386,2215,36186,18682,17504
JOHNSON COUNTY,251,< 1 Year,2332,1194,1138,1426,735,691,70,35,35,5,3,2,117,65,52,714,356,358
JOHNSON COUNTY,251,1 Years,2363,1217,1146,1424,737,687,71,35,36,5,3,2,122,65,57,741,377,364
JOHNSON COUNTY,251,2 Years,2371,1212,1159,1458,746,712,67,30,37,6,3,3,126,68,58,714,365,349
JOHNSON COUNTY,251,3 Years,2375,1232,1143,1464,756,708,67,29,38,6,3,3,123,68,55,715,376,339
JOHNSON COUNTY,251,4 Years,2358,1200,1158,1459,740,719,67,29,38,5,3,2,111,62,49,716,366,350
JOHNSON COUNTY,251,5 Years,2362,1213,1149,1449,739,710,61,29,32,6,4,2,105,62,43,741,379,362
JOHNSON COUNTY,251,6 Years,2378,1232,1146,1465,758,707,63,35,28,5,3,2,100,55,45,745,381,364
JOHNSON COUNTY,251,7 Years,2505,1299,1206,1542,803,739,68,35,33,6,6,0,98,56,42,791,399,392
JOHNSON COUNTY,251,8 Years,2443,1282,1161,1486,771,715,75,40,35,8,5,3,96,48,48,778,418,360
JOHNSON COUNTY,251,9 Years,2422,1242,1180,1493,763,730,71,35,36,12,5,7,85,45,40,761,394,367
JOHNSON COUNTY,251,10 Years,2451,1240,1211,1526,782,744,69,32,37,8,3,5,88,52,36,760,371,389
JOHNSON COUNTY,251,11 Years,2490,1246,1244,1574,804,770,75,38,37,11,7,4,85,38,47,745,359,386
JOHNSON COUNTY,251,12 Years,2560,1299,1261,1618,841,777,69,33,36,11,5,6,116,58,58,746,362,384
JOHNSON COUNTY,251,13 Years,2501,1295,1206,1594,824,770,77,40,37,13,3,10,99,50,49,718,378,340
JOHNSON COUNTY,251,14 Years,2470,1248,1222,1559,789,770,71,37,34,15,2,13,90,42,48,735,378,357
JOHNSON COUNTY,251,15 Years,2446,1254,1192,1558,814,744,68,30,38,10,3,7,91,46,45,719,361,358
JOHNSON COUNTY,251,16 Years,2484,1268,1216,1569,793,776,83,44,39,6,2,4,100,51,49,726,378,348
JOHNSON COUNTY,251,17 Years,2428,1270,1158,1544,806,738,88,48,40,16,7,9,95,55,40,685,354,331
JOHNSON COUNTY,251,18 Years,2245,1147,1098,1426,726,700,70,33,37,14,9,5,90,50,40,645,329,316
JOHNSON COUNTY,251,19 Years,2089,1069,1020,1280,648,632,72,35,37,15,9,6,92,49,43,630,328,302
JOHNSON COUNTY,251,20 Years,2022,1038,984,1208,615,593,75,39,36,11,5,6,97,53,44,631,326,305
JOHNSON COUNTY,251,21 Years,1979,1008,971,1215,609,606,79,45,34,11,6,5,91,45,46,583,303,280
JOHNSON COUNTY,251,22 Years,2038,1028,1010,1290,646,644,75,42,33,12,8,4,89,50,39,572,282,290
JOHNSON COUNTY,251,23 Years,2092,1077,1015,1348,684,664,84,48,36,14,7,7,91,48,43,555,290,265
JOHNSON COUNTY,251,24 Years,2242,1125,1117,1499,744,755,76,41,35,14,8,6,66,41,25,587,291,296
JOHNSON COUNTY,251,25 Years,2353,1190,1163,1592,782,810,87,49,38,19,13,6,80,44,36,575,302,273
JOHNSON COUNTY,251,26 Years,2357,1218,1139,1581,822,759,94,49,45,18,11,7,79,37,42,585,299,286
JOHNSON COUNTY,251,27 Years,2397,1205,1192,1612,794,818,94,46,48,22,10,12,81,38,43,588,317,271
JOHNSON COUNTY,251,28 Years,2262,1181,1081,1587,796,791,86,47,39,21,13,8,45,24,21,523,301,222
JOHNSON COUNTY,251,29 Years,2184,1094,1090,1558,745,813,67,46,21,21,14,7,41,19,22,497,270,227
JOHNSON COUNTY,251,30 Years,2224,1107,1117,1525,737,788,82,50,32,17,8,9,53,18,35,547,294,253
JOHNSON COUNTY,251,31 Years,2208,1129,1079,1532,755,777,79,44,35,21,12,9,62,34,28,514,284,230
JOHNSON COUNTY,251,32 Years,2123,1051,1072,1487,720,767,75,46,29,17,10,7,49,24,25,495,251,244
JOHNSON COUNTY,251,33 Years,2163,1108,1055,1532,762,770,75,47,28,18,10,8,48,31,17,490,258,232
JOHNSON COUNTY,251,34 Years,2194,1120,1074,1541,760,781,74,48,26,28,13,15,47,24,23,504,275,229
JOHNSON COUNTY,251,35 Years,2156,1097,1059,1533,753,780,64,48,16,16,8,8,42,20,22,501,268,233
JOHNSON COUNTY,251,36 Years,2287,1154,1133,1624,795,829,73,47,26,8,2,6,54,31,23,528,279,249
JOHNSON COUNTY,251,37 Years,2293,1160,1133,1618,793,825,80,46,34,12,4,8,70,31,39,513,286,227
JOHNSON COUNTY,251,38 Years,2140,1105,1035,1527,756,771,63,37,26,19,9,10,47,19,28,484,284,200
JOHNSON COUNTY,251,39 Years,2067,1025,1042,1464,707,757,65,41,24,20,9,11,40,19,21,478,249,229
JOHNSON COUNTY,251,40 Years,2080,993,1087,1457,688,769,70,39,31,20,7,13,32,17,15,501,242,259
JOHNSON COUNTY,251,41 Years,2055,1016,1039,1452,726,726,58,32,26,15,6,9,49,19,30,481,233,248
JOHNSON COUNTY,251,42 Years,2096,1013,1083,1473,705,768,61,35,26,13,6,7,52,18,34,497,249,248
JOHNSON COUNTY,251,43 Years,2017,999,1018,1419,687,732,80,42,38,11,6,5,37,14,23,470,250,220
JOHNSON COUNTY,251,44 Years,2086,1045,1041,1515,742,773,81,48,33,12,5,7,35,17,18,443,233,210
JOHNSON COUNTY,251,45 Years,2193,1088,1105,1657,797,860,65,37,28,9,3,6,40,18,22,422,233,189
JOHNSON COUNTY,251,46 Years,2304,1151,1153,1695,828,867,77,45,32,11,5,6,48,26,22,473,247,226
JOHNSON COUNTY,251,47 Years,2295,1146,1149,1709,848,861,69,43,26,14,3,11,32,19,13,471,233,238
JOHNSON COUNTY,251,48 Years,2163,1074,1089,1633,792,841,64,38,26,16,6,10,40,20,20,410,218,192
JOHNSON COUNTY,251,49 Years,2082,1059,1023,1548,783,765,72,39,33,20,8,12,36,17,19,406,212,194
JOHNSON COUNTY,251,50 Years,2130,1085,1045,1593,806,787,77,47,30,16,8,8,35,16,19,409,208,201
JOHNSON COUNTY,251,51 Years,2157,1108,1049,1654,844,810,76,50,26,11,5,6,40,20,20,376,189,187
JOHNSON COUNTY,251,52 Years,2245,1160,1085,1744,889,855,64,39,25,18,10,8,28,16,12,391,206,185
JOHNSON COUNTY,251,53 Years,2300,1163,1137,1817,911,906,67,40,27,11,5,6,34,20,14,371,187,184
JOHNSON COUNTY,251,54 Years,2289,1146,1143,1812,890,922,72,37,35,10,3,7,55,36,19,340,180,160
JOHNSON COUNTY,251,55 Years,2304,1140,1164,1835,892,943,76,38,38,11,3,8,42,21,21,340,186,154
JOHNSON COUNTY,251,56 Years,2351,1173,1178,1897,934,963,67,36,31,14,5,9,43,21,22,330,177,153
JOHNSON COUNTY,251,57 Years,2415,1226,1189,1950,978,972,71,41,30,20,4,16,47,24,23,327,179,148
JOHNSON COUNTY,251,58 Years,2218,1124,1094,1831,907,924,67,40,27,17,4,13,36,20,16,267,153,114
JOHNSON COUNTY,251,59 Years,2217,1092,1125,1859,905,954,67,34,33,21,5,16,30,14,16,240,134,106
JOHNSON COUNTY,251,60 Years,2068,1024,1044,1732,849,883,69,36,33,14,5,9,39,18,21,214,116,98
JOHNSON COUNTY,251,61 Years,2084,993,1091,1756,828,928,66,34,32,22,8,14,28,10,18,212,113,99
JOHNSON COUNTY,251,62 Years,2025,983,1042,1711,827,884,55,24,31,19,9,10,29,15,14,211,108,103
JOHNSON COUNTY,251,63 Years,1925,938,987,1642,797,845,39,18,21,17,10,7,35,13,22,192,100,92
JOHNSON COUNTY,251,64 Years,1814,876,938,1536,741,795,54,24,30,16,8,8,28,13,15,180,90,90
JOHNSON COUNTY,251,65 Years,1804,856,948,1547,726,821,48,28,20,11,4,7,29,17,12,169,81,88
JOHNSON COUNTY,251,66 Years,1631,764,867,1396,651,745,37,19,18,8,4,4,29,17,12,161,73,88
JOHNSON COUNTY,251,67 Years,1572,735,837,1354,643,711,44,18,26,10,2,8,27,13,14,137,59,78
JOHNSON COUNTY,251,68 Years,1623,746,877,1411,655,756,39,13,26,6,1,5,34,16,18,133,61,72
JOHNSON COUNTY,251,69 Years,1688,787,901,1476,684,792,35,19,16,8,3,5,28,16,12,141,65,76
JOHNSON COUNTY,251,70 Years,1638,752,886,1450,656,794,32,16,16,8,4,4,25,15,10,123,61,62
JOHNSON COUNTY,251,71 Years,1333,624,709,1158,531,627,30,20,10,9,5,4,19,12,7,117,56,61
JOHNSON COUNTY,251,72 Years,1231,589,642,1061,505,556,31,15,16,7,3,4,13,12,1,119,54,65
JOHNSON COUNTY,251,73 Years,1201,568,633,1052,494,558,21,10,11,5,2,3,15,8,7,108,54,54
JOHNSON COUNTY,251,74 Years,1172,543,629,1054,491,563,17,7,10,6,4,2,11,4,7,84,37,47
JOHNSON COUNTY,251,75 Years,1024,469,555,916,416,500,17,7,10,7,4,3,20,11,9,64,31,33
JOHNSON COUNTY,251,76 Years,938,439,499,840,393,447,15,10,5,6,1,5,12,7,5,65,28,37
JOHNSON COUNTY,251,77 Years,859,407,452,769,364,405,16,12,4,5,1,4,6,2,4,63,28,35
JOHNSON COUNTY,251,78 Years,824,379,445,734,337,397,18,8,10,5,2,3,10,4,6,57,28,29
JOHNSON COUNTY,251,79 Years,760,341,419,681,304,377,13,3,10,2,1,1,13,9,4,51,24,27
JOHNSON COUNTY,251,80 Years,686,310,376,610,278,332,12,5,7,5,0,5,8,5,3,51,22,29
JOHNSON COUNTY,251,81 Years,644,282,362,580,255,325,5,1,4,5,1,4,5,2,3,49,23,26
JOHNSON COUNTY,251,82 Years,562,237,325,511,215,296,5,3,2,4,2,2,5,2,3,37,15,22
JOHNSON COUNTY,251,83 Years,511,223,288,465,203,262,12,5,7,2,1,1,9,4,5,23,10,13
JOHNSON COUNTY,251,84 Years,461,194,267,418,172,246,9,4,5,0,0,0,8,5,3,26,13,13
JOHNSON COUNTY,251,85 Years,408,158,250,366,138,228,8,4,4,0,0,0,5,3,2,29,13,16
JOHNSON COUNTY,251,86 Years,377,154,223,340,140,200,8,3,5,3,0,3,2,1,1,24,10,14
JOHNSON COUNTY,251,87 Years,353,132,221,325,124,201,9,3,6,0,0,0,3,1,2,16,4,12
JOHNSON COUNTY,251,88 Years,295,103,192,265,92,173,7,3,4,1,0,1,4,1,3,18,7,11
JOHNSON COUNTY,251,89 Years,255,92,163,231,82,149,6,3,3,1,0,1,3,1,2,14,6,8
JOHNSON COUNTY,251,90 Years,216,74,142,194,67,127,4,0,4,2,1,1,2,0,2,14,6,8
JOHNSON COUNTY,251,91 Years,159,52,107,148,50,98,2,0,2,1,1,0,1,0,1,7,1,6
JOHNSON COUNTY,251,92 Years,118,41,77,108,39,69,3,0,3,1,0,1,0,0,0,6,2,4
JOHNSON COUNTY,251,93 Years,94,28,66,81,24,57,4,1,3,0,0,0,1,0,1,8,3,5
JOHNSON COUNTY,251,94 Years,82,26,56,71,20,51,4,2,2,0,0,0,1,0,1,6,4,2
JOHNSON COUNTY,251,95 Years +,179,45,134,151,33,118,9,2,7,0,0,0,2,1,1,17,9,8
JONES COUNTY,253,All Ages,19817,12463,7354,11515,6425,5090,2326,2017,309,87,36,51,309,161,148,5580,3824,1756
JONES COUNTY,253,< 1 Year,166,77,89,95,40,55,4,3,1,2,1,1,4,1,3,61,32,29
JONES COUNTY,253,1 Years,158,74,84,90,37,53,2,1,1,1,1,0,6,3,3,59,32,27
JONES COUNTY,253,2 Years,165,77,88,96,42,54,4,2,2,1,1,0,4,3,1,60,29,31
JONES COUNTY,253,3 Years,169,83,86,96,44,52,4,2,2,1,1,0,6,4,2,62,32,30
JONES COUNTY,253,4 Years,181,97,84,103,54,49,6,3,3,1,1,0,6,3,3,65,36,29
JONES COUNTY,253,5 Years,175,95,80,101,54,47,6,3,3,1,0,1,6,3,3,61,35,26
JONES COUNTY,253,6 Years,169,90,79,98,52,46,6,3,3,1,0,1,5,3,2,59,32,27
JONES COUNTY,253,7 Years,201,94,107,115,60,55,6,2,4,1,0,1,5,3,2,74,29,45
JONES COUNTY,253,8 Years,192,101,91,112,62,50,8,4,4,1,0,1,3,2,1,68,33,35
JONES COUNTY,253,9 Years,180,102,78,102,54,48,6,3,3,0,0,0,6,4,2,66,41,25
JONES COUNTY,253,10 Years,190,104,86,114,63,51,3,1,2,1,0,1,6,3,3,66,37,29
JONES COUNTY,253,11 Years,201,104,97,105,56,49,5,2,3,0,0,0,10,7,3,81,39,42
JONES COUNTY,253,12 Years,195,93,102,108,50,58,7,4,3,0,0,0,7,6,1,73,33,40
JONES COUNTY,253,13 Years,198,100,98,114,56,58,7,4,3,1,0,1,9,6,3,67,34,33
JONES COUNTY,253,14 Years,206,98,108,112,60,52,16,3,13,1,0,1,8,3,5,69,32,37
JONES COUNTY,253,15 Years,193,97,96,101,52,49,9,2,7,1,0,1,5,2,3,77,41,36
JONES COUNTY,253,16 Years,194,99,95,101,46,55,21,14,7,2,0,2,8,4,4,62,35,27
JONES COUNTY,253,17 Years,193,110,83,102,58,44,12,8,4,2,1,1,5,2,3,72,41,31
JONES COUNTY,253,18 Years,222,136,86,102,63,39,26,20,6,0,0,0,11,5,6,83,48,35
JONES COUNTY,253,19 Years,209,137,72,76,40,36,41,36,5,3,1,2,7,2,5,82,58,24
JONES COUNTY,253,20 Years,248,181,67,105,66,39,35,31,4,1,0,1,5,3,2,102,81,21
JONES COUNTY,253,21 Years,262,192,70,117,75,42,34,29,5,3,3,0,10,7,3,98,78,20
JONES COUNTY,253,22 Years,272,205,67,121,81,40,40,38,2,2,0,2,5,2,3,104,84,20
JONES COUNTY,253,23 Years,307,228,79,146,90,56,36,34,2,2,1,1,5,4,1,118,99,19
JONES COUNTY,253,24 Years,329,240,89,144,85,59,41,38,3,2,0,2,4,4,0,138,113,25
JONES COUNTY,253,25 Years,331,239,92,161,102,59,50,42,8,1,0,1,4,4,0,115,91,24
JONES COUNTY,253,26 Years,364,278,86,182,122,60,66,60,6,0,0,0,2,1,1,114,95,19
JONES COUNTY,253,27 Years,371,277,94,171,107,64,74,72,2,0,0,0,2,1,1,124,97,27
JONES COUNTY,253,28 Years,356,275,81,174,110,64,68,67,1,1,0,1,1,1,0,112,97,15
JONES COUNTY,253,29 Years,365,271,94,164,103,61,70,66,4,0,0,0,2,1,1,129,101,28
JONES COUNTY,253,30 Years,365,279,86,152,99,53,81,77,4,0,0,0,2,0,2,130,103,27
JONES COUNTY,253,31 Years,373,285,88,154,93,61,88,84,4,0,0,0,3,2,1,128,106,22
JONES COUNTY,253,32 Years,364,264,100,164,97,67,73,70,3,1,1,0,5,4,1,121,92,29
JONES COUNTY,253,33 Years,337,250,87,150,96,54,68,65,3,2,2,0,0,0,0,117,87,30
JONES COUNTY,253,34 Years,346,266,80,154,107,47,69,66,3,1,1,0,5,3,2,117,89,28
JONES COUNTY,253,35 Years,324,247,77,148,98,50,70,69,1,1,0,1,4,1,3,101,79,22
JONES COUNTY,253,36 Years,326,241,85,157,97,60,54,52,2,1,1,0,4,1,3,110,90,20
JONES COUNTY,253,37 Years,326,237,89,158,103,55,61,59,2,1,1,0,2,0,2,104,74,30
JONES COUNTY,253,38 Years,304,236,68,150,104,46,63,60,3,1,0,1,1,1,0,89,71,18
JONES COUNTY,253,39 Years,288,218,70,145,96,49,54,49,5,0,0,0,1,1,0,88,72,16
JONES COUNTY,253,40 Years,280,213,67,138,91,47,53,49,4,0,0,0,0,0,0,89,73,16
JONES COUNTY,253,41 Years,285,209,76,136,83,53,57,53,4,0,0,0,2,2,0,90,71,19
JONES COUNTY,253,42 Years,286,197,89,147,86,61,57,54,3,2,1,1,2,1,1,78,55,23
JONES COUNTY,253,43 Years,280,204,76,145,89,56,48,45,3,1,1,0,2,1,1,84,68,16
JONES COUNTY,253,44 Years,285,207,78,152,96,56,47,46,1,3,2,1,3,1,2,80,62,18
JONES COUNTY,253,45 Years,288,208,80,144,90,54,50,47,3,3,1,2,6,4,2,85,66,19
JONES COUNTY,253,46 Years,258,177,81,138,85,53,41,35,6,1,0,1,4,1,3,74,56,18
JONES COUNTY,253,47 Years,300,203,97,176,103,73,39,35,4,2,1,1,2,1,1,81,63,18
JONES COUNTY,253,48 Years,283,204,79,163,105,58,43,40,3,4,2,2,0,0,0,73,57,16
JONES COUNTY,253,49 Years,254,183,71,151,97,54,41,40,1,2,0,2,2,1,1,58,45,13
JONES COUNTY,253,50 Years,240,167,73,144,92,52,32,29,3,2,1,1,5,3,2,57,42,15
JONES COUNTY,253,51 Years,243,165,78,151,94,57,27,25,2,2,2,0,6,4,2,57,40,17
JONES COUNTY,253,52 Years,265,172,93,166,98,68,30,25,5,1,1,0,3,1,2,65,47,18
JONES COUNTY,253,53 Years,268,165,103,184,106,78,22,18,4,3,0,3,2,2,0,57,39,18
JONES COUNTY,253,54 Years,272,168,104,187,105,82,20,17,3,1,0,1,2,1,1,62,45,17
JONES COUNTY,253,55 Years,259,157,102,183,99,84,20,17,3,1,1,0,6,4,2,49,36,13
JONES COUNTY,253,56 Years,251,132,119,179,88,91,20,14,6,1,1,0,1,0,1,50,29,21
JONES COUNTY,253,57 Years,256,141,115,182,92,90,25,21,4,1,1,0,1,1,0,47,26,21
JONES COUNTY,253,58 Years,244,149,95,176,103,73,22,16,6,2,0,2,3,3,0,41,27,14
JONES COUNTY,253,59 Years,235,136,99,170,93,77,23,15,8,1,1,0,5,3,2,36,24,12
JONES COUNTY,253,60 Years,218,114,104,164,85,79,18,12,6,0,0,0,2,0,2,34,17,17
JONES COUNTY,253,61 Years,231,118,113,175,86,89,17,13,4,0,0,0,5,3,2,34,16,18
JONES COUNTY,253,62 Years,234,120,114,178,87,91,13,11,2,1,0,1,4,1,3,38,21,17
JONES COUNTY,253,63 Years,227,112,115,175,84,91,13,7,6,1,0,1,4,1,3,34,20,14
JONES COUNTY,253,64 Years,204,108,96,156,81,75,15,8,7,1,1,0,1,1,0,31,17,14
JONES COUNTY,253,65 Years,199,102,97,156,78,78,11,8,3,0,0,0,2,0,2,30,16,14
JONES COUNTY,253,66 Years,183,99,84,141,75,66,11,8,3,0,0,0,2,0,2,29,16,13
JONES COUNTY,253,67 Years,169,91,78,135,73,62,6,5,1,1,0,1,2,0,2,25,13,12
JONES COUNTY,253,68 Years,169,88,81,137,70,67,7,5,2,1,0,1,2,0,2,22,13,9
JONES COUNTY,253,69 Years,190,91,99,154,73,81,6,5,1,1,0,1,0,0,0,29,13,16
JONES COUNTY,253,70 Years,184,100,84,153,83,70,5,4,1,0,0,0,1,0,1,25,13,12
JONES COUNTY,253,71 Years,142,77,65,115,63,52,4,2,2,1,0,1,1,0,1,21,12,9
JONES COUNTY,253,72 Years,137,73,64,109,54,55,4,4,0,0,0,0,1,1,0,23,14,9
JONES COUNTY,253,73 Years,152,64,88,115,44,71,7,4,3,2,0,2,0,0,0,28,16,12
JONES COUNTY,253,74 Years,144,67,77,112,50,62,5,2,3,1,0,1,1,0,1,25,15,10
JONES COUNTY,253,75 Years,122,61,61,100,50,50,5,1,4,1,1,0,1,0,1,15,9,6
JONES COUNTY,253,76 Years,127,60,67,101,47,54,6,2,4,0,0,0,2,1,1,18,10,8
JONES COUNTY,253,77 Years,120,56,64,91,44,47,3,1,2,1,1,0,4,2,2,21,8,13
JONES COUNTY,253,78 Years,106,51,55,81,38,43,5,3,2,0,0,0,1,0,1,19,10,9
JONES COUNTY,253,79 Years,103,50,53,81,39,42,5,3,2,0,0,0,3,2,1,14,6,8
JONES COUNTY,253,80 Years,100,47,53,77,37,40,6,4,2,0,0,0,1,1,0,16,5,11
JONES COUNTY,253,81 Years,83,37,46,68,31,37,6,3,3,0,0,0,0,0,0,9,3,6
JONES COUNTY,253,82 Years,75,35,40,56,28,28,3,1,2,0,0,0,1,1,0,15,5,10
JONES COUNTY,253,83 Years,67,23,44,48,18,30,5,1,4,0,0,0,2,0,2,12,4,8
JONES COUNTY,253,84 Years,62,26,36,47,20,27,2,1,1,1,0,1,2,1,1,10,4,6
JONES COUNTY,253,85 Years,70,27,43,53,21,32,3,2,1,0,0,0,3,0,3,11,4,7
JONES COUNTY,253,86 Years,54,23,31,41,16,25,5,3,2,0,0,0,1,0,1,7,4,3
JONES COUNTY,253,87 Years,54,22,32,42,17,25,3,1,2,0,0,0,1,0,1,8,4,4
JONES COUNTY,253,88 Years,42,15,27,31,11,20,1,0,1,0,0,0,1,0,1,9,4,5
JONES COUNTY,253,89 Years,40,17,23,31,12,19,3,2,1,0,0,0,0,0,0,6,3,3
JONES COUNTY,253,90 Years,37,17,20,30,13,17,2,1,1,0,0,0,1,1,0,4,2,2
JONES COUNTY,253,91 Years,27,11,16,20,8,12,1,0,1,0,0,0,1,0,1,5,3,2
JONES COUNTY,253,92 Years,24,7,17,17,5,12,1,0,1,0,0,0,2,1,1,4,1,3
JONES COUNTY,253,93 Years,18,5,13,14,4,10,0,0,0,0,0,0,1,0,1,3,1,2
JONES COUNTY,253,94 Years,18,5,13,12,4,8,3,0,3,0,0,0,1,0,1,2,1,1
JONES COUNTY,253,95 Years +,38,10,28,27,7,20,5,1,4,0,0,0,1,0,1,5,2,3
KARNES COUNTY,255,All Ages,15312,9010,6302,5696,3118,2578,1154,1047,107,36,18,18,231,161,70,8195,4666,3529
KARNES COUNTY,255,< 1 Year,189,94,95,56,28,28,3,2,1,3,1,2,8,4,4,119,59,60
KARNES COUNTY,255,1 Years,190,99,91,59,33,26,3,2,1,2,1,1,7,5,2,119,58,61
KARNES COUNTY,255,2 Years,195,105,90,63,37,26,4,3,1,2,1,1,5,2,3,121,62,59
KARNES COUNTY,255,3 Years,197,110,87,66,40,26,4,3,1,1,0,1,4,3,1,122,64,58
KARNES COUNTY,255,4 Years,189,101,88,63,34,29,3,3,0,0,0,0,3,1,2,120,63,57
KARNES COUNTY,255,5 Years,178,94,84,64,33,31,2,1,1,0,0,0,0,0,0,112,60,52
KARNES COUNTY,255,6 Years,168,89,79,54,29,25,4,2,2,0,0,0,3,1,2,107,57,50
KARNES COUNTY,255,7 Years,177,98,79,55,38,17,5,3,2,0,0,0,3,0,3,114,57,57
KARNES COUNTY,255,8 Years,178,95,83,38,25,13,3,0,3,0,0,0,12,10,2,125,60,65
KARNES COUNTY,255,9 Years,171,89,82,46,22,24,2,1,1,0,0,0,5,4,1,118,62,56
KARNES COUNTY,255,10 Years,197,105,92,49,26,23,5,3,2,0,0,0,13,10,3,130,66,64
KARNES COUNTY,255,11 Years,212,115,97,57,32,25,8,6,2,0,0,0,15,13,2,132,64,68
KARNES COUNTY,255,12 Years,168,90,78,48,28,20,5,5,0,0,0,0,4,3,1,111,54,57
KARNES COUNTY,255,13 Years,163,87,76,45,21,24,4,2,2,0,0,0,3,1,2,111,63,48
KARNES COUNTY,255,14 Years,191,108,83,61,26,35,1,1,0,0,0,0,15,14,1,114,67,47
KARNES COUNTY,255,15 Years,160,81,79,48,20,28,3,1,2,0,0,0,7,5,2,102,55,47
KARNES COUNTY,255,16 Years,178,88,90,51,19,32,2,1,1,0,0,0,17,17,0,108,51,57
KARNES COUNTY,255,17 Years,169,79,90,49,17,32,1,0,1,0,0,0,7,6,1,112,56,56
KARNES COUNTY,255,18 Years,191,112,79,52,27,25,8,6,2,0,0,0,12,11,1,119,68,51
KARNES COUNTY,255,19 Years,169,100,69,41,23,18,10,9,1,0,0,0,5,4,1,113,64,49
KARNES COUNTY,255,20 Years,203,131,72,60,34,26,10,10,0,0,0,0,1,1,0,132,86,46
KARNES COUNTY,255,21 Years,201,137,64,53,32,21,15,15,0,0,0,0,2,1,1,131,89,42
KARNES COUNTY,255,22 Years,224,156,68,60,37,23,18,17,1,0,0,0,10,10,0,136,92,44
KARNES COUNTY,255,23 Years,225,151,74,62,36,26,21,19,2,1,0,1,3,3,0,138,93,45
KARNES COUNTY,255,24 Years,227,145,82,69,40,29,25,23,2,0,0,0,2,1,1,131,81,50
KARNES COUNTY,255,25 Years,262,181,81,70,40,30,30,30,0,0,0,0,3,1,2,159,110,49
KARNES COUNTY,255,26 Years,282,193,89,80,47,33,32,32,0,0,0,0,1,1,0,169,113,56
KARNES COUNTY,255,27 Years,258,172,86,65,43,22,32,31,1,1,1,0,4,3,1,156,94,62
KARNES COUNTY,255,28 Years,256,187,69,69,52,17,34,32,2,0,0,0,3,2,1,150,101,49
KARNES COUNTY,255,29 Years,299,209,90,86,57,29,47,43,4,0,0,0,1,0,1,165,109,56
KARNES COUNTY,255,30 Years,296,212,84,80,50,30,42,40,2,0,0,0,2,1,1,172,121,51
KARNES COUNTY,255,31 Years,282,190,92,64,38,26,50,48,2,1,0,1,2,0,2,165,104,61
KARNES COUNTY,255,32 Years,264,188,76,67,43,24,40,38,2,2,2,0,2,1,1,153,104,49
KARNES COUNTY,255,33 Years,250,180,70,62,38,24,44,42,2,1,1,0,1,1,0,142,98,44
KARNES COUNTY,255,34 Years,227,164,63,61,38,23,43,42,1,0,0,0,3,3,0,120,81,39
KARNES COUNTY,255,35 Years,225,160,65,59,35,24,42,40,2,1,1,0,0,0,0,123,84,39
KARNES COUNTY,255,36 Years,226,154,72,63,37,26,41,40,1,1,1,0,1,0,1,120,76,44
KARNES COUNTY,255,37 Years,227,152,75,67,37,30,36,36,0,1,1,0,2,2,0,121,76,45
KARNES COUNTY,255,38 Years,216,146,70,57,31,26,33,31,2,0,0,0,1,1,0,125,83,42
KARNES COUNTY,255,39 Years,201,137,64,67,41,26,26,25,1,0,0,0,1,0,1,107,71,36
KARNES COUNTY,255,40 Years,204,132,72,65,40,25,29,28,1,0,0,0,0,0,0,110,64,46
KARNES COUNTY,255,41 Years,189,120,69,60,32,28,29,28,1,0,0,0,1,1,0,99,59,40
KARNES COUNTY,255,42 Years,190,127,63,60,40,20,32,31,1,0,0,0,0,0,0,98,56,42
KARNES COUNTY,255,43 Years,188,119,69,65,39,26,24,22,2,1,0,1,5,4,1,93,54,39
KARNES COUNTY,255,44 Years,180,114,66,62,42,20,24,23,1,0,0,0,2,1,1,92,48,44
KARNES COUNTY,255,45 Years,170,107,63,62,40,22,18,17,1,0,0,0,0,0,0,90,50,40
KARNES COUNTY,255,46 Years,182,114,68,74,43,31,19,19,0,0,0,0,2,2,0,87,50,37
KARNES COUNTY,255,47 Years,190,118,72,78,48,30,18,16,2,1,1,0,0,0,0,93,53,40
KARNES COUNTY,255,48 Years,164,112,52,58,37,21,15,13,2,1,1,0,2,2,0,88,59,29
KARNES COUNTY,255,49 Years,175,105,70,71,37,34,16,15,1,0,0,0,1,0,1,87,53,34
KARNES COUNTY,255,50 Years,144,78,66,59,28,31,12,12,0,0,0,0,1,1,0,72,37,35
KARNES COUNTY,255,51 Years,147,80,67,55,29,26,12,11,1,2,0,2,0,0,0,78,40,38
KARNES COUNTY,255,52 Years,181,96,85,81,43,38,12,11,1,4,0,4,0,0,0,84,42,42
KARNES COUNTY,255,53 Years,197,118,79,97,55,42,13,12,1,1,0,1,1,1,0,85,50,35
KARNES COUNTY,255,54 Years,177,106,71,86,50,36,8,8,0,1,1,0,1,0,1,81,47,34
KARNES COUNTY,255,55 Years,178,106,72,81,54,27,10,9,1,1,1,0,1,0,1,85,42,43
KARNES COUNTY,255,56 Years,182,105,77,84,53,31,12,10,2,1,1,0,2,0,2,83,41,42
KARNES COUNTY,255,57 Years,185,107,78,96,56,40,8,7,1,1,1,0,2,0,2,78,43,35
KARNES COUNTY,255,58 Years,183,101,82,92,50,42,7,5,2,0,0,0,2,1,1,82,45,37
KARNES COUNTY,255,59 Years,178,87,91,87,41,46,6,5,1,0,0,0,1,1,0,84,40,44
KARNES COUNTY,255,60 Years,185,94,91,89,44,45,8,5,3,0,0,0,2,0,2,86,45,41
KARNES COUNTY,255,61 Years,177,92,85,88,43,45,5,3,2,0,0,0,1,0,1,83,46,37
KARNES COUNTY,255,62 Years,181,92,89,91,50,41,6,3,3,0,0,0,0,0,0,84,39,45
KARNES COUNTY,255,63 Years,178,90,88,86,41,45,8,6,2,1,1,0,1,0,1,82,42,40
KARNES COUNTY,255,64 Years,181,94,87,94,45,49,6,5,1,0,0,0,2,0,2,79,44,35
KARNES COUNTY,255,65 Years,156,72,84,83,37,46,3,2,1,1,0,1,1,0,1,68,33,35
KARNES COUNTY,255,66 Years,144,70,74,76,37,39,2,2,0,1,0,1,0,0,0,65,31,34
KARNES COUNTY,255,67 Years,136,70,66,69,38,31,4,3,1,1,0,1,0,0,0,62,29,33
KARNES COUNTY,255,68 Years,129,71,58,73,41,32,3,3,0,0,0,0,0,0,0,53,27,26
KARNES COUNTY,255,69 Years,143,73,70,83,44,39,3,2,1,0,0,0,0,0,0,57,27,30
KARNES COUNTY,255,70 Years,142,73,69,88,46,42,4,3,1,0,0,0,0,0,0,50,24,26
KARNES COUNTY,255,71 Years,109,49,60,65,32,33,4,2,2,0,0,0,1,0,1,39,15,24
KARNES COUNTY,255,72 Years,95,46,49,53,26,27,3,2,1,1,1,0,0,0,0,38,17,21
KARNES COUNTY,255,73 Years,99,47,52,62,30,32,3,2,1,0,0,0,0,0,0,34,15,19
KARNES COUNTY,255,74 Years,87,47,40,54,30,24,2,1,1,0,0,0,1,1,0,30,15,15
KARNES COUNTY,255,75 Years,86,44,42,50,24,26,2,2,0,0,0,0,0,0,0,34,18,16
KARNES COUNTY,255,76 Years,90,50,40,54,31,23,2,2,0,0,0,0,0,0,0,34,17,17
KARNES COUNTY,255,77 Years,79,40,39,49,29,20,0,0,0,0,0,0,2,0,2,28,11,17
KARNES COUNTY,255,78 Years,87,42,45,54,28,26,3,1,2,0,0,0,2,0,2,28,13,15
KARNES COUNTY,255,79 Years,86,42,44,51,23,28,1,1,0,0,0,0,0,0,0,34,18,16
KARNES COUNTY,255,80 Years,74,39,35,47,21,26,2,1,1,0,0,0,0,0,0,25,17,8
KARNES COUNTY,255,81 Years,71,31,40,49,22,27,2,0,2,0,0,0,0,0,0,20,9,11
KARNES COUNTY,255,82 Years,66,25,41,42,19,23,1,0,1,0,0,0,0,0,0,23,6,17
KARNES COUNTY,255,83 Years,60,22,38,37,16,21,0,0,0,0,0,0,1,0,1,22,6,16
KARNES COUNTY,255,84 Years,60,25,35,37,16,21,1,1,0,0,0,0,0,0,0,22,8,14
KARNES COUNTY,255,85 Years,49,22,27,31,15,16,0,0,0,0,0,0,0,0,0,18,7,11
KARNES COUNTY,255,86 Years,48,16,32,29,8,21,1,1,0,0,0,0,0,0,0,18,7,11
KARNES COUNTY,255,87 Years,48,20,28,31,12,19,1,1,0,0,0,0,0,0,0,16,7,9
KARNES COUNTY,255,88 Years,36,16,20,22,11,11,2,0,2,0,0,0,0,0,0,12,5,7
KARNES COUNTY,255,89 Years,33,13,20,22,9,13,1,0,1,0,0,0,0,0,0,10,4,6
KARNES COUNTY,255,90 Years,31,9,22,20,6,14,0,0,0,0,0,0,0,0,0,11,3,8
KARNES COUNTY,255,91 Years,23,8,15,15,6,9,0,0,0,0,0,0,0,0,0,8,2,6
KARNES COUNTY,255,92 Years,20,11,9,13,7,6,2,2,0,0,0,0,0,0,0,5,2,3
KARNES COUNTY,255,93 Years,15,5,10,9,3,6,1,0,1,0,0,0,0,0,0,5,2,3
KARNES COUNTY,255,94 Years,9,3,6,5,2,3,0,0,0,0,0,0,0,0,0,4,1,3
KARNES COUNTY,255,95 Years +,34,11,23,16,5,11,3,1,2,0,0,0,0,0,0,15,5,10
KAUFMAN COUNTY,257,All Ages,120797,59694,61103,79527,39219,40308,12713,6180,6533,1064,460,604,2629,1250,1379,24864,12585,12279
KAUFMAN COUNTY,257,< 1 Year,1651,870,781,887,472,415,181,91,90,22,12,10,91,47,44,470,248,222
KAUFMAN COUNTY,257,1 Years,1644,861,783,882,469,413,182,92,90,22,11,11,85,42,43,473,247,226
KAUFMAN COUNTY,257,2 Years,1638,850,788,895,480,415,180,87,93,21,10,11,82,37,45,460,236,224
KAUFMAN COUNTY,257,3 Years,1622,835,787,897,479,418,184,90,94,18,8,10,71,31,40,452,227,225
KAUFMAN COUNTY,257,4 Years,1625,829,796,923,485,438,179,85,94,14,7,7,62,26,36,447,226,221
KAUFMAN COUNTY,257,5 Years,1611,821,790,906,475,431,180,88,92,12,6,6,51,20,31,462,232,230
KAUFMAN COUNTY,257,6 Years,1621,833,788,913,484,429,179,86,93,10,5,5,48,21,27,471,237,234
KAUFMAN COUNTY,257,7 Years,1637,823,814,879,442,437,186,93,93,11,4,7,49,26,23,512,258,254
KAUFMAN COUNTY,257,8 Years,1755,877,878,953,473,480,190,103,87,12,5,7,47,22,25,553,274,279
KAUFMAN COUNTY,257,9 Years,1888,914,974,1050,487,563,206,110,96,17,8,9,56,23,33,559,286,273
KAUFMAN COUNTY,257,10 Years,1901,956,945,1091,541,550,214,122,92,13,7,6,62,27,35,521,259,262
KAUFMAN COUNTY,257,11 Years,1951,972,979,1097,557,540,186,96,90,13,9,4,66,30,36,589,280,309
KAUFMAN COUNTY,257,12 Years,1866,954,912,1025,524,501,207,113,94,22,6,16,66,33,33,546,278,268
KAUFMAN COUNTY,257,13 Years,1854,971,883,1020,549,471,203,108,95,15,6,9,56,30,26,560,278,282
KAUFMAN COUNTY,257,14 Years,1807,935,872,999,522,477,192,107,85,17,8,9,54,27,27,545,271,274
KAUFMAN COUNTY,257,15 Years,1802,918,884,1018,515,503,196,97,99,12,6,6,61,32,29,515,268,247
KAUFMAN COUNTY,257,16 Years,1844,940,904,1056,552,504,196,93,103,17,9,8,64,32,32,511,254,257
KAUFMAN COUNTY,257,17 Years,1752,919,833,997,522,475,173,84,89,16,12,4,60,30,30,506,271,235
KAUFMAN COUNTY,257,18 Years,1584,837,747,925,483,442,170,94,76,15,8,7,41,22,19,433,230,203
KAUFMAN COUNTY,257,19 Years,1438,761,677,787,428,359,139,80,59,23,6,17,48,30,18,441,217,224
KAUFMAN COUNTY,257,20 Years,1358,731,627,766,409,357,141,84,57,19,7,12,37,21,16,395,210,185
KAUFMAN COUNTY,257,21 Years,1395,726,669,782,411,371,154,82,72,13,7,6,43,16,27,403,210,193
KAUFMAN COUNTY,257,22 Years,1431,756,675,822,444,378,166,87,79,11,5,6,53,21,32,379,199,180
KAUFMAN COUNTY,257,23 Years,1547,767,780,896,450,446,176,92,84,11,2,9,49,26,23,415,197,218
KAUFMAN COUNTY,257,24 Years,1646,798,848,959,471,488,189,91,98,10,4,6,57,28,29,431,204,227
KAUFMAN COUNTY,257,25 Years,1687,809,878,1025,509,516,226,108,118,7,4,3,41,16,25,388,172,216
KAUFMAN COUNTY,257,26 Years,1632,811,821,983,504,479,223,98,125,13,7,6,34,20,14,379,182,197
KAUFMAN COUNTY,257,27 Years,1633,814,819,997,519,478,222,95,127,9,5,4,29,16,13,376,179,197
KAUFMAN COUNTY,257,28 Years,1585,776,809,963,477,486,196,89,107,11,7,4,22,13,9,393,190,203
KAUFMAN COUNTY,257,29 Years,1516,728,788,972,455,517,148,74,74,11,7,4,19,8,11,366,184,182
KAUFMAN COUNTY,257,30 Years,1580,785,795,1048,510,538,155,79,76,13,7,6,26,8,18,338,181,157
KAUFMAN COUNTY,257,31 Years,1640,809,831,1050,510,540,186,80,106,11,4,7,26,13,13,367,202,165
KAUFMAN COUNTY,257,32 Years,1584,767,817,1000,496,504,188,87,101,6,2,4,25,11,14,365,171,194
KAUFMAN COUNTY,257,33 Years,1607,781,826,1042,508,534,184,79,105,9,5,4,21,10,11,351,179,172
KAUFMAN COUNTY,257,34 Years,1687,814,873,1046,496,550,187,86,101,14,5,9,21,10,11,419,217,202
KAUFMAN COUNTY,257,35 Years,1641,793,848,1024,489,535,198,102,96,12,3,9,25,10,15,382,189,193
KAUFMAN COUNTY,257,36 Years,1715,827,888,1099,521,578,182,96,86,10,5,5,24,12,12,400,193,207
KAUFMAN COUNTY,257,37 Years,1678,816,862,1089,515,574,151,78,73,13,4,9,19,10,9,406,209,197
KAUFMAN COUNTY,257,38 Years,1621,792,829,1060,516,544,149,70,79,11,4,7,22,10,12,379,192,187
KAUFMAN COUNTY,257,39 Years,1626,804,822,1038,508,530,172,88,84,10,3,7,20,11,9,386,194,192
KAUFMAN COUNTY,257,40 Years,1590,794,796,992,500,492,161,74,87,21,5,16,22,10,12,394,205,189
KAUFMAN COUNTY,257,41 Years,1620,793,827,1047,522,525,158,64,94,26,6,20,19,10,9,370,191,179
KAUFMAN COUNTY,257,42 Years,1634,817,817,1049,527,522,171,80,91,18,4,14,18,8,10,378,198,180
KAUFMAN COUNTY,257,43 Years,1612,791,821,1049,512,537,176,88,88,19,9,10,20,8,12,348,174,174
KAUFMAN COUNTY,257,44 Years,1596,778,818,1021,496,525,186,94,92,27,7,20,22,9,13,340,172,168
KAUFMAN COUNTY,257,45 Years,1663,804,859,1099,531,568,186,95,91,19,8,11,21,10,11,338,160,178
KAUFMAN COUNTY,257,46 Years,1685,829,856,1140,569,571,184,86,98,17,7,10,20,10,10,324,157,167
KAUFMAN COUNTY,257,47 Years,1685,859,826,1140,589,551,185,94,91,29,10,19,23,13,10,308,153,155
KAUFMAN COUNTY,257,48 Years,1604,791,813,1068,524,544,179,89,90,26,12,14,24,13,11,307,153,154
KAUFMAN COUNTY,257,49 Years,1491,757,734,1008,505,503,170,83,87,19,9,10,19,9,10,275,151,124
KAUFMAN COUNTY,257,50 Years,1515,763,752,1055,516,539,166,85,81,13,5,8,18,11,7,263,146,117
KAUFMAN COUNTY,257,51 Years,1493,733,760,1038,499,539,195,98,97,13,5,8,16,6,10,231,125,106
KAUFMAN COUNTY,257,52 Years,1536,755,781,1067,524,543,191,90,101,12,6,6,26,11,15,240,124,116
KAUFMAN COUNTY,257,53 Years,1609,798,811,1161,574,587,177,80,97,14,9,5,26,13,13,231,122,109
KAUFMAN COUNTY,257,54 Years,1579,785,794,1161,573,588,158,73,85,14,9,5,19,8,11,227,122,105
KAUFMAN COUNTY,257,55 Years,1538,777,761,1149,588,561,160,74,86,11,3,8,20,7,13,198,105,93
KAUFMAN COUNTY,257,56 Years,1578,794,784,1193,606,587,155,71,84,11,5,6,27,12,15,192,100,92
KAUFMAN COUNTY,257,57 Years,1604,797,807,1229,607,622,154,73,81,14,6,8,28,17,11,179,94,85
KAUFMAN COUNTY,257,58 Years,1504,749,755,1169,567,602,146,73,73,11,5,6,29,17,12,149,87,62
KAUFMAN COUNTY,257,59 Years,1536,758,778,1208,595,613,162,74,88,11,6,5,27,15,12,128,68,60
KAUFMAN COUNTY,257,60 Years,1447,723,724,1143,564,579,148,77,71,12,4,8,23,10,13,121,68,53
KAUFMAN COUNTY,257,61 Years,1375,678,697,1053,507,546,142,73,69,9,4,5,34,16,18,137,78,59
KAUFMAN COUNTY,257,62 Years,1355,658,697,1058,513,545,128,56,72,12,7,5,25,10,15,132,72,60
KAUFMAN COUNTY,257,63 Years,1288,646,642,1025,507,518,117,57,60,9,4,5,20,11,9,117,67,50
KAUFMAN COUNTY,257,64 Years,1281,645,636,1023,509,514,117,57,60,12,8,4,20,8,12,109,63,46
KAUFMAN COUNTY,257,65 Years,1201,582,619,969,470,499,111,53,58,6,3,3,22,10,12,93,46,47
KAUFMAN COUNTY,257,66 Years,1128,546,582,899,431,468,110,53,57,6,1,5,21,12,9,92,49,43
KAUFMAN COUNTY,257,67 Years,1128,529,599,915,432,483,106,45,61,14,5,9,15,6,9,78,41,37
KAUFMAN COUNTY,257,68 Years,1088,539,549,894,448,446,96,44,52,9,5,4,16,8,8,73,34,39
KAUFMAN COUNTY,257,69 Years,1052,510,542,850,419,431,98,38,60,5,3,2,12,4,8,87,46,41
KAUFMAN COUNTY,257,70 Years,987,469,518,821,399,422,85,30,55,9,5,4,11,3,8,61,32,29
KAUFMAN COUNTY,257,71 Years,884,409,475,715,343,372,80,29,51,9,4,5,13,4,9,67,29,38
KAUFMAN COUNTY,257,72 Years,827,360,467,671,302,369,69,25,44,9,3,6,12,5,7,66,25,41
KAUFMAN COUNTY,257,73 Years,776,352,424,631,289,342,64,29,35,6,2,4,11,5,6,64,27,37
KAUFMAN COUNTY,257,74 Years,751,328,423,633,275,358,51,26,25,5,2,3,12,6,6,50,19,31
KAUFMAN COUNTY,257,75 Years,699,312,387,587,270,317,51,25,26,6,2,4,10,3,7,45,12,33
KAUFMAN COUNTY,257,76 Years,641,297,344,536,255,281,47,20,27,6,1,5,11,3,8,41,18,23
KAUFMAN COUNTY,257,77 Years,560,270,290,478,234,244,47,17,30,4,2,2,8,5,3,23,12,11
KAUFMAN COUNTY,257,78 Years,527,246,281,447,209,238,40,15,25,4,1,3,5,3,2,31,18,13
KAUFMAN COUNTY,257,79 Years,441,193,248,370,163,207,31,13,18,2,0,2,6,3,3,32,14,18
KAUFMAN COUNTY,257,80 Years,400,178,222,320,145,175,31,10,21,3,2,1,7,4,3,39,17,22
KAUFMAN COUNTY,257,81 Years,357,160,197,303,139,164,25,9,16,4,1,3,6,2,4,19,9,10
KAUFMAN COUNTY,257,82 Years,352,144,208,305,119,186,21,9,12,3,2,1,8,3,5,15,11,4
KAUFMAN COUNTY,257,83 Years,313,129,184,278,111,167,18,8,10,1,1,0,5,3,2,11,6,5
KAUFMAN COUNTY,257,84 Years,306,122,184,265,105,160,25,10,15,1,0,1,3,2,1,12,5,7
KAUFMAN COUNTY,257,85 Years,263,105,158,229,91,138,21,10,11,1,0,1,2,0,2,10,4,6
KAUFMAN COUNTY,257,86 Years,251,91,160,219,79,140,16,8,8,1,0,1,1,0,1,14,4,10
KAUFMAN COUNTY,257,87 Years,218,77,141,199,70,129,11,5,6,0,0,0,0,0,0,8,2,6
KAUFMAN COUNTY,257,88 Years,180,61,119,158,53,105,11,4,7,1,0,1,2,1,1,8,3,5
KAUFMAN COUNTY,257,89 Years,154,52,102,131,42,89,12,4,8,0,0,0,3,2,1,8,4,4
KAUFMAN COUNTY,257,90 Years,127,44,83,109,36,73,10,4,6,1,0,1,2,1,1,5,3,2
KAUFMAN COUNTY,257,91 Years,108,36,72,92,31,61,8,3,5,1,0,1,2,1,1,5,1,4
KAUFMAN COUNTY,257,92 Years,96,29,67,83,23,60,5,3,2,0,0,0,2,1,1,6,2,4
KAUFMAN COUNTY,257,93 Years,73,20,53,64,18,46,5,2,3,0,0,0,1,0,1,3,0,3
KAUFMAN COUNTY,257,94 Years,53,17,36,41,12,29,5,2,3,1,1,0,0,0,0,6,2,4
KAUFMAN COUNTY,257,95 Years +,138,35,103,109,25,84,15,5,10,1,1,0,1,0,1,12,4,8
KENDALL COUNTY,259,All Ages,44575,21749,22826,32793,15835,16958,165,101,64,236,82,154,568,294,274,10813,5437,5376
KENDALL COUNTY,259,< 1 Year,418,215,203,262,134,128,5,3,2,0,0,0,7,4,3,144,74,70
KENDALL COUNTY,259,1 Years,445,230,215,280,141,139,4,2,2,0,0,0,7,3,4,154,84,70
KENDALL COUNTY,259,2 Years,460,232,228,296,145,151,2,1,1,0,0,0,4,2,2,158,84,74
KENDALL COUNTY,259,3 Years,464,239,225,305,151,154,2,1,1,0,0,0,4,2,2,153,85,68
KENDALL COUNTY,259,4 Years,481,241,240,318,159,159,1,1,0,1,1,0,7,5,2,154,75,79
KENDALL COUNTY,259,5 Years,496,247,249,318,155,163,2,1,1,1,1,0,8,5,3,167,85,82
KENDALL COUNTY,259,6 Years,533,257,276,337,159,178,2,2,0,1,1,0,7,5,2,186,90,96
KENDALL COUNTY,259,7 Years,568,276,292,363,176,187,1,1,0,1,0,1,5,5,0,198,94,104
KENDALL COUNTY,259,8 Years,533,263,270,335,164,171,1,1,0,2,2,0,8,4,4,187,92,95
KENDALL COUNTY,259,9 Years,589,304,285,369,192,177,1,1,0,2,1,1,4,2,2,213,108,105
KENDALL COUNTY,259,10 Years,558,287,271,367,193,174,1,1,0,0,0,0,6,2,4,184,91,93
KENDALL COUNTY,259,11 Years,605,295,310,398,192,206,2,1,1,1,0,1,6,2,4,198,100,98
KENDALL COUNTY,259,12 Years,650,306,344,411,193,218,1,0,1,3,0,3,14,4,10,221,109,112
KENDALL COUNTY,259,13 Years,634,329,305,439,217,222,2,1,1,1,0,1,11,7,4,181,104,77
KENDALL COUNTY,259,14 Years,618,308,310,424,209,215,4,1,3,1,0,1,4,2,2,185,96,89
KENDALL COUNTY,259,15 Years,648,352,296,430,225,205,2,1,1,6,2,4,10,4,6,200,120,80
KENDALL COUNTY,259,16 Years,646,351,295,427,225,202,1,1,0,2,1,1,12,6,6,204,118,86
KENDALL COUNTY,259,17 Years,638,329,309,435,222,213,2,1,1,3,1,2,8,4,4,190,101,89
KENDALL COUNTY,259,18 Years,573,324,249,378,207,171,3,2,1,2,1,1,10,7,3,180,107,73
KENDALL COUNTY,259,19 Years,501,280,221,323,183,140,4,2,2,11,1,10,13,6,7,150,88,62
KENDALL COUNTY,259,20 Years,480,265,215,290,164,126,4,2,2,14,1,13,12,6,6,160,92,68
KENDALL COUNTY,259,21 Years,513,284,229,323,176,147,4,2,2,6,2,4,10,6,4,170,98,72
KENDALL COUNTY,259,22 Years,502,248,254,321,164,157,6,3,3,7,2,5,10,6,4,158,73,85
KENDALL COUNTY,259,23 Years,482,232,250,312,149,163,2,1,1,5,3,2,10,6,4,153,73,80
KENDALL COUNTY,259,24 Years,537,253,284,349,170,179,5,3,2,3,1,2,8,5,3,172,74,98
KENDALL COUNTY,259,25 Years,540,250,290,370,181,189,2,2,0,5,2,3,6,3,3,157,62,95
KENDALL COUNTY,259,26 Years,531,256,275,345,164,181,1,1,0,2,2,0,7,4,3,176,85,91
KENDALL COUNTY,259,27 Years,478,245,233,324,173,151,1,0,1,1,1,0,4,3,1,148,68,80
KENDALL COUNTY,259,28 Years,477,249,228,321,178,143,0,0,0,3,3,0,8,4,4,145,64,81
KENDALL COUNTY,259,29 Years,477,226,251,320,147,173,2,2,0,3,1,2,6,4,2,146,72,74
KENDALL COUNTY,259,30 Years,454,217,237,280,140,140,2,2,0,1,0,1,6,4,2,165,71,94
KENDALL COUNTY,259,31 Years,501,257,244,335,182,153,1,1,0,1,1,0,4,3,1,160,70,90
KENDALL COUNTY,259,32 Years,477,247,230,303,148,155,1,0,1,3,2,1,2,2,0,168,95,73
KENDALL COUNTY,259,33 Years,462,226,236,298,144,154,0,0,0,2,1,1,0,0,0,162,81,81
KENDALL COUNTY,259,34 Years,487,238,249,324,159,165,1,1,0,3,2,1,1,0,1,158,76,82
KENDALL COUNTY,259,35 Years,476,233,243,319,153,166,0,0,0,3,1,2,4,1,3,150,78,72
KENDALL COUNTY,259,36 Years,495,248,247,313,157,156,0,0,0,1,0,1,4,1,3,177,90,87
KENDALL COUNTY,259,37 Years,468,228,240,311,148,163,0,0,0,1,0,1,3,2,1,153,78,75
KENDALL COUNTY,259,38 Years,482,222,260,308,140,168,3,0,3,4,2,2,5,2,3,162,78,84
KENDALL COUNTY,259,39 Years,483,229,254,324,147,177,3,2,1,1,0,1,6,4,2,149,76,73
KENDALL COUNTY,259,40 Years,497,258,239,334,172,162,2,1,1,0,0,0,6,3,3,155,82,73
KENDALL COUNTY,259,41 Years,521,288,233,341,185,156,0,0,0,3,1,2,4,3,1,173,99,74
KENDALL COUNTY,259,42 Years,539,280,259,373,190,183,2,2,0,3,0,3,6,4,2,155,84,71
KENDALL COUNTY,259,43 Years,513,262,251,368,190,178,1,1,0,4,2,2,4,2,2,136,67,69
KENDALL COUNTY,259,44 Years,520,259,261,359,179,180,1,1,0,2,1,1,3,2,1,155,76,79
KENDALL COUNTY,259,45 Years,551,278,273,393,192,201,0,0,0,3,0,3,7,3,4,148,83,65
KENDALL COUNTY,259,46 Years,585,264,321,443,197,246,3,1,2,3,0,3,7,3,4,129,63,66
KENDALL COUNTY,259,47 Years,554,258,296,422,199,223,2,1,1,15,4,11,4,3,1,111,51,60
KENDALL COUNTY,259,48 Years,523,259,264,410,205,205,2,2,0,6,1,5,5,3,2,100,48,52
KENDALL COUNTY,259,49 Years,538,247,291,395,179,216,3,2,1,3,0,3,9,6,3,128,60,68
KENDALL COUNTY,259,50 Years,563,269,294,414,202,212,1,1,0,7,4,3,8,4,4,133,58,75
KENDALL COUNTY,259,51 Years,547,281,266,407,213,194,1,1,0,4,3,1,7,2,5,128,62,66
KENDALL COUNTY,259,52 Years,633,304,329,484,237,247,2,1,1,3,1,2,7,3,4,137,62,75
KENDALL COUNTY,259,53 Years,659,327,332,490,243,247,2,2,0,6,4,2,9,4,5,152,74,78
KENDALL COUNTY,259,54 Years,634,311,323,503,247,256,3,2,1,5,1,4,11,5,6,112,56,56
KENDALL COUNTY,259,55 Years,668,305,363,523,237,286,4,2,2,3,0,3,7,3,4,131,63,68
KENDALL COUNTY,259,56 Years,657,308,349,520,241,279,3,1,2,2,0,2,8,3,5,124,63,61
KENDALL COUNTY,259,57 Years,647,305,342,510,242,268,2,0,2,3,0,3,8,4,4,124,59,65
KENDALL COUNTY,259,58 Years,616,290,326,510,243,267,2,1,1,4,1,3,9,5,4,91,40,51
KENDALL COUNTY,259,59 Years,625,303,322,518,239,279,3,3,0,4,3,1,8,5,3,92,53,39
KENDALL COUNTY,259,60 Years,634,312,322,521,256,265,4,1,3,3,1,2,8,5,3,98,49,49
KENDALL COUNTY,259,61 Years,572,262,310,475,213,262,2,1,1,1,0,1,8,3,5,86,45,41
KENDALL COUNTY,259,62 Years,602,273,329,514,229,285,2,1,1,2,1,1,12,8,4,72,34,38
KENDALL COUNTY,259,63 Years,634,308,326,541,258,283,1,1,0,1,1,0,11,7,4,80,41,39
KENDALL COUNTY,259,64 Years,592,289,303,503,242,261,3,2,1,2,2,0,6,3,3,78,40,38
KENDALL COUNTY,259,65 Years,565,262,303,480,217,263,3,3,0,4,1,3,6,5,1,72,36,36
KENDALL COUNTY,259,66 Years,597,286,311,509,235,274,7,6,1,2,0,2,5,2,3,74,43,31
KENDALL COUNTY,259,67 Years,589,279,310,499,231,268,4,3,1,2,0,2,7,2,5,77,43,34
KENDALL COUNTY,259,68 Years,564,279,285,478,238,240,4,3,1,1,0,1,6,2,4,75,36,39
KENDALL COUNTY,259,69 Years,579,286,293,496,244,252,3,2,1,1,1,0,6,2,4,73,37,36
KENDALL COUNTY,259,70 Years,606,289,317,534,258,276,2,2,0,1,0,1,7,2,5,62,27,35
KENDALL COUNTY,259,71 Years,485,238,247,427,208,219,3,2,1,0,0,0,6,3,3,49,25,24
KENDALL COUNTY,259,72 Years,458,220,238,401,189,212,0,0,0,2,1,1,10,6,4,45,24,21
KENDALL COUNTY,259,73 Years,438,212,226,394,197,197,0,0,0,2,1,1,7,2,5,35,12,23
KENDALL COUNTY,259,74 Years,416,195,221,369,174,195,2,2,0,3,1,2,7,3,4,35,15,20
KENDALL COUNTY,259,75 Years,377,181,196,321,157,164,0,0,0,2,1,1,6,3,3,48,20,28
KENDALL COUNTY,259,76 Years,337,146,191,289,129,160,0,0,0,1,0,1,2,1,1,45,16,29
KENDALL COUNTY,259,77 Years,294,122,172,250,105,145,1,0,1,2,1,1,1,1,0,40,15,25
KENDALL COUNTY,259,78 Years,294,140,154,264,126,138,1,0,1,1,1,0,2,2,0,26,11,15
KENDALL COUNTY,259,79 Years,260,138,122,230,118,112,1,0,1,2,1,1,2,1,1,25,18,7
KENDALL COUNTY,259,80 Years,255,122,133,227,108,119,0,0,0,1,0,1,5,2,3,22,12,10
KENDALL COUNTY,259,81 Years,235,102,133,212,89,123,0,0,0,2,2,0,5,2,3,16,9,7
KENDALL COUNTY,259,82 Years,205,88,117,179,81,98,0,0,0,3,1,2,3,1,2,20,5,15
KENDALL COUNTY,259,83 Years,203,95,108,171,82,89,0,0,0,1,0,1,6,2,4,25,11,14
KENDALL COUNTY,259,84 Years,192,76,116,166,63,103,0,0,0,2,0,2,5,3,2,19,10,9
KENDALL COUNTY,259,85 Years,154,72,82,140,64,76,0,0,0,0,0,0,2,1,1,12,7,5
KENDALL COUNTY,259,86 Years,136,53,83,124,47,77,0,0,0,0,0,0,1,0,1,11,6,5
KENDALL COUNTY,259,87 Years,139,45,94,125,42,83,1,0,1,0,0,0,1,0,1,12,3,9
KENDALL COUNTY,259,88 Years,137,38,99,124,34,90,0,0,0,0,0,0,2,1,1,11,3,8
KENDALL COUNTY,259,89 Years,117,38,79,104,35,69,0,0,0,0,0,0,1,0,1,12,3,9
KENDALL COUNTY,259,90 Years,97,32,65,88,29,59,0,0,0,0,0,0,1,1,0,8,2,6
KENDALL COUNTY,259,91 Years,77,20,57,70,17,53,0,0,0,0,0,0,1,0,1,6,3,3
KENDALL COUNTY,259,92 Years,60,20,40,50,15,35,0,0,0,1,0,1,1,1,0,8,4,4
KENDALL COUNTY,259,93 Years,58,14,44,49,12,37,0,0,0,1,0,1,1,0,1,7,2,5
KENDALL COUNTY,259,94 Years,43,13,30,38,11,27,0,0,0,0,0,0,0,0,0,5,2,3
KENDALL COUNTY,259,95 Years +,124,30,94,109,24,85,1,0,1,0,0,0,0,0,0,14,6,8
KENEDY COUNTY,261,All Ages,420,206,214,86,36,50,1,0,1,1,1,0,12,5,7,320,164,156
KENEDY COUNTY,261,< 1 Year,5,4,1,0,0,0,0,0,0,0,0,0,0,0,0,5,4,1
KENEDY COUNTY,261,1 Years,4,3,1,0,0,0,0,0,0,0,0,0,0,0,0,4,3,1
KENEDY COUNTY,261,2 Years,4,3,1,0,0,0,0,0,0,0,0,0,0,0,0,4,3,1
KENEDY COUNTY,261,3 Years,5,2,3,0,0,0,0,0,0,0,0,0,0,0,0,5,2,3
KENEDY COUNTY,261,4 Years,6,2,4,0,0,0,0,0,0,0,0,0,0,0,0,6,2,4
KENEDY COUNTY,261,5 Years,7,4,3,2,2,0,0,0,0,0,0,0,0,0,0,5,2,3
KENEDY COUNTY,261,6 Years,5,3,2,3,2,1,0,0,0,0,0,0,0,0,0,2,1,1
KENEDY COUNTY,261,7 Years,10,5,5,4,1,3,0,0,0,0,0,0,1,1,0,5,3,2
KENEDY COUNTY,261,8 Years,6,3,3,2,0,2,0,0,0,0,0,0,1,1,0,3,2,1
KENEDY COUNTY,261,9 Years,5,3,2,1,0,1,0,0,0,0,0,0,1,0,1,3,3,0
KENEDY COUNTY,261,10 Years,4,3,1,0,0,0,0,0,0,0,0,0,1,0,1,3,3,0
KENEDY COUNTY,261,11 Years,3,2,1,0,0,0,0,0,0,0,0,0,0,0,0,3,2,1
KENEDY COUNTY,261,12 Years,4,1,3,0,0,0,0,0,0,0,0,0,0,0,0,4,1,3
KENEDY COUNTY,261,13 Years,3,1,2,0,0,0,0,0,0,0,0,0,0,0,0,3,1,2
KENEDY COUNTY,261,14 Years,3,2,1,0,0,0,0,0,0,0,0,0,0,0,0,3,2,1
KENEDY COUNTY,261,15 Years,4,3,1,1,1,0,0,0,0,0,0,0,0,0,0,3,2,1
KENEDY COUNTY,261,16 Years,5,3,2,2,1,1,0,0,0,0,0,0,0,0,0,3,2,1
KENEDY COUNTY,261,17 Years,5,3,2,1,0,1,0,0,0,0,0,0,0,0,0,4,3,1
KENEDY COUNTY,261,18 Years,7,4,3,2,1,1,0,0,0,0,0,0,0,0,0,5,3,2
KENEDY COUNTY,261,19 Years,6,2,4,0,0,0,0,0,0,0,0,0,0,0,0,6,2,4
KENEDY COUNTY,261,20 Years,7,3,4,0,0,0,0,0,0,0,0,0,1,0,1,6,3,3
KENEDY COUNTY,261,21 Years,4,2,2,1,0,1,0,0,0,0,0,0,0,0,0,3,2,1
KENEDY COUNTY,261,22 Years,4,3,1,0,0,0,0,0,0,0,0,0,1,1,0,3,2,1
KENEDY COUNTY,261,23 Years,6,4,2,0,0,0,0,0,0,0,0,0,1,1,0,5,3,2
KENEDY COUNTY,261,24 Years,10,4,6,3,0,3,0,0,0,0,0,0,1,0,1,6,4,2
KENEDY COUNTY,261,25 Years,6,2,4,1,0,1,0,0,0,0,0,0,0,0,0,5,2,3
KENEDY COUNTY,261,26 Years,2,1,1,0,0,0,0,0,0,0,0,0,0,0,0,2,1,1
KENEDY COUNTY,261,27 Years,4,1,3,1,1,0,0,0,0,0,0,0,0,0,0,3,0,3
KENEDY COUNTY,261,28 Years,5,1,4,1,1,0,1,0,1,0,0,0,0,0,0,3,0,3
KENEDY COUNTY,261,29 Years,4,2,2,1,0,1,0,0,0,0,0,0,0,0,0,3,2,1
KENEDY COUNTY,261,30 Years,11,7,4,1,1,0,0,0,0,0,0,0,0,0,0,10,6,4
KENEDY COUNTY,261,31 Years,7,4,3,2,0,2,0,0,0,0,0,0,1,1,0,4,3,1
KENEDY COUNTY,261,32 Years,4,2,2,2,0,2,0,0,0,0,0,0,0,0,0,2,2,0
KENEDY COUNTY,261,33 Years,5,3,2,2,1,1,0,0,0,0,0,0,0,0,0,3,2,1
KENEDY COUNTY,261,34 Years,2,1,1,2,1,1,0,0,0,0,0,0,0,0,0,0,0,0
KENEDY COUNTY,261,35 Years,5,2,3,1,0,1,0,0,0,0,0,0,0,0,0,4,2,2
KENEDY COUNTY,261,36 Years,8,3,5,2,1,1,0,0,0,0,0,0,0,0,0,6,2,4
KENEDY COUNTY,261,37 Years,4,2,2,1,1,0,0,0,0,0,0,0,0,0,0,3,1,2
KENEDY COUNTY,261,38 Years,3,0,3,0,0,0,0,0,0,0,0,0,0,0,0,3,0,3
KENEDY COUNTY,261,39 Years,4,2,2,2,1,1,0,0,0,0,0,0,0,0,0,2,1,1
KENEDY COUNTY,261,40 Years,3,2,1,2,1,1,0,0,0,0,0,0,0,0,0,1,1,0
KENEDY COUNTY,261,41 Years,2,1,1,1,0,1,0,0,0,0,0,0,0,0,0,1,1,0
KENEDY COUNTY,261,42 Years,2,2,0,1,1,0,0,0,0,0,0,0,0,0,0,1,1,0
KENEDY COUNTY,261,43 Years,3,2,1,1,0,1,0,0,0,0,0,0,0,0,0,2,2,0
KENEDY COUNTY,261,44 Years,3,0,3,1,0,1,0,0,0,0,0,0,0,0,0,2,0,2
KENEDY COUNTY,261,45 Years,2,1,1,1,1,0,0,0,0,0,0,0,0,0,0,1,0,1
KENEDY COUNTY,261,46 Years,4,2,2,1,1,0,0,0,0,1,1,0,0,0,0,2,0,2
KENEDY COUNTY,261,47 Years,4,2,2,1,1,0,0,0,0,0,0,0,0,0,0,3,1,2
KENEDY COUNTY,261,48 Years,5,2,3,1,0,1,0,0,0,0,0,0,0,0,0,4,2,2
KENEDY COUNTY,261,49 Years,6,3,3,0,0,0,0,0,0,0,0,0,0,0,0,6,3,3
KENEDY COUNTY,261,50 Years,9,4,5,1,1,0,0,0,0,0,0,0,0,0,0,8,3,5
KENEDY COUNTY,261,51 Years,4,3,1,1,1,0,0,0,0,0,0,0,0,0,0,3,2,1
KENEDY COUNTY,261,52 Years,4,1,3,0,0,0,0,0,0,0,0,0,0,0,0,4,1,3
KENEDY COUNTY,261,53 Years,9,4,5,2,0,2,0,0,0,0,0,0,1,0,1,6,4,2
KENEDY COUNTY,261,54 Years,5,2,3,2,0,2,0,0,0,0,0,0,0,0,0,3,2,1
KENEDY COUNTY,261,55 Years,6,3,3,0,0,0,0,0,0,0,0,0,0,0,0,6,3,3
KENEDY COUNTY,261,56 Years,5,3,2,1,1,0,0,0,0,0,0,0,0,0,0,4,2,2
KENEDY COUNTY,261,57 Years,5,4,1,1,1,0,0,0,0,0,0,0,0,0,0,4,3,1
KENEDY COUNTY,261,58 Years,7,3,4,1,0,1,0,0,0,0,0,0,0,0,0,6,3,3
KENEDY COUNTY,261,59 Years,6,3,3,0,0,0,0,0,0,0,0,0,0,0,0,6,3,3
KENEDY COUNTY,261,60 Years,4,1,3,1,0,1,0,0,0,0,0,0,0,0,0,3,1,2
KENEDY COUNTY,261,61 Years,7,4,3,3,1,2,0,0,0,0,0,0,0,0,0,4,3,1
KENEDY COUNTY,261,62 Years,5,3,2,2,1,1,0,0,0,0,0,0,0,0,0,3,2,1
KENEDY COUNTY,261,63 Years,7,4,3,1,0,1,0,0,0,0,0,0,0,0,0,6,4,2
KENEDY COUNTY,261,64 Years,7,4,3,1,0,1,0,0,0,0,0,0,0,0,0,6,4,2
KENEDY COUNTY,261,65 Years,5,3,2,2,1,1,0,0,0,0,0,0,0,0,0,3,2,1
KENEDY COUNTY,261,66 Years,1,1,0,1,1,0,0,0,0,0,0,0,0,0,0,0,0,0
KENEDY COUNTY,261,67 Years,3,2,1,1,0,1,0,0,0,0,0,0,0,0,0,2,2,0
KENEDY COUNTY,261,68 Years,5,4,1,1,1,0,0,0,0,0,0,0,0,0,0,4,3,1
KENEDY COUNTY,261,69 Years,6,2,4,0,0,0,0,0,0,0,0,0,0,0,0,6,2,4
KENEDY COUNTY,261,70 Years,10,3,7,2,1,1,0,0,0,0,0,0,0,0,0,8,2,6
KENEDY COUNTY,261,71 Years,7,2,5,1,0,1,0,0,0,0,0,0,0,0,0,6,2,4
KENEDY COUNTY,261,72 Years,2,1,1,0,0,0,0,0,0,0,0,0,0,0,0,2,1,1
KENEDY COUNTY,261,73 Years,3,2,1,1,1,0,0,0,0,0,0,0,0,0,0,2,1,1
KENEDY COUNTY,261,74 Years,1,0,1,0,0,0,0,0,0,0,0,0,0,0,0,1,0,1
KENEDY COUNTY,261,75 Years,2,2,0,0,0,0,0,0,0,0,0,0,0,0,0,2,2,0
KENEDY COUNTY,261,76 Years,3,0,3,0,0,0,0,0,0,0,0,0,0,0,0,3,0,3
KENEDY COUNTY,261,77 Years,3,1,2,0,0,0,0,0,0,0,0,0,0,0,0,3,1,2
KENEDY COUNTY,261,78 Years,3,1,2,0,0,0,0,0,0,0,0,0,0,0,0,3,1,2
KENEDY COUNTY,261,79 Years,2,1,1,0,0,0,0,0,0,0,0,0,0,0,0,2,1,1
KENEDY COUNTY,261,80 Years,5,5,0,2,2,0,0,0,0,0,0,0,0,0,0,3,3,0
KENEDY COUNTY,261,81 Years,1,1,0,0,0,0,0,0,0,0,0,0,0,0,0,1,1,0
KENEDY COUNTY,261,82 Years,2,0,2,1,0,1,0,0,0,0,0,0,0,0,0,1,0,1
KENEDY COUNTY,261,83 Years,2,1,1,0,0,0,0,0,0,0,0,0,0,0,0,2,1,1
KENEDY COUNTY,261,84 Years,0,0,0,0,0,0,0,0,0,0,0,0,0,0,0,0,0,0
KENEDY COUNTY,261,85 Years,2,0,2,0,0,0,0,0,0,0,0,0,1,0,1,1,0,1
KENEDY COUNTY,261,86 Years,3,1,2,1,1,0,0,0,0,0,0,0,1,0,1,1,0,1
KENEDY COUNTY,261,87 Years,2,0,2,1,0,1,0,0,0,0,0,0,0,0,0,1,0,1
KENEDY COUNTY,261,88 Years,2,0,2,0,0,0,0,0,0,0,0,0,0,0,0,2,0,2
KENEDY COUNTY,261,89 Years,3,2,1,1,1,0,0,0,0,0,0,0,0,0,0,2,1,1
KENEDY COUNTY,261,90 Years,3,1,2,0,0,0,0,0,0,0,0,0,0,0,0,3,1,2
KENEDY COUNTY,261,91 Years,3,1,2,1,0,1,0,0,0,0,0,0,0,0,0,2,1,1
KENEDY COUNTY,261,92 Years,0,0,0,0,0,0,0,0,0,0,0,0,0,0,0,0,0,0
KENEDY COUNTY,261,93 Years,2,0,2,1,0,1,0,0,0,0,0,0,0,0,0,1,0,1
KENEDY COUNTY,261,94 Years,2,0,2,1,0,1,0,0,0,0,0,0,0,0,0,1,0,1
KENEDY COUNTY,261,95 Years +,2,1,1,0,0,0,0,0,0,0,0,0,0,0,0,2,1,1
KENT COUNTY,263,All Ages,777,375,402,632,299,333,8,3,5,0,0,0,13,7,6,124,66,58
KENT COUNTY,263,< 1 Year,6,1,5,6,1,5,0,0,0,0,0,0,0,0,0,0,0,0
KENT COUNTY,263,1 Years,6,3,3,6,3,3,0,0,0,0,0,0,0,0,0,0,0,0
KENT COUNTY,263,2 Years,8,4,4,8,4,4,0,0,0,0,0,0,0,0,0,0,0,0
KENT COUNTY,263,3 Years,10,6,4,10,6,4,0,0,0,0,0,0,0,0,0,0,0,0
KENT COUNTY,263,4 Years,10,5,5,7,3,4,0,0,0,0,0,0,0,0,0,3,2,1
KENT COUNTY,263,5 Years,9,5,4,5,2,3,0,0,0,0,0,0,0,0,0,4,3,1
KENT COUNTY,263,6 Years,6,3,3,4,2,2,0,0,0,0,0,0,0,0,0,2,1,1
KENT COUNTY,263,7 Years,9,4,5,6,3,3,1,1,0,0,0,0,0,0,0,2,0,2
KENT COUNTY,263,8 Years,9,6,3,5,3,2,1,1,0,0,0,0,0,0,0,3,2,1
KENT COUNTY,263,9 Years,8,5,3,6,4,2,0,0,0,0,0,0,0,0,0,2,1,1
KENT COUNTY,263,10 Years,7,5,2,5,3,2,0,0,0,0,0,0,0,0,0,2,2,0
KENT COUNTY,263,11 Years,6,3,3,3,2,1,0,0,0,0,0,0,0,0,0,3,1,2
KENT COUNTY,263,12 Years,7,5,2,5,4,1,0,0,0,0,0,0,0,0,0,2,1,1
KENT COUNTY,263,13 Years,11,6,5,8,3,5,0,0,0,0,0,0,0,0,0,3,3,0
KENT COUNTY,263,14 Years,10,5,5,8,3,5,0,0,0,0,0,0,0,0,0,2,2,0
KENT COUNTY,263,15 Years,15,9,6,11,7,4,0,0,0,0,0,0,0,0,0,4,2,2
KENT COUNTY,263,16 Years,11,5,6,7,3,4,0,0,0,0,0,0,0,0,0,4,2,2
KENT COUNTY,263,17 Years,8,4,4,4,2,2,0,0,0,0,0,0,0,0,0,4,2,2
KENT COUNTY,263,18 Years,9,4,5,5,2,3,0,0,0,0,0,0,0,0,0,4,2,2
KENT COUNTY,263,19 Years,8,3,5,5,2,3,0,0,0,0,0,0,0,0,0,3,1,2
KENT COUNTY,263,20 Years,8,2,6,5,2,3,0,0,0,0,0,0,1,0,1,2,0,2
KENT COUNTY,263,21 Years,10,4,6,7,3,4,0,0,0,0,0,0,1,1,0,2,0,2
KENT COUNTY,263,22 Years,8,3,5,6,2,4,0,0,0,0,0,0,0,0,0,2,1,1
KENT COUNTY,263,23 Years,7,4,3,5,2,3,0,0,0,0,0,0,0,0,0,2,2,0
KENT COUNTY,263,24 Years,7,2,5,5,1,4,1,1,0,0,0,0,0,0,0,1,0,1
KENT COUNTY,263,25 Years,8,4,4,5,2,3,0,0,0,0,0,0,0,0,0,3,2,1
KENT COUNTY,263,26 Years,7,4,3,6,3,3,0,0,0,0,0,0,0,0,0,1,1,0
KENT COUNTY,263,27 Years,4,1,3,3,1,2,0,0,0,0,0,0,0,0,0,1,0,1
KENT COUNTY,263,28 Years,3,2,1,2,2,0,0,0,0,0,0,0,0,0,0,1,0,1
KENT COUNTY,263,29 Years,5,2,3,5,2,3,0,0,0,0,0,0,0,0,0,0,0,0
KENT COUNTY,263,30 Years,5,1,4,4,1,3,0,0,0,0,0,0,0,0,0,1,0,1
KENT COUNTY,263,31 Years,6,3,3,5,2,3,0,0,0,0,0,0,1,1,0,0,0,0
KENT COUNTY,263,32 Years,7,5,2,7,5,2,0,0,0,0,0,0,0,0,0,0,0,0
KENT COUNTY,263,33 Years,5,3,2,4,2,2,0,0,0,0,0,0,0,0,0,1,1,0
KENT COUNTY,263,34 Years,7,1,6,7,1,6,0,0,0,0,0,0,0,0,0,0,0,0
KENT COUNTY,263,35 Years,5,1,4,5,1,4,0,0,0,0,0,0,0,0,0,0,0,0
KENT COUNTY,263,36 Years,8,1,7,7,1,6,0,0,0,0,0,0,0,0,0,1,0,1
KENT COUNTY,263,37 Years,9,6,3,6,4,2,0,0,0,0,0,0,0,0,0,3,2,1
KENT COUNTY,263,38 Years,6,5,1,4,3,1,0,0,0,0,0,0,1,1,0,1,1,0
KENT COUNTY,263,39 Years,3,3,0,2,2,0,0,0,0,0,0,0,0,0,0,1,1,0
KENT COUNTY,263,40 Years,3,2,1,2,1,1,0,0,0,0,0,0,0,0,0,1,1,0
KENT COUNTY,263,41 Years,7,2,5,4,2,2,2,0,2,0,0,0,1,0,1,0,0,0
KENT COUNTY,263,42 Years,8,4,4,6,4,2,0,0,0,0,0,0,0,0,0,2,0,2
KENT COUNTY,263,43 Years,6,4,2,5,3,2,0,0,0,0,0,0,0,0,0,1,1,0
KENT COUNTY,263,44 Years,7,4,3,5,2,3,0,0,0,0,0,0,0,0,0,2,2,0
KENT COUNTY,263,45 Years,9,3,6,7,2,5,0,0,0,0,0,0,0,0,0,2,1,1
KENT COUNTY,263,46 Years,8,4,4,7,3,4,0,0,0,0,0,0,0,0,0,1,1,0
KENT COUNTY,263,47 Years,5,3,2,3,1,2,0,0,0,0,0,0,0,0,0,2,2,0
KENT COUNTY,263,48 Years,8,5,3,5,3,2,0,0,0,0,0,0,0,0,0,3,2,1
KENT COUNTY,263,49 Years,6,2,4,4,1,3,0,0,0,0,0,0,1,1,0,1,0,1
KENT COUNTY,263,50 Years,11,5,6,10,4,6,0,0,0,0,0,0,1,1,0,0,0,0
KENT COUNTY,263,51 Years,13,6,7,11,6,5,0,0,0,0,0,0,0,0,0,2,0,2
KENT COUNTY,263,52 Years,14,6,8,10,3,7,0,0,0,0,0,0,0,0,0,4,3,1
KENT COUNTY,263,53 Years,11,7,4,9,6,3,0,0,0,0,0,0,0,0,0,2,1,1
KENT COUNTY,263,54 Years,9,8,1,8,7,1,0,0,0,0,0,0,0,0,0,1,1,0
KENT COUNTY,263,55 Years,8,2,6,7,2,5,0,0,0,0,0,0,0,0,0,1,0,1
KENT COUNTY,263,56 Years,11,6,5,11,6,5,0,0,0,0,0,0,0,0,0,0,0,0
KENT COUNTY,263,57 Years,14,7,7,13,7,6,0,0,0,0,0,0,0,0,0,1,0,1
KENT COUNTY,263,58 Years,9,4,5,8,3,5,0,0,0,0,0,0,0,0,0,1,1,0
KENT COUNTY,263,59 Years,17,10,7,15,8,7,0,0,0,0,0,0,0,0,0,2,2,0
KENT COUNTY,263,60 Years,16,11,5,13,9,4,0,0,0,0,0,0,0,0,0,3,2,1
KENT COUNTY,263,61 Years,11,7,4,10,6,4,0,0,0,0,0,0,0,0,0,1,1,0
KENT COUNTY,263,62 Years,11,6,5,11,6,5,0,0,0,0,0,0,0,0,0,0,0,0
KENT COUNTY,263,63 Years,9,3,6,9,3,6,0,0,0,0,0,0,0,0,0,0,0,0
KENT COUNTY,263,64 Years,10,4,6,10,4,6,0,0,0,0,0,0,0,0,0,0,0,0
KENT COUNTY,263,65 Years,7,2,5,6,2,4,0,0,0,0,0,0,0,0,0,1,0,1
KENT COUNTY,263,66 Years,5,3,2,5,3,2,0,0,0,0,0,0,0,0,0,0,0,0
KENT COUNTY,263,67 Years,10,5,5,10,5,5,0,0,0,0,0,0,0,0,0,0,0,0
KENT COUNTY,263,68 Years,8,4,4,7,4,3,0,0,0,0,0,0,0,0,0,1,0,1
KENT COUNTY,263,69 Years,20,9,11,18,9,9,0,0,0,0,0,0,1,0,1,1,0,1
KENT COUNTY,263,70 Years,18,8,10,15,8,7,0,0,0,0,0,0,1,0,1,2,0,2
KENT COUNTY,263,71 Years,11,6,5,9,5,4,0,0,0,0,0,0,0,0,0,2,1,1
KENT COUNTY,263,72 Years,8,4,4,8,4,4,0,0,0,0,0,0,0,0,0,0,0,0
KENT COUNTY,263,73 Years,9,4,5,8,4,4,0,0,0,0,0,0,0,0,0,1,0,1
KENT COUNTY,263,74 Years,8,4,4,7,4,3,0,0,0,0,0,0,0,0,0,1,0,1
KENT COUNTY,263,75 Years,9,3,6,8,3,5,0,0,0,0,0,0,1,0,1,0,0,0
KENT COUNTY,263,76 Years,9,6,3,7,4,3,0,0,0,0,0,0,0,0,0,2,2,0
KENT COUNTY,263,77 Years,11,4,7,9,2,7,0,0,0,0,0,0,0,0,0,2,2,0
KENT COUNTY,263,78 Years,16,4,12,13,4,9,2,0,2,0,0,0,0,0,0,1,0,1
KENT COUNTY,263,79 Years,6,3,3,5,3,2,1,0,1,0,0,0,0,0,0,0,0,0
KENT COUNTY,263,80 Years,6,3,3,4,1,3,0,0,0,0,0,0,1,1,0,1,1,0
KENT COUNTY,263,81 Years,4,2,2,3,1,2,0,0,0,0,0,0,1,1,0,0,0,0
KENT COUNTY,263,82 Years,5,3,2,5,3,2,0,0,0,0,0,0,0,0,0,0,0,0
KENT COUNTY,263,83 Years,6,2,4,4,2,2,0,0,0,0,0,0,0,0,0,2,0,2
KENT COUNTY,263,84 Years,6,1,5,4,0,4,0,0,0,0,0,0,0,0,0,2,1,1
KENT COUNTY,263,85 Years,6,2,4,5,2,3,0,0,0,0,0,0,0,0,0,1,0,1
KENT COUNTY,263,86 Years,8,4,4,8,4,4,0,0,0,0,0,0,0,0,0,0,0,0
KENT COUNTY,263,87 Years,5,1,4,5,1,4,0,0,0,0,0,0,0,0,0,0,0,0
KENT COUNTY,263,88 Years,5,2,3,5,2,3,0,0,0,0,0,0,0,0,0,0,0,0
KENT COUNTY,263,89 Years,6,2,4,5,2,3,0,0,0,0,0,0,1,0,1,0,0,0
KENT COUNTY,263,90 Years,7,3,4,6,3,3,0,0,0,0,0,0,0,0,0,1,0,1
KENT COUNTY,263,91 Years,4,2,2,4,2,2,0,0,0,0,0,0,0,0,0,0,0,0
KENT COUNTY,263,92 Years,4,2,2,4,2,2,0,0,0,0,0,0,0,0,0,0,0,0
KENT COUNTY,263,93 Years,1,1,0,1,1,0,0,0,0,0,0,0,0,0,0,0,0,0
KENT COUNTY,263,94 Years,3,1,2,3,1,2,0,0,0,0,0,0,0,0,0,0,0,0
KENT COUNTY,263,95 Years +,4,2,2,4,2,2,0,0,0,0,0,0,0,0,0,0,0,0
KERR COUNTY,265,All Ages,52274,25283,26991,35574,16832,18742,799,471,328,431,194,237,903,445,458,14567,7341,7226
KERR COUNTY,265,< 1 Year,593,324,269,276,145,131,6,2,4,7,5,2,23,12,11,281,160,121
KERR COUNTY,265,1 Years,589,302,287,268,134,134,6,3,3,7,4,3,22,11,11,286,150,136
KERR COUNTY,265,2 Years,593,307,286,268,140,128,6,4,2,8,5,3,22,12,10,289,146,143
KERR COUNTY,265,3 Years,576,282,294,258,130,128,6,4,2,9,4,5,20,9,11,283,135,148
KERR COUNTY,265,4 Years,563,284,279,257,128,129,7,4,3,9,6,3,17,9,8,273,137,136
KERR COUNTY,265,5 Years,543,264,279,247,119,128,7,4,3,9,4,5,18,7,11,262,130,132
KERR COUNTY,265,6 Years,549,269,280,252,118,134,7,4,3,9,4,5,17,8,9,264,135,129
KERR COUNTY,265,7 Years,564,278,286,259,131,128,8,4,4,6,3,3,15,9,6,276,131,145
KERR COUNTY,265,8 Years,541,265,276,265,123,142,6,3,3,4,1,3,13,8,5,253,130,123
KERR COUNTY,265,9 Years,553,282,271,266,129,137,4,2,2,3,2,1,7,5,2,273,144,129
KERR COUNTY,265,10 Years,536,288,248,245,124,121,3,3,0,4,3,1,11,8,3,273,150,123
KERR COUNTY,265,11 Years,543,286,257,262,129,133,10,5,5,4,3,1,14,10,4,253,139,114
KERR COUNTY,265,12 Years,575,291,284,277,137,140,9,5,4,4,2,2,9,6,3,276,141,135
KERR COUNTY,265,13 Years,569,285,284,292,142,150,9,6,3,6,4,2,10,4,6,252,129,123
KERR COUNTY,265,14 Years,568,291,277,294,150,144,6,3,3,7,3,4,10,2,8,251,133,118
KERR COUNTY,265,15 Years,627,330,297,344,181,163,8,4,4,7,2,5,12,4,8,256,139,117
KERR COUNTY,265,16 Years,650,332,318,376,191,185,6,4,2,5,1,4,13,5,8,250,131,119
KERR COUNTY,265,17 Years,636,323,313,341,180,161,8,4,4,5,2,3,13,6,7,269,131,138
KERR COUNTY,265,18 Years,586,292,294,311,156,155,11,6,5,4,2,2,9,4,5,251,124,127
KERR COUNTY,265,19 Years,531,283,248,289,159,130,10,6,4,6,3,3,12,7,5,214,108,106
KERR COUNTY,265,20 Years,505,259,246,280,140,140,13,10,3,3,1,2,12,5,7,197,103,94
KERR COUNTY,265,21 Years,535,299,236,292,163,129,10,6,4,4,3,1,20,10,10,209,117,92
KERR COUNTY,265,22 Years,520,272,248,276,152,124,12,6,6,2,1,1,14,10,4,216,103,113
KERR COUNTY,265,23 Years,520,255,265,279,142,137,12,7,5,1,0,1,13,7,6,215,99,116
KERR COUNTY,265,24 Years,562,285,277,310,160,150,15,11,4,5,2,3,15,9,6,217,103,114
KERR COUNTY,265,25 Years,626,299,327,334,166,168,18,11,7,5,2,3,13,6,7,256,114,142
KERR COUNTY,265,26 Years,716,341,375,401,192,209,16,11,5,4,2,2,18,10,8,277,126,151
KERR COUNTY,265,27 Years,666,319,347,372,173,199,25,13,12,6,5,1,16,8,8,247,120,127
KERR COUNTY,265,28 Years,590,292,298,353,164,189,22,13,9,7,5,2,9,5,4,199,105,94
KERR COUNTY,265,29 Years,588,302,286,357,175,182,10,7,3,5,2,3,10,6,4,206,112,94
KERR COUNTY,265,30 Years,539,283,256,327,171,156,6,6,0,5,3,2,5,2,3,196,101,95
KERR COUNTY,265,31 Years,551,282,269,316,162,154,10,9,1,4,2,2,4,3,1,217,106,111
KERR COUNTY,265,32 Years,529,269,260,304,159,145,8,7,1,2,0,2,7,3,4,208,100,108
KERR COUNTY,265,33 Years,524,259,265,308,156,152,6,2,4,1,0,1,7,3,4,202,98,104
KERR COUNTY,265,34 Years,514,230,284,306,138,168,3,1,2,4,1,3,7,5,2,194,85,109
KERR COUNTY,265,35 Years,521,240,281,305,147,158,7,6,1,6,4,2,7,1,6,196,82,114
KERR COUNTY,265,36 Years,503,250,253,299,152,147,8,6,2,5,3,2,9,3,6,182,86,96
KERR COUNTY,265,37 Years,492,259,233,295,152,143,8,4,4,7,3,4,3,0,3,179,100,79
KERR COUNTY,265,38 Years,447,219,228,267,133,134,11,7,4,5,2,3,8,3,5,156,74,82
KERR COUNTY,265,39 Years,480,234,246,294,141,153,9,5,4,3,1,2,9,5,4,165,82,83
KERR COUNTY,265,40 Years,471,223,248,294,132,162,9,5,4,3,1,2,5,3,2,160,82,78
KERR COUNTY,265,41 Years,477,236,241,311,150,161,4,2,2,5,1,4,4,3,1,153,80,73
KERR COUNTY,265,42 Years,450,233,217,279,143,136,3,2,1,4,0,4,5,4,1,159,84,75
KERR COUNTY,265,43 Years,449,226,223,252,131,121,8,3,5,7,2,5,5,2,3,177,88,89
KERR COUNTY,265,44 Years,505,244,261,305,149,156,8,2,6,7,4,3,4,2,2,181,87,94
KERR COUNTY,265,45 Years,487,231,256,300,140,160,10,7,3,8,1,7,4,1,3,165,82,83
KERR COUNTY,265,46 Years,512,238,274,341,153,188,7,5,2,4,2,2,5,2,3,155,76,79
KERR COUNTY,265,47 Years,553,267,286,349,167,182,12,8,4,6,3,3,8,3,5,178,86,92
KERR COUNTY,265,48 Years,552,277,275,363,173,190,8,6,2,9,5,4,9,4,5,163,89,74
KERR COUNTY,265,49 Years,532,268,264,352,172,180,10,8,2,7,4,3,9,1,8,154,83,71
KERR COUNTY,265,50 Years,571,268,303,389,184,205,12,7,5,5,2,3,12,7,5,153,68,85
KERR COUNTY,265,51 Years,566,268,298,370,169,201,15,9,6,3,2,1,10,5,5,168,83,85
KERR COUNTY,265,52 Years,623,295,328,423,200,223,13,9,4,5,1,4,8,2,6,174,83,91
KERR COUNTY,265,53 Years,649,320,329,442,206,236,9,4,5,10,1,9,11,7,4,177,102,75
KERR COUNTY,265,54 Years,696,335,361,483,220,263,13,9,4,12,3,9,11,5,6,177,98,79
KERR COUNTY,265,55 Years,698,337,361,503,241,262,14,10,4,6,3,3,14,6,8,161,77,84
KERR COUNTY,265,56 Years,775,359,416,573,253,320,14,7,7,8,7,1,16,9,7,164,83,81
KERR COUNTY,265,57 Years,802,371,431,596,271,325,13,5,8,6,3,3,17,8,9,170,84,86
KERR COUNTY,265,58 Years,790,364,426,596,266,330,15,7,8,5,4,1,17,7,10,157,80,77
KERR COUNTY,265,59 Years,832,389,443,650,297,353,14,8,6,8,4,4,8,2,6,152,78,74
KERR COUNTY,265,60 Years,793,381,412,639,297,342,17,12,5,7,4,3,9,4,5,121,64,57
KERR COUNTY,265,61 Years,770,371,399,598,285,313,17,9,8,8,3,5,8,4,4,139,70,69
KERR COUNTY,265,62 Years,760,352,408,608,270,338,10,7,3,10,4,6,9,5,4,123,66,57
KERR COUNTY,265,63 Years,771,370,401,640,298,342,6,5,1,7,4,3,9,6,3,109,57,52
KERR COUNTY,265,64 Years,811,386,425,674,312,362,7,5,2,5,3,2,14,5,9,111,61,50
KERR COUNTY,265,65 Years,794,366,428,676,307,369,8,5,3,5,4,1,11,5,6,94,45,49
KERR COUNTY,265,66 Years,798,373,425,673,317,356,6,3,3,7,2,5,8,5,3,104,46,58
KERR COUNTY,265,67 Years,782,374,408,676,324,352,8,5,3,6,2,4,6,3,3,86,40,46
KERR COUNTY,265,68 Years,811,411,400,693,352,341,10,5,5,3,2,1,6,2,4,99,50,49
KERR COUNTY,265,69 Years,839,387,452,719,329,390,9,6,3,5,1,4,10,5,5,96,46,50
KERR COUNTY,265,70 Years,851,394,457,747,344,403,11,8,3,5,0,5,11,6,5,77,36,41
KERR COUNTY,265,71 Years,699,327,372,618,283,335,7,4,3,1,0,1,9,7,2,64,33,31
KERR COUNTY,265,72 Years,656,303,353,573,254,319,6,3,3,0,0,0,9,6,3,68,40,28
KERR COUNTY,265,73 Years,678,315,363,602,274,328,8,4,4,1,0,1,5,3,2,62,34,28
KERR COUNTY,265,74 Years,649,302,347,577,260,317,6,4,2,1,0,1,6,3,3,59,35,24
KERR COUNTY,265,75 Years,589,276,313,530,242,288,4,3,1,1,1,0,10,2,8,44,28,16
KERR COUNTY,265,76 Years,576,279,297,508,243,265,8,2,6,2,1,1,9,5,4,49,28,21
KERR COUNTY,265,77 Years,558,249,309,495,220,275,7,3,4,2,1,1,12,4,8,42,21,21
KERR COUNTY,265,78 Years,496,227,269,449,206,243,4,3,1,2,0,2,6,3,3,35,15,20
KERR COUNTY,265,79 Years,481,221,260,434,206,228,5,2,3,4,1,3,8,3,5,30,9,21
KERR COUNTY,265,80 Years,461,207,254,415,190,225,5,2,3,2,1,1,9,3,6,30,11,19
KERR COUNTY,265,81 Years,382,175,207,351,163,188,4,2,2,1,0,1,3,1,2,23,9,14
KERR COUNTY,265,82 Years,366,172,194,327,154,173,6,4,2,1,0,1,7,2,5,25,12,13
KERR COUNTY,265,83 Years,326,148,178,293,131,162,5,3,2,1,0,1,5,3,2,22,11,11
KERR COUNTY,265,84 Years,302,126,176,277,115,162,4,1,3,1,0,1,4,3,1,16,7,9
KERR COUNTY,265,85 Years,271,118,153,246,108,138,2,0,2,0,0,0,6,3,3,17,7,10
KERR COUNTY,265,86 Years,262,117,145,239,106,133,2,1,1,1,0,1,4,2,2,16,8,8
KERR COUNTY,265,87 Years,230,97,133,212,87,125,3,1,2,0,0,0,1,1,0,14,8,6
KERR COUNTY,265,88 Years,213,76,137,189,65,124,5,3,2,1,0,1,3,2,1,15,6,9
KERR COUNTY,265,89 Years,181,69,112,165,62,103,2,1,1,2,1,1,2,1,1,10,4,6
KERR COUNTY,265,90 Years,157,61,96,141,55,86,2,0,2,2,1,1,1,1,0,11,4,7
KERR COUNTY,265,91 Years,129,49,80,115,43,72,2,1,1,1,0,1,1,1,0,10,4,6
KERR COUNTY,265,92 Years,110,41,69,100,36,64,3,1,2,0,0,0,1,1,0,6,3,3
KERR COUNTY,265,93 Years,93,31,62,84,28,56,1,0,1,0,0,0,1,0,1,7,3,4
KERR COUNTY,265,94 Years,72,25,47,65,22,43,0,0,0,1,0,1,2,1,1,4,2,2
KERR COUNTY,265,95 Years +,154,52,102,133,43,90,6,2,4,0,0,0,3,1,2,12,6,6
KIMBLE COUNTY,267,All Ages,4579,2267,2312,3200,1524,1676,16,13,3,18,10,8,46,27,19,1299,693,606
KIMBLE COUNTY,267,< 1 Year,48,26,22,19,12,7,0,0,0,0,0,0,0,0,0,29,14,15
KIMBLE COUNTY,267,1 Years,50,28,22,16,9,7,0,0,0,0,0,0,0,0,0,34,19,15
KIMBLE COUNTY,267,2 Years,47,26,21,17,10,7,0,0,0,0,0,0,0,0,0,30,16,14
KIMBLE COUNTY,267,3 Years,50,30,20,17,10,7,0,0,0,0,0,0,0,0,0,33,20,13
KIMBLE COUNTY,267,4 Years,51,29,22,21,11,10,0,0,0,0,0,0,0,0,0,30,18,12
KIMBLE COUNTY,267,5 Years,49,27,22,19,9,10,0,0,0,0,0,0,0,0,0,30,18,12
KIMBLE COUNTY,267,6 Years,47,24,23,17,8,9,0,0,0,0,0,0,0,0,0,30,16,14
KIMBLE COUNTY,267,7 Years,41,18,23,17,6,11,0,0,0,0,0,0,0,0,0,24,12,12
KIMBLE COUNTY,267,8 Years,41,24,17,25,15,10,0,0,0,0,0,0,0,0,0,16,9,7
KIMBLE COUNTY,267,9 Years,48,25,23,28,16,12,2,0,2,0,0,0,0,0,0,18,9,9
KIMBLE COUNTY,267,10 Years,52,34,18,26,16,10,0,0,0,0,0,0,0,0,0,26,18,8
KIMBLE COUNTY,267,11 Years,50,29,21,28,17,11,0,0,0,0,0,0,0,0,0,22,12,10
KIMBLE COUNTY,267,12 Years,42,21,21,23,12,11,0,0,0,0,0,0,0,0,0,19,9,10
KIMBLE COUNTY,267,13 Years,37,17,20,19,9,10,0,0,0,0,0,0,0,0,0,18,8,10
KIMBLE COUNTY,267,14 Years,42,28,14,21,15,6,1,1,0,0,0,0,0,0,0,20,12,8
KIMBLE COUNTY,267,15 Years,64,29,35,39,17,22,0,0,0,0,0,0,0,0,0,25,12,13
KIMBLE COUNTY,267,16 Years,47,21,26,27,12,15,0,0,0,0,0,0,0,0,0,20,9,11
KIMBLE COUNTY,267,17 Years,40,20,20,24,13,11,0,0,0,0,0,0,0,0,0,16,7,9
KIMBLE COUNTY,267,18 Years,50,25,25,36,19,17,0,0,0,1,1,0,1,1,0,12,4,8
KIMBLE COUNTY,267,19 Years,45,22,23,27,12,15,0,0,0,0,0,0,0,0,0,18,10,8
KIMBLE COUNTY,267,20 Years,39,15,24,24,8,16,0,0,0,0,0,0,0,0,0,15,7,8
KIMBLE COUNTY,267,21 Years,45,22,23,27,15,12,0,0,0,0,0,0,0,0,0,18,7,11
KIMBLE COUNTY,267,22 Years,39,20,19,22,12,10,0,0,0,0,0,0,0,0,0,17,8,9
KIMBLE COUNTY,267,23 Years,52,29,23,34,18,16,1,1,0,0,0,0,1,1,0,16,9,7
KIMBLE COUNTY,267,24 Years,59,37,22,29,16,13,0,0,0,0,0,0,2,0,2,28,21,7
KIMBLE COUNTY,267,25 Years,58,38,20,25,16,9,0,0,0,0,0,0,0,0,0,33,22,11
KIMBLE COUNTY,267,26 Years,47,28,19,23,14,9,0,0,0,0,0,0,1,0,1,23,14,9
KIMBLE COUNTY,267,27 Years,29,14,15,17,8,9,0,0,0,0,0,0,1,0,1,11,6,5
KIMBLE COUNTY,267,28 Years,34,18,16,24,13,11,0,0,0,0,0,0,0,0,0,10,5,5
KIMBLE COUNTY,267,29 Years,36,18,18,24,13,11,0,0,0,0,0,0,0,0,0,12,5,7
KIMBLE COUNTY,267,30 Years,39,23,16,24,13,11,2,2,0,0,0,0,0,0,0,13,8,5
KIMBLE COUNTY,267,31 Years,40,19,21,27,13,14,1,1,0,0,0,0,0,0,0,12,5,7
KIMBLE COUNTY,267,32 Years,34,21,13,22,12,10,0,0,0,1,1,0,0,0,0,11,8,3
KIMBLE COUNTY,267,33 Years,32,20,12,20,11,9,0,0,0,1,1,0,0,0,0,11,8,3
KIMBLE COUNTY,267,34 Years,40,16,24,26,9,17,0,0,0,1,0,1,0,0,0,13,7,6
KIMBLE COUNTY,267,35 Years,38,19,19,22,8,14,1,1,0,0,0,0,0,0,0,15,10,5
KIMBLE COUNTY,267,36 Years,39,15,24,26,9,17,0,0,0,0,0,0,0,0,0,13,6,7
KIMBLE COUNTY,267,37 Years,40,17,23,27,9,18,0,0,0,0,0,0,0,0,0,13,8,5
KIMBLE COUNTY,267,38 Years,42,15,27,26,5,21,0,0,0,0,0,0,0,0,0,16,10,6
KIMBLE COUNTY,267,39 Years,43,23,20,25,11,14,0,0,0,0,0,0,2,2,0,16,10,6
KIMBLE COUNTY,267,40 Years,48,24,24,28,10,18,1,1,0,0,0,0,1,1,0,18,12,6
KIMBLE COUNTY,267,41 Years,42,18,24,23,8,15,1,1,0,1,0,1,1,0,1,16,9,7
KIMBLE COUNTY,267,42 Years,48,22,26,31,16,15,0,0,0,2,0,2,1,0,1,14,6,8
KIMBLE COUNTY,267,43 Years,41,16,25,23,10,13,0,0,0,1,0,1,0,0,0,17,6,11
KIMBLE COUNTY,267,44 Years,46,20,26,35,15,20,0,0,0,0,0,0,0,0,0,11,5,6
KIMBLE COUNTY,267,45 Years,54,25,29,41,23,18,1,1,0,0,0,0,0,0,0,12,1,11
KIMBLE COUNTY,267,46 Years,57,28,29,42,23,19,0,0,0,0,0,0,1,0,1,14,5,9
KIMBLE COUNTY,267,47 Years,61,31,30,45,24,21,0,0,0,1,1,0,0,0,0,15,6,9
KIMBLE COUNTY,267,48 Years,43,21,22,34,18,16,0,0,0,0,0,0,0,0,0,9,3,6
KIMBLE COUNTY,267,49 Years,49,31,18,31,17,14,0,0,0,2,2,0,0,0,0,16,12,4
KIMBLE COUNTY,267,50 Years,42,22,20,31,14,17,0,0,0,1,1,0,1,0,1,9,7,2
KIMBLE COUNTY,267,51 Years,49,23,26,33,15,18,0,0,0,0,0,0,0,0,0,16,8,8
KIMBLE COUNTY,267,52 Years,53,29,24,37,20,17,0,0,0,0,0,0,0,0,0,16,9,7
KIMBLE COUNTY,267,53 Years,60,33,27,45,24,21,0,0,0,0,0,0,0,0,0,15,9,6
KIMBLE COUNTY,267,54 Years,71,35,36,59,30,29,0,0,0,1,0,1,0,0,0,11,5,6
KIMBLE COUNTY,267,55 Years,72,41,31,59,34,25,0,0,0,0,0,0,1,0,1,12,7,5
KIMBLE COUNTY,267,56 Years,74,40,34,60,36,24,0,0,0,1,0,1,0,0,0,13,4,9
KIMBLE COUNTY,267,57 Years,73,31,42,61,25,36,0,0,0,0,0,0,0,0,0,12,6,6
KIMBLE COUNTY,267,58 Years,77,33,44,61,23,38,0,0,0,0,0,0,1,1,0,15,9,6
KIMBLE COUNTY,267,59 Years,72,38,34,60,30,30,0,0,0,0,0,0,0,0,0,12,8,4
KIMBLE COUNTY,267,60 Years,64,35,29,52,27,25,0,0,0,1,1,0,0,0,0,11,7,4
KIMBLE COUNTY,267,61 Years,65,31,34,50,24,26,3,3,0,0,0,0,1,0,1,11,4,7
KIMBLE COUNTY,267,62 Years,76,37,39,64,31,33,1,1,0,0,0,0,3,0,3,8,5,3
KIMBLE COUNTY,267,63 Years,92,45,47,70,30,40,1,0,1,1,1,0,7,5,2,13,9,4
KIMBLE COUNTY,267,64 Years,72,35,37,58,26,32,0,0,0,1,1,0,3,3,0,10,5,5
KIMBLE COUNTY,267,65 Years,77,32,45,64,25,39,0,0,0,0,0,0,1,1,0,12,6,6
KIMBLE COUNTY,267,66 Years,82,33,49,69,24,45,0,0,0,0,0,0,1,1,0,12,8,4
KIMBLE COUNTY,267,67 Years,76,29,47,64,22,42,0,0,0,0,0,0,0,0,0,12,7,5
KIMBLE COUNTY,267,68 Years,81,40,41,69,35,34,0,0,0,0,0,0,0,0,0,12,5,7
KIMBLE COUNTY,267,69 Years,81,40,41,71,36,35,0,0,0,1,0,1,1,1,0,8,3,5
KIMBLE COUNTY,267,70 Years,77,34,43,66,30,36,0,0,0,0,0,0,2,2,0,9,2,7
KIMBLE COUNTY,267,71 Years,68,29,39,56,22,34,0,0,0,0,0,0,1,1,0,11,6,5
KIMBLE COUNTY,267,72 Years,62,27,35,53,22,31,0,0,0,0,0,0,0,0,0,9,5,4
KIMBLE COUNTY,267,73 Years,72,34,38,60,29,31,0,0,0,0,0,0,1,1,0,11,4,7
KIMBLE COUNTY,267,74 Years,55,24,31,50,21,29,0,0,0,0,0,0,0,0,0,5,3,2
KIMBLE COUNTY,267,75 Years,49,20,29,40,16,24,0,0,0,0,0,0,0,0,0,9,4,5
KIMBLE COUNTY,267,76 Years,51,25,26,41,18,23,0,0,0,0,0,0,1,1,0,9,6,3
KIMBLE COUNTY,267,77 Years,46,21,25,38,15,23,0,0,0,0,0,0,2,2,0,6,4,2
KIMBLE COUNTY,267,78 Years,49,25,24,43,22,21,0,0,0,0,0,0,1,1,0,5,2,3
KIMBLE COUNTY,267,79 Years,56,28,28,50,25,25,0,0,0,0,0,0,1,1,0,5,2,3
KIMBLE COUNTY,267,80 Years,46,25,21,39,22,17,0,0,0,0,0,0,2,0,2,5,3,2
KIMBLE COUNTY,267,81 Years,24,12,12,22,11,11,0,0,0,0,0,0,1,0,1,1,1,0
KIMBLE COUNTY,267,82 Years,35,16,19,32,16,16,0,0,0,0,0,0,0,0,0,3,0,3
KIMBLE COUNTY,267,83 Years,33,21,12,28,17,11,0,0,0,0,0,0,0,0,0,5,4,1
KIMBLE COUNTY,267,84 Years,21,10,11,19,9,10,0,0,0,0,0,0,0,0,0,2,1,1
KIMBLE COUNTY,267,85 Years,21,12,9,16,8,8,0,0,0,0,0,0,1,1,0,4,3,1
KIMBLE COUNTY,267,86 Years,23,8,15,18,7,11,0,0,0,0,0,0,1,0,1,4,1,3
KIMBLE COUNTY,267,87 Years,23,7,16,19,5,14,0,0,0,0,0,0,0,0,0,4,2,2
KIMBLE COUNTY,267,88 Years,17,8,9,14,7,7,0,0,0,0,0,0,0,0,0,3,1,2
KIMBLE COUNTY,267,89 Years,23,11,12,17,8,9,0,0,0,0,0,0,0,0,0,6,3,3
KIMBLE COUNTY,267,90 Years,17,5,12,13,4,9,0,0,0,0,0,0,0,0,0,4,1,3
KIMBLE COUNTY,267,91 Years,11,4,7,9,4,5,0,0,0,0,0,0,0,0,0,2,0,2
KIMBLE COUNTY,267,92 Years,7,2,5,5,2,3,0,0,0,0,0,0,0,0,0,2,0,2
KIMBLE COUNTY,267,93 Years,8,5,3,5,3,2,0,0,0,0,0,0,0,0,0,3,2,1
KIMBLE COUNTY,267,94 Years,6,4,2,5,3,2,0,0,0,0,0,0,0,0,0,1,1,0
KIMBLE COUNTY,267,95 Years +,15,2,13,12,2,10,0,0,0,0,0,0,0,0,0,3,0,3
KING COUNTY,269,All Ages,308,144,164,263,121,142,0,0,0,0,0,0,5,1,4,40,22,18
KING COUNTY,269,< 1 Year,6,3,3,6,3,3,0,0,0,0,0,0,0,0,0,0,0,0
KING COUNTY,269,1 Years,4,2,2,4,2,2,0,0,0,0,0,0,0,0,0,0,0,0
KING COUNTY,269,2 Years,3,3,0,3,3,0,0,0,0,0,0,0,0,0,0,0,0,0
KING COUNTY,269,3 Years,0,0,0,0,0,0,0,0,0,0,0,0,0,0,0,0,0,0
KING COUNTY,269,4 Years,0,0,0,0,0,0,0,0,0,0,0,0,0,0,0,0,0,0
KING COUNTY,269,5 Years,3,0,3,3,0,3,0,0,0,0,0,0,0,0,0,0,0,0
KING COUNTY,269,6 Years,5,0,5,5,0,5,0,0,0,0,0,0,0,0,0,0,0,0
KING COUNTY,269,7 Years,3,0,3,3,0,3,0,0,0,0,0,0,0,0,0,0,0,0
KING COUNTY,269,8 Years,2,0,2,2,0,2,0,0,0,0,0,0,0,0,0,0,0,0
KING COUNTY,269,9 Years,2,0,2,2,0,2,0,0,0,0,0,0,0,0,0,0,0,0
KING COUNTY,269,10 Years,1,0,1,1,0,1,0,0,0,0,0,0,0,0,0,0,0,0
KING COUNTY,269,11 Years,3,1,2,3,1,2,0,0,0,0,0,0,0,0,0,0,0,0
KING COUNTY,269,12 Years,4,1,3,4,1,3,0,0,0,0,0,0,0,0,0,0,0,0
KING COUNTY,269,13 Years,3,2,1,3,2,1,0,0,0,0,0,0,0,0,0,0,0,0
KING COUNTY,269,14 Years,4,2,2,4,2,2,0,0,0,0,0,0,0,0,0,0,0,0
KING COUNTY,269,15 Years,5,1,4,5,1,4,0,0,0,0,0,0,0,0,0,0,0,0
KING COUNTY,269,16 Years,3,1,2,3,1,2,0,0,0,0,0,0,0,0,0,0,0,0
KING COUNTY,269,17 Years,4,2,2,3,2,1,0,0,0,0,0,0,0,0,0,1,0,1
KING COUNTY,269,18 Years,5,2,3,4,2,2,0,0,0,0,0,0,0,0,0,1,0,1
KING COUNTY,269,19 Years,7,4,3,5,3,2,0,0,0,0,0,0,0,0,0,2,1,1
KING COUNTY,269,20 Years,4,1,3,2,1,1,0,0,0,0,0,0,0,0,0,2,0,2
KING COUNTY,269,21 Years,4,2,2,3,1,2,0,0,0,0,0,0,0,0,0,1,1,0
KING COUNTY,269,22 Years,3,2,1,2,1,1,0,0,0,0,0,0,0,0,0,1,1,0
KING COUNTY,269,23 Years,4,1,3,2,1,1,0,0,0,0,0,0,1,0,1,1,0,1
KING COUNTY,269,24 Years,5,1,4,3,1,2,0,0,0,0,0,0,1,0,1,1,0,1
KING COUNTY,269,25 Years,5,2,3,5,2,3,0,0,0,0,0,0,0,0,0,0,0,0
KING COUNTY,269,26 Years,5,3,2,3,2,1,0,0,0,0,0,0,0,0,0,2,1,1
KING COUNTY,269,27 Years,3,1,2,1,1,0,0,0,0,0,0,0,1,0,1,1,0,1
KING COUNTY,269,28 Years,1,1,0,1,1,0,0,0,0,0,0,0,0,0,0,0,0,0
KING COUNTY,269,29 Years,1,1,0,1,1,0,0,0,0,0,0,0,0,0,0,0,0,0
KING COUNTY,269,30 Years,2,2,0,2,2,0,0,0,0,0,0,0,0,0,0,0,0,0
KING COUNTY,269,31 Years,2,2,0,1,1,0,0,0,0,0,0,0,0,0,0,1,1,0
KING COUNTY,269,32 Years,3,2,1,2,1,1,0,0,0,0,0,0,0,0,0,1,1,0
KING COUNTY,269,33 Years,2,1,1,2,1,1,0,0,0,0,0,0,0,0,0,0,0,0
KING COUNTY,269,34 Years,3,3,0,2,2,0,0,0,0,0,0,0,0,0,0,1,1,0
KING COUNTY,269,35 Years,2,1,1,1,0,1,0,0,0,0,0,0,0,0,0,1,1,0
KING COUNTY,269,36 Years,2,0,2,2,0,2,0,0,0,0,0,0,0,0,0,0,0,0
KING COUNTY,269,37 Years,3,1,2,3,1,2,0,0,0,0,0,0,0,0,0,0,0,0
KING COUNTY,269,38 Years,3,1,2,2,0,2,0,0,0,0,0,0,1,1,0,0,0,0
KING COUNTY,269,39 Years,2,1,1,2,1,1,0,0,0,0,0,0,0,0,0,0,0,0
KING COUNTY,269,40 Years,1,0,1,1,0,1,0,0,0,0,0,0,0,0,0,0,0,0
KING COUNTY,269,41 Years,3,1,2,1,0,1,0,0,0,0,0,0,0,0,0,2,1,1
KING COUNTY,269,42 Years,3,3,0,3,3,0,0,0,0,0,0,0,0,0,0,0,0,0
KING COUNTY,269,43 Years,4,2,2,3,1,2,0,0,0,0,0,0,0,0,0,1,1,0
KING COUNTY,269,44 Years,2,2,0,1,1,0,0,0,0,0,0,0,0,0,0,1,1,0
KING COUNTY,269,45 Years,2,1,1,2,1,1,0,0,0,0,0,0,0,0,0,0,0,0
KING COUNTY,269,46 Years,4,2,2,3,2,1,0,0,0,0,0,0,0,0,0,1,0,1
KING COUNTY,269,47 Years,7,5,2,5,4,1,0,0,0,0,0,0,0,0,0,2,1,1
KING COUNTY,269,48 Years,3,1,2,2,1,1,0,0,0,0,0,0,0,0,0,1,0,1
KING COUNTY,269,49 Years,5,2,3,3,1,2,0,0,0,0,0,0,0,0,0,2,1,1
KING COUNTY,269,50 Years,7,3,4,4,1,3,0,0,0,0,0,0,0,0,0,3,2,1
KING COUNTY,269,51 Years,6,1,5,4,0,4,0,0,0,0,0,0,0,0,0,2,1,1
KING COUNTY,269,52 Years,5,2,3,5,2,3,0,0,0,0,0,0,0,0,0,0,0,0
KING COUNTY,269,53 Years,4,2,2,2,1,1,0,0,0,0,0,0,0,0,0,2,1,1
KING COUNTY,269,54 Years,4,3,1,2,1,1,0,0,0,0,0,0,0,0,0,2,2,0
KING COUNTY,269,55 Years,4,1,3,4,1,3,0,0,0,0,0,0,0,0,0,0,0,0
KING COUNTY,269,56 Years,6,1,5,6,1,5,0,0,0,0,0,0,0,0,0,0,0,0
KING COUNTY,269,57 Years,8,2,6,7,1,6,0,0,0,0,0,0,0,0,0,1,1,0
KING COUNTY,269,58 Years,7,4,3,7,4,3,0,0,0,0,0,0,0,0,0,0,0,0
KING COUNTY,269,59 Years,6,5,1,6,5,1,0,0,0,0,0,0,0,0,0,0,0,0
KING COUNTY,269,60 Years,7,5,2,7,5,2,0,0,0,0,0,0,0,0,0,0,0,0
KING COUNTY,269,61 Years,8,3,5,6,1,5,0,0,0,0,0,0,0,0,0,2,2,0
KING COUNTY,269,62 Years,6,2,4,5,2,3,0,0,0,0,0,0,1,0,1,0,0,0
KING COUNTY,269,63 Years,6,3,3,6,3,3,0,0,0,0,0,0,0,0,0,0,0,0
KING COUNTY,269,64 Years,4,2,2,4,2,2,0,0,0,0,0,0,0,0,0,0,0,0
KING COUNTY,269,65 Years,2,2,0,2,2,0,0,0,0,0,0,0,0,0,0,0,0,0
KING COUNTY,269,66 Years,5,5,0,5,5,0,0,0,0,0,0,0,0,0,0,0,0,0
KING COUNTY,269,67 Years,6,3,3,6,3,3,0,0,0,0,0,0,0,0,0,0,0,0
KING COUNTY,269,68 Years,3,1,2,3,1,2,0,0,0,0,0,0,0,0,0,0,0,0
KING COUNTY,269,69 Years,2,2,0,2,2,0,0,0,0,0,0,0,0,0,0,0,0,0
KING COUNTY,269,70 Years,1,1,0,1,1,0,0,0,0,0,0,0,0,0,0,0,0,0
KING COUNTY,269,71 Years,3,2,1,3,2,1,0,0,0,0,0,0,0,0,0,0,0,0
KING COUNTY,269,72 Years,1,0,1,1,0,1,0,0,0,0,0,0,0,0,0,0,0,0
KING COUNTY,269,73 Years,4,2,2,4,2,2,0,0,0,0,0,0,0,0,0,0,0,0
KING COUNTY,269,74 Years,2,2,0,2,2,0,0,0,0,0,0,0,0,0,0,0,0,0
KING COUNTY,269,75 Years,2,1,1,2,1,1,0,0,0,0,0,0,0,0,0,0,0,0
KING COUNTY,269,76 Years,1,0,1,1,0,1,0,0,0,0,0,0,0,0,0,0,0,0
KING COUNTY,269,77 Years,3,2,1,2,2,0,0,0,0,0,0,0,0,0,0,1,0,1
KING COUNTY,269,78 Years,2,1,1,2,1,1,0,0,0,0,0,0,0,0,0,0,0,0
KING COUNTY,269,79 Years,4,1,3,4,1,3,0,0,0,0,0,0,0,0,0,0,0,0
KING COUNTY,269,80 Years,1,0,1,1,0,1,0,0,0,0,0,0,0,0,0,0,0,0
KING COUNTY,269,81 Years,1,0,1,1,0,1,0,0,0,0,0,0,0,0,0,0,0,0
KING COUNTY,269,82 Years,2,0,2,2,0,2,0,0,0,0,0,0,0,0,0,0,0,0
KING COUNTY,269,83 Years,5,1,4,5,1,4,0,0,0,0,0,0,0,0,0,0,0,0
KING COUNTY,269,84 Years,2,1,1,2,1,1,0,0,0,0,0,0,0,0,0,0,0,0
KING COUNTY,269,85 Years,1,1,0,1,1,0,0,0,0,0,0,0,0,0,0,0,0,0
KING COUNTY,269,86 Years,1,1,0,1,1,0,0,0,0,0,0,0,0,0,0,0,0,0
KING COUNTY,269,87 Years,0,0,0,0,0,0,0,0,0,0,0,0,0,0,0,0,0,0
KING COUNTY,269,88 Years,2,1,1,2,1,1,0,0,0,0,0,0,0,0,0,0,0,0
KING COUNTY,269,89 Years,2,2,0,2,2,0,0,0,0,0,0,0,0,0,0,0,0,0
KING COUNTY,269,90 Years,1,1,0,1,1,0,0,0,0,0,0,0,0,0,0,0,0,0
KING COUNTY,269,91 Years,0,0,0,0,0,0,0,0,0,0,0,0,0,0,0,0,0,0
KING COUNTY,269,92 Years,0,0,0,0,0,0,0,0,0,0,0,0,0,0,0,0,0,0
KING COUNTY,269,93 Years,0,0,0,0,0,0,0,0,0,0,0,0,0,0,0,0,0,0
KING COUNTY,269,94 Years,0,0,0,0,0,0,0,0,0,0,0,0,0,0,0,0,0,0
KING COUNTY,269,95 Years +,1,0,1,1,0,1,0,0,0,0,0,0,0,0,0,0,0,0
KINNEY COUNTY,271,All Ages,3730,2071,1659,1325,670,655,38,21,17,10,3,7,62,38,24,2295,1339,956
KINNEY COUNTY,271,< 1 Year,43,19,24,10,7,3,0,0,0,0,0,0,0,0,0,33,12,21
KINNEY COUNTY,271,1 Years,46,25,21,9,7,2,0,0,0,0,0,0,0,0,0,37,18,19
KINNEY COUNTY,271,2 Years,41,23,18,7,5,2,0,0,0,0,0,0,0,0,0,34,18,16
KINNEY COUNTY,271,3 Years,41,23,18,6,2,4,0,0,0,0,0,0,0,0,0,35,21,14
KINNEY COUNTY,271,4 Years,35,20,15,6,2,4,0,0,0,0,0,0,3,2,1,26,16,10
KINNEY COUNTY,271,5 Years,40,24,16,10,4,6,0,0,0,0,0,0,2,2,0,28,18,10
KINNEY COUNTY,271,6 Years,39,22,17,11,5,6,0,0,0,0,0,0,0,0,0,28,17,11
KINNEY COUNTY,271,7 Years,49,22,27,12,8,4,0,0,0,0,0,0,1,0,1,36,14,22
KINNEY COUNTY,271,8 Years,40,26,14,11,9,2,1,1,0,0,0,0,1,1,0,27,15,12
KINNEY COUNTY,271,9 Years,38,27,11,14,11,3,0,0,0,0,0,0,1,1,0,23,15,8
KINNEY COUNTY,271,10 Years,41,16,25,16,2,14,1,1,0,0,0,0,0,0,0,24,13,11
KINNEY COUNTY,271,11 Years,54,25,29,22,8,14,0,0,0,0,0,0,1,0,1,31,17,14
KINNEY COUNTY,271,12 Years,34,17,17,10,5,5,0,0,0,0,0,0,1,0,1,23,12,11
KINNEY COUNTY,271,13 Years,38,27,11,11,9,2,1,0,1,0,0,0,1,1,0,25,17,8
KINNEY COUNTY,271,14 Years,49,26,23,20,13,7,1,0,1,0,0,0,1,1,0,27,12,15
KINNEY COUNTY,271,15 Years,38,21,17,15,11,4,0,0,0,0,0,0,1,1,0,22,9,13
KINNEY COUNTY,271,16 Years,36,23,13,13,8,5,0,0,0,0,0,0,2,2,0,21,13,8
KINNEY COUNTY,271,17 Years,34,16,18,9,3,6,0,0,0,0,0,0,1,1,0,24,12,12
KINNEY COUNTY,271,18 Years,37,23,14,5,2,3,0,0,0,0,0,0,0,0,0,32,21,11
KINNEY COUNTY,271,19 Years,40,23,17,9,3,6,0,0,0,1,1,0,1,0,1,29,19,10
KINNEY COUNTY,271,20 Years,52,37,15,7,3,4,0,0,0,0,0,0,0,0,0,45,34,11
KINNEY COUNTY,271,21 Years,50,32,18,5,2,3,0,0,0,0,0,0,1,1,0,44,29,15
KINNEY COUNTY,271,22 Years,47,31,16,6,2,4,0,0,0,0,0,0,0,0,0,41,29,12
KINNEY COUNTY,271,23 Years,48,31,17,7,3,4,0,0,0,0,0,0,3,1,2,38,27,11
KINNEY COUNTY,271,24 Years,63,45,18,9,5,4,1,0,1,0,0,0,1,1,0,52,39,13
KINNEY COUNTY,271,25 Years,52,30,22,10,5,5,0,0,0,0,0,0,1,1,0,41,24,17
KINNEY COUNTY,271,26 Years,45,27,18,6,3,3,0,0,0,0,0,0,1,1,0,38,23,15
KINNEY COUNTY,271,27 Years,51,31,20,9,4,5,1,1,0,0,0,0,0,0,0,41,26,15
KINNEY COUNTY,271,28 Years,46,30,16,8,3,5,1,1,0,0,0,0,0,0,0,37,26,11
KINNEY COUNTY,271,29 Years,36,27,9,7,4,3,0,0,0,0,0,0,0,0,0,29,23,6
KINNEY COUNTY,271,30 Years,46,37,9,9,6,3,0,0,0,0,0,0,0,0,0,37,31,6
KINNEY COUNTY,271,31 Years,43,33,10,6,3,3,0,0,0,0,0,0,0,0,0,37,30,7
KINNEY COUNTY,271,32 Years,43,26,17,6,1,5,2,2,0,0,0,0,0,0,0,35,23,12
KINNEY COUNTY,271,33 Years,42,23,19,7,2,5,1,0,1,0,0,0,0,0,0,34,21,13
KINNEY COUNTY,271,34 Years,51,35,16,9,5,4,0,0,0,0,0,0,0,0,0,42,30,12
KINNEY COUNTY,271,35 Years,40,29,11,7,4,3,0,0,0,0,0,0,1,0,1,32,25,7
KINNEY COUNTY,271,36 Years,34,26,8,8,5,3,0,0,0,0,0,0,0,0,0,26,21,5
KINNEY COUNTY,271,37 Years,45,27,18,12,3,9,0,0,0,0,0,0,1,1,0,32,23,9
KINNEY COUNTY,271,38 Years,39,23,16,8,3,5,1,1,0,0,0,0,2,2,0,28,17,11
KINNEY COUNTY,271,39 Years,26,20,6,7,6,1,0,0,0,0,0,0,0,0,0,19,14,5
KINNEY COUNTY,271,40 Years,39,19,20,15,4,11,0,0,0,0,0,0,0,0,0,24,15,9
KINNEY COUNTY,271,41 Years,31,18,13,9,2,7,0,0,0,0,0,0,1,0,1,21,16,5
KINNEY COUNTY,271,42 Years,43,21,22,8,5,3,1,0,1,1,0,1,0,0,0,33,16,17
KINNEY COUNTY,271,43 Years,46,29,17,11,7,4,0,0,0,1,0,1,0,0,0,34,22,12
KINNEY COUNTY,271,44 Years,39,23,16,10,2,8,0,0,0,0,0,0,0,0,0,29,21,8
KINNEY COUNTY,271,45 Years,43,23,20,8,4,4,0,0,0,0,0,0,1,1,0,34,18,16
KINNEY COUNTY,271,46 Years,46,25,21,17,11,6,0,0,0,0,0,0,1,1,0,28,13,15
KINNEY COUNTY,271,47 Years,43,23,20,14,6,8,0,0,0,0,0,0,0,0,0,29,17,12
KINNEY COUNTY,271,48 Years,32,17,15,8,4,4,0,0,0,0,0,0,0,0,0,24,13,11
KINNEY COUNTY,271,49 Years,36,18,18,10,6,4,0,0,0,1,0,1,0,0,0,25,12,13
KINNEY COUNTY,271,50 Years,48,29,19,16,10,6,1,1,0,0,0,0,1,0,1,30,18,12
KINNEY COUNTY,271,51 Years,37,22,15,15,8,7,1,1,0,0,0,0,1,0,1,20,13,7
KINNEY COUNTY,271,52 Years,40,21,19,11,4,7,0,0,0,0,0,0,1,1,0,28,16,12
KINNEY COUNTY,271,53 Years,44,25,19,13,9,4,0,0,0,0,0,0,1,1,0,30,15,15
KINNEY COUNTY,271,54 Years,44,27,17,16,9,7,0,0,0,0,0,0,0,0,0,28,18,10
KINNEY COUNTY,271,55 Years,42,24,18,21,12,9,0,0,0,0,0,0,0,0,0,21,12,9
KINNEY COUNTY,271,56 Years,34,18,16,18,10,8,0,0,0,0,0,0,0,0,0,16,8,8
KINNEY COUNTY,271,57 Years,44,25,19,25,14,11,1,0,1,0,0,0,0,0,0,18,11,7
KINNEY COUNTY,271,58 Years,42,22,20,20,12,8,0,0,0,0,0,0,0,0,0,22,10,12
KINNEY COUNTY,271,59 Years,46,26,20,20,12,8,1,1,0,0,0,0,0,0,0,25,13,12
KINNEY COUNTY,271,60 Years,57,26,31,27,10,17,0,0,0,0,0,0,1,1,0,29,15,14
KINNEY COUNTY,271,61 Years,56,27,29,26,8,18,2,1,1,1,1,0,0,0,0,27,17,10
KINNEY COUNTY,271,62 Years,55,25,30,22,8,14,1,1,0,0,0,0,2,0,2,30,16,14
KINNEY COUNTY,271,63 Years,60,31,29,29,17,12,1,0,1,1,0,1,1,0,1,28,14,14
KINNEY COUNTY,271,64 Years,46,21,25,21,14,7,1,0,1,0,0,0,0,0,0,24,7,17
KINNEY COUNTY,271,65 Years,46,18,28,21,6,15,2,1,1,0,0,0,2,2,0,21,9,12
KINNEY COUNTY,271,66 Years,41,18,23,23,8,15,1,1,0,0,0,0,1,1,0,16,8,8
KINNEY COUNTY,271,67 Years,45,22,23,26,11,15,1,1,0,0,0,0,0,0,0,18,10,8
KINNEY COUNTY,271,68 Years,45,23,22,26,13,13,1,0,1,0,0,0,1,0,1,17,10,7
KINNEY COUNTY,271,69 Years,48,28,20,28,15,13,1,0,1,0,0,0,0,0,0,19,13,6
KINNEY COUNTY,271,70 Years,58,30,28,28,15,13,2,0,2,0,0,0,3,3,0,25,12,13
KINNEY COUNTY,271,71 Years,44,23,21,27,15,12,2,1,1,0,0,0,1,1,0,14,6,8
KINNEY COUNTY,271,72 Years,35,18,17,26,14,12,0,0,0,0,0,0,1,0,1,8,4,4
KINNEY COUNTY,271,73 Years,42,23,19,27,16,11,1,0,1,0,0,0,2,2,0,12,5,7
KINNEY COUNTY,271,74 Years,44,22,22,27,16,11,0,0,0,0,0,0,2,1,1,15,5,10
KINNEY COUNTY,271,75 Years,39,16,23,28,13,15,0,0,0,0,0,0,1,0,1,10,3,7
KINNEY COUNTY,271,76 Years,39,18,21,29,13,16,0,0,0,2,0,2,0,0,0,8,5,3
KINNEY COUNTY,271,77 Years,36,18,18,24,12,12,0,0,0,1,0,1,1,1,0,10,5,5
KINNEY COUNTY,271,78 Years,37,19,18,23,14,9,0,0,0,0,0,0,1,0,1,13,5,8
KINNEY COUNTY,271,79 Years,40,14,26,22,8,14,1,1,0,0,0,0,1,0,1,16,5,11
KINNEY COUNTY,271,80 Years,33,13,20,22,8,14,2,2,0,0,0,0,0,0,0,9,3,6
KINNEY COUNTY,271,81 Years,29,9,20,20,7,13,0,0,0,0,0,0,0,0,0,9,2,7
KINNEY COUNTY,271,82 Years,32,14,18,18,10,8,0,0,0,0,0,0,1,1,0,13,3,10
KINNEY COUNTY,271,83 Years,30,12,18,14,7,7,0,0,0,0,0,0,3,0,3,13,5,8
KINNEY COUNTY,271,84 Years,25,11,14,11,7,4,0,0,0,0,0,0,1,0,1,13,4,9
KINNEY COUNTY,271,85 Years,20,11,9,9,6,3,0,0,0,0,0,0,1,1,0,10,4,6
KINNEY COUNTY,271,86 Years,19,11,8,12,7,5,0,0,0,0,0,0,0,0,0,7,4,3
KINNEY COUNTY,271,87 Years,18,11,7,12,7,5,0,0,0,1,1,0,0,0,0,5,3,2
KINNEY COUNTY,271,88 Years,15,7,8,7,4,3,0,0,0,0,0,0,0,0,0,8,3,5
KINNEY COUNTY,271,89 Years,12,6,6,5,3,2,0,0,0,0,0,0,0,0,0,7,3,4
KINNEY COUNTY,271,90 Years,11,5,6,4,2,2,1,1,0,0,0,0,0,0,0,6,2,4
KINNEY COUNTY,271,91 Years,10,6,4,4,2,2,1,1,0,0,0,0,0,0,0,5,3,2
KINNEY COUNTY,271,92 Years,8,3,5,3,1,2,1,0,1,0,0,0,0,0,0,4,2,2
KINNEY COUNTY,271,93 Years,5,1,4,2,1,1,0,0,0,0,0,0,0,0,0,3,0,3
KINNEY COUNTY,271,94 Years,7,4,3,3,2,1,0,0,0,0,0,0,0,0,0,4,2,2
KINNEY COUNTY,271,95 Years +,12,4,8,5,3,2,0,0,0,0,0,0,0,0,0,7,1,6
KLEBERG COUNTY,273,All Ages,31693,16181,15512,6367,3327,3040,1172,678,494,715,427,288,344,186,158,23095,11563,11532
KLEBERG COUNTY,273,< 1 Year,328,163,165,42,18,24,12,4,8,6,4,2,6,3,3,262,134,128
KLEBERG COUNTY,273,1 Years,330,170,160,44,22,22,12,4,8,6,4,2,7,4,3,261,136,125
KLEBERG COUNTY,273,2 Years,347,177,170,46,24,22,15,6,9,8,5,3,8,5,3,270,137,133
KLEBERG COUNTY,273,3 Years,364,185,179,50,26,24,15,7,8,9,5,4,8,4,4,282,143,139
KLEBERG COUNTY,273,4 Years,369,186,183,51,23,28,14,7,7,7,4,3,7,4,3,290,148,142
KLEBERG COUNTY,273,5 Years,364,181,183,54,24,30,12,5,7,6,4,2,6,4,2,286,144,142
KLEBERG COUNTY,273,6 Years,358,181,177,50,22,28,12,7,5,6,3,3,6,3,3,284,146,138
KLEBERG COUNTY,273,7 Years,380,199,181,47,23,24,15,8,7,6,4,2,7,3,4,305,161,144
KLEBERG COUNTY,273,8 Years,473,242,231,54,30,24,21,9,12,6,3,3,7,4,3,385,196,189
KLEBERG COUNTY,273,9 Years,493,255,238,65,38,27,13,4,9,4,2,2,5,2,3,406,209,197
KLEBERG COUNTY,273,10 Years,465,230,235,64,35,29,7,3,4,4,2,2,6,2,4,384,188,196
KLEBERG COUNTY,273,11 Years,442,227,215,49,26,23,12,7,5,6,4,2,7,4,3,368,186,182
KLEBERG COUNTY,273,12 Years,419,226,193,45,26,19,9,5,4,5,3,2,8,4,4,352,188,164
KLEBERG COUNTY,273,13 Years,428,224,204,47,29,18,6,3,3,5,2,3,8,5,3,362,185,177
KLEBERG COUNTY,273,14 Years,437,232,205,37,24,13,5,3,2,4,2,2,7,3,4,384,200,184
KLEBERG COUNTY,273,15 Years,421,211,210,31,18,13,6,4,2,4,3,1,3,1,2,377,185,192
KLEBERG COUNTY,273,16 Years,449,205,244,32,15,17,6,3,3,3,1,2,4,2,2,404,184,220
KLEBERG COUNTY,273,17 Years,526,247,279,55,24,31,11,7,4,8,5,3,5,4,1,447,207,240
KLEBERG COUNTY,273,18 Years,840,444,396,98,48,50,49,28,21,5,4,1,5,2,3,683,362,321
KLEBERG COUNTY,273,19 Years,1312,748,564,213,122,91,93,64,29,12,11,1,9,8,1,985,543,442
KLEBERG COUNTY,273,20 Years,910,495,415,145,93,52,61,34,27,3,2,1,6,3,3,695,363,332
KLEBERG COUNTY,273,21 Years,1070,596,474,185,115,70,76,50,26,25,14,11,13,5,8,771,412,359
KLEBERG COUNTY,273,22 Years,1006,598,408,189,104,85,55,37,18,50,35,15,9,6,3,703,416,287
KLEBERG COUNTY,273,23 Years,974,566,408,207,118,89,56,42,14,87,56,31,8,1,7,616,349,267
KLEBERG COUNTY,273,24 Years,789,459,330,204,111,93,23,17,6,69,49,20,9,7,2,484,275,209
KLEBERG COUNTY,273,25 Years,584,343,241,160,106,54,19,16,3,43,42,1,8,6,2,354,173,181
KLEBERG COUNTY,273,26 Years,338,182,156,104,69,35,8,8,0,18,17,1,10,6,4,198,82,116
KLEBERG COUNTY,273,27 Years,351,154,197,83,29,54,4,4,0,19,10,9,3,1,2,242,110,132
KLEBERG COUNTY,273,28 Years,312,118,194,51,7,44,14,8,6,10,1,9,5,4,1,232,98,134
KLEBERG COUNTY,273,29 Years,297,104,193,47,9,38,21,10,11,2,1,1,2,1,1,225,83,142
KLEBERG COUNTY,273,30 Years,314,139,175,67,36,31,19,14,5,2,1,1,5,0,5,221,88,133
KLEBERG COUNTY,273,31 Years,344,172,172,80,53,27,7,5,2,1,1,0,3,2,1,253,111,142
KLEBERG COUNTY,273,32 Years,368,188,180,81,45,36,15,7,8,2,0,2,7,3,4,263,133,130
KLEBERG COUNTY,273,33 Years,368,193,175,86,37,49,12,5,7,5,3,2,3,2,1,262,146,116
KLEBERG COUNTY,273,34 Years,379,212,167,77,48,29,8,4,4,9,6,3,4,3,1,281,151,130
KLEBERG COUNTY,273,35 Years,335,175,160,67,35,32,13,11,2,6,4,2,2,1,1,247,124,123
KLEBERG COUNTY,273,36 Years,356,187,169,63,38,25,11,7,4,7,3,4,4,2,2,271,137,134
KLEBERG COUNTY,273,37 Years,350,191,159,82,50,32,6,4,2,10,6,4,5,2,3,247,129,118
KLEBERG COUNTY,273,38 Years,302,162,140,64,38,26,7,4,3,8,5,3,4,2,2,219,113,106
KLEBERG COUNTY,273,39 Years,306,157,149,73,44,29,4,3,1,7,3,4,4,2,2,218,105,113
KLEBERG COUNTY,273,40 Years,298,154,144,51,34,17,8,5,3,8,5,3,2,1,1,229,109,120
KLEBERG COUNTY,273,41 Years,259,126,133,44,19,25,8,4,4,5,2,3,2,1,1,200,100,100
KLEBERG COUNTY,273,42 Years,303,167,136,59,33,26,10,6,4,6,3,3,4,3,1,224,122,102
KLEBERG COUNTY,273,43 Years,308,155,153,61,32,29,9,7,2,6,2,4,3,2,1,229,112,117
KLEBERG COUNTY,273,44 Years,313,151,162,63,26,37,8,4,4,9,4,5,6,4,2,227,113,114
KLEBERG COUNTY,273,45 Years,328,161,167,62,28,34,7,4,3,9,3,6,3,2,1,247,124,123
KLEBERG COUNTY,273,46 Years,330,174,156,69,31,38,11,6,5,9,4,5,2,1,1,239,132,107
KLEBERG COUNTY,273,47 Years,318,142,176,67,28,39,9,4,5,6,1,5,1,0,1,235,109,126
KLEBERG COUNTY,273,48 Years,311,155,156,61,35,26,8,2,6,5,2,3,2,1,1,235,115,120
KLEBERG COUNTY,273,49 Years,313,156,157,60,35,25,11,1,10,7,2,5,2,0,2,233,118,115
KLEBERG COUNTY,273,50 Years,277,138,139,52,31,21,13,6,7,5,3,2,2,0,2,205,98,107
KLEBERG COUNTY,273,51 Years,297,148,149,63,34,29,11,4,7,8,3,5,2,1,1,213,106,107
KLEBERG COUNTY,273,52 Years,327,151,176,67,37,30,9,5,4,6,3,3,5,4,1,240,102,138
KLEBERG COUNTY,273,53 Years,343,176,167,67,36,31,12,5,7,3,2,1,3,1,2,258,132,126
KLEBERG COUNTY,273,54 Years,353,171,182,75,35,40,11,7,4,6,4,2,3,1,2,258,124,134
KLEBERG COUNTY,273,55 Years,292,148,144,68,33,35,12,7,5,4,2,2,1,1,0,207,105,102
KLEBERG COUNTY,273,56 Years,295,157,138,75,41,34,5,3,2,4,2,2,2,2,0,209,109,100
KLEBERG COUNTY,273,57 Years,306,173,133,76,42,34,9,7,2,4,1,3,3,2,1,214,121,93
KLEBERG COUNTY,273,58 Years,279,137,142,71,29,42,10,5,5,2,1,1,3,2,1,193,100,93
KLEBERG COUNTY,273,59 Years,308,161,147,84,47,37,12,4,8,10,7,3,3,3,0,199,100,99
KLEBERG COUNTY,273,60 Years,318,159,159,73,37,36,11,7,4,8,3,5,1,1,0,225,111,114
KLEBERG COUNTY,273,61 Years,321,154,167,78,33,45,10,4,6,3,1,2,5,4,1,225,112,113
KLEBERG COUNTY,273,62 Years,340,156,184,84,37,47,13,6,7,3,1,2,3,1,2,237,111,126
KLEBERG COUNTY,273,63 Years,315,142,173,77,34,43,7,2,5,4,0,4,2,0,2,225,106,119
KLEBERG COUNTY,273,64 Years,281,146,135,78,39,39,8,6,2,3,1,2,4,2,2,188,98,90
KLEBERG COUNTY,273,65 Years,284,146,138,85,44,41,7,6,1,1,0,1,2,1,1,189,95,94
KLEBERG COUNTY,273,66 Years,267,124,143,68,38,30,6,4,2,4,0,4,1,0,1,188,82,106
KLEBERG COUNTY,273,67 Years,281,140,141,91,50,41,9,4,5,6,5,1,1,0,1,174,81,93
KLEBERG COUNTY,273,68 Years,270,133,137,89,44,45,9,5,4,6,3,3,1,1,0,165,80,85
KLEBERG COUNTY,273,69 Years,254,108,146,72,30,42,4,1,3,4,1,3,2,0,2,172,76,96
KLEBERG COUNTY,273,70 Years,256,122,134,78,38,40,5,4,1,3,0,3,2,1,1,168,79,89
KLEBERG COUNTY,273,71 Years,238,114,124,79,40,39,8,4,4,3,1,2,2,1,1,146,68,78
KLEBERG COUNTY,273,72 Years,242,121,121,72,32,40,13,7,6,4,3,1,2,1,1,151,78,73
KLEBERG COUNTY,273,73 Years,215,96,119,67,26,41,10,7,3,3,1,2,3,1,2,132,61,71
KLEBERG COUNTY,273,74 Years,195,84,111,64,28,36,7,3,4,2,1,1,2,1,1,120,51,69
KLEBERG COUNTY,273,75 Years,181,87,94,71,33,38,5,3,2,3,1,2,2,2,0,100,48,52
KLEBERG COUNTY,273,76 Years,148,74,74,56,32,24,5,2,3,2,1,1,1,1,0,84,38,46
KLEBERG COUNTY,273,77 Years,158,72,86,56,30,26,6,2,4,3,1,2,2,1,1,91,38,53
KLEBERG COUNTY,273,78 Years,173,72,101,57,27,30,3,2,1,5,3,2,4,3,1,104,37,67
KLEBERG COUNTY,273,79 Years,141,59,82,41,22,19,9,5,4,2,0,2,2,1,1,87,31,56
KLEBERG COUNTY,273,80 Years,136,62,74,42,21,21,8,4,4,3,1,2,0,0,0,83,36,47
KLEBERG COUNTY,273,81 Years,128,54,74,37,19,18,4,3,1,2,1,1,0,0,0,85,31,54
KLEBERG COUNTY,273,82 Years,115,49,66,31,18,13,2,1,1,1,1,0,0,0,0,81,29,52
KLEBERG COUNTY,273,83 Years,90,43,47,28,16,12,3,3,0,1,1,0,0,0,0,58,23,35
KLEBERG COUNTY,273,84 Years,84,40,44,26,13,13,2,1,1,2,2,0,1,1,0,53,23,30
KLEBERG COUNTY,273,85 Years,72,34,38,25,12,13,3,2,1,1,1,0,0,0,0,43,19,24
KLEBERG COUNTY,273,86 Years,73,29,44,26,12,14,2,2,0,0,0,0,0,0,0,45,15,30
KLEBERG COUNTY,273,87 Years,58,22,36,25,10,15,0,0,0,1,0,1,0,0,0,32,12,20
KLEBERG COUNTY,273,88 Years,51,23,28,24,11,13,1,0,1,1,1,0,0,0,0,25,11,14
KLEBERG COUNTY,273,89 Years,42,17,25,15,7,8,1,0,1,0,0,0,1,0,1,25,10,15
KLEBERG COUNTY,273,90 Years,41,15,26,16,6,10,2,1,1,2,1,1,0,0,0,21,7,14
KLEBERG COUNTY,273,91 Years,36,13,23,13,6,7,2,0,2,1,0,1,0,0,0,20,7,13
KLEBERG COUNTY,273,92 Years,33,14,19,10,5,5,2,1,1,1,1,0,0,0,0,20,7,13
KLEBERG COUNTY,273,93 Years,28,11,17,10,4,6,3,1,2,1,0,1,0,0,0,14,6,8
KLEBERG COUNTY,273,94 Years,21,7,14,8,3,5,1,0,1,1,0,1,0,0,0,11,4,7
KLEBERG COUNTY,273,95 Years +,51,14,37,11,2,9,4,1,3,0,0,0,1,0,1,35,11,24
KNOX COUNTY,275,All Ages,3616,1777,1839,2134,1039,1095,200,89,111,8,5,3,51,27,24,1223,617,606
KNOX COUNTY,275,< 1 Year,35,16,19,14,7,7,0,0,0,0,0,0,0,0,0,21,9,12
KNOX COUNTY,275,1 Years,37,19,18,15,8,7,1,0,1,0,0,0,0,0,0,21,11,10
KNOX COUNTY,275,2 Years,47,24,23,17,10,7,1,0,1,0,0,0,0,0,0,29,14,15
KNOX COUNTY,275,3 Years,50,24,26,19,10,9,2,1,1,0,0,0,0,0,0,29,13,16
KNOX COUNTY,275,4 Years,52,25,27,19,11,8,1,0,1,0,0,0,0,0,0,32,14,18
KNOX COUNTY,275,5 Years,46,20,26,18,8,10,1,0,1,0,0,0,0,0,0,27,12,15
KNOX COUNTY,275,6 Years,47,26,21,18,11,7,1,0,1,0,0,0,0,0,0,28,15,13
KNOX COUNTY,275,7 Years,58,24,34,24,8,16,1,1,0,0,0,0,2,0,2,31,15,16
KNOX COUNTY,275,8 Years,58,34,24,27,10,17,0,0,0,0,0,0,2,1,1,29,23,6
KNOX COUNTY,275,9 Years,59,29,30,29,10,19,0,0,0,0,0,0,3,2,1,27,17,10
KNOX COUNTY,275,10 Years,58,24,34,32,11,21,1,1,0,0,0,0,2,1,1,23,11,12
KNOX COUNTY,275,11 Years,46,20,26,18,10,8,2,2,0,0,0,0,2,1,1,24,7,17
KNOX COUNTY,275,12 Years,58,30,28,31,16,15,4,3,1,0,0,0,1,1,0,22,10,12
KNOX COUNTY,275,13 Years,48,21,27,26,9,17,2,1,1,0,0,0,2,1,1,18,10,8
KNOX COUNTY,275,14 Years,44,19,25,18,9,9,1,0,1,0,0,0,1,0,1,24,10,14
KNOX COUNTY,275,15 Years,55,25,30,32,17,15,4,0,4,0,0,0,1,0,1,18,8,10
KNOX COUNTY,275,16 Years,58,38,20,28,19,9,7,3,4,0,0,0,1,0,1,22,16,6
KNOX COUNTY,275,17 Years,52,27,25,26,13,13,7,4,3,0,0,0,1,1,0,18,9,9
KNOX COUNTY,275,18 Years,57,29,28,32,16,16,5,3,2,0,0,0,3,1,2,17,9,8
KNOX COUNTY,275,19 Years,40,16,24,19,8,11,5,2,3,0,0,0,1,0,1,15,6,9
KNOX COUNTY,275,20 Years,36,17,19,12,4,8,2,1,1,0,0,0,1,1,0,21,11,10
KNOX COUNTY,275,21 Years,43,24,19,19,10,9,3,2,1,0,0,0,1,1,0,20,11,9
KNOX COUNTY,275,22 Years,44,24,20,20,11,9,5,3,2,0,0,0,2,2,0,17,8,9
KNOX COUNTY,275,23 Years,41,19,22,20,9,11,6,2,4,0,0,0,1,1,0,14,7,7
KNOX COUNTY,275,24 Years,47,25,22,19,10,9,4,3,1,0,0,0,2,2,0,22,10,12
KNOX COUNTY,275,25 Years,53,24,29,27,14,13,6,3,3,0,0,0,2,1,1,18,6,12
KNOX COUNTY,275,26 Years,38,14,24,16,5,11,4,2,2,0,0,0,2,1,1,16,6,10
KNOX COUNTY,275,27 Years,33,14,19,15,8,7,2,1,1,0,0,0,1,0,1,15,5,10
KNOX COUNTY,275,28 Years,24,13,11,13,8,5,2,1,1,0,0,0,0,0,0,9,4,5
KNOX COUNTY,275,29 Years,26,13,13,13,6,7,1,1,0,0,0,0,0,0,0,12,6,6
KNOX COUNTY,275,30 Years,32,15,17,22,10,12,0,0,0,0,0,0,0,0,0,10,5,5
KNOX COUNTY,275,31 Years,35,14,21,21,12,9,2,0,2,0,0,0,0,0,0,12,2,10
KNOX COUNTY,275,32 Years,42,21,21,24,12,12,3,3,0,0,0,0,0,0,0,15,6,9
KNOX COUNTY,275,33 Years,37,17,20,22,9,13,3,1,2,1,1,0,1,0,1,10,6,4
KNOX COUNTY,275,34 Years,40,21,19,23,12,11,4,2,2,0,0,0,0,0,0,13,7,6
KNOX COUNTY,275,35 Years,32,15,17,18,8,10,1,1,0,0,0,0,0,0,0,13,6,7
KNOX COUNTY,275,36 Years,40,21,19,24,12,12,1,0,1,0,0,0,1,1,0,14,8,6
KNOX COUNTY,275,37 Years,42,25,17,25,14,11,0,0,0,0,0,0,1,1,0,16,10,6
KNOX COUNTY,275,38 Years,32,15,17,18,7,11,2,1,1,0,0,0,1,1,0,11,6,5
KNOX COUNTY,275,39 Years,40,23,17,23,12,11,3,2,1,0,0,0,0,0,0,14,9,5
KNOX COUNTY,275,40 Years,40,24,16,29,18,11,1,1,0,0,0,0,0,0,0,10,5,5
KNOX COUNTY,275,41 Years,34,20,14,21,12,9,1,1,0,0,0,0,0,0,0,12,7,5
KNOX COUNTY,275,42 Years,42,22,20,22,12,10,1,1,0,0,0,0,0,0,0,19,9,10
KNOX COUNTY,275,43 Years,32,17,15,17,10,7,2,1,1,0,0,0,0,0,0,13,6,7
KNOX COUNTY,275,44 Years,35,17,18,24,11,13,3,1,2,0,0,0,0,0,0,8,5,3
KNOX COUNTY,275,45 Years,29,11,18,15,4,11,3,1,2,0,0,0,0,0,0,11,6,5
KNOX COUNTY,275,46 Years,43,17,26,23,9,14,1,0,1,1,0,1,1,1,0,17,7,10
KNOX COUNTY,275,47 Years,48,22,26,32,16,16,0,0,0,0,0,0,1,1,0,15,5,10
KNOX COUNTY,275,48 Years,35,19,16,20,11,9,4,1,3,0,0,0,0,0,0,11,7,4
KNOX COUNTY,275,49 Years,38,19,19,22,12,10,5,1,4,0,0,0,0,0,0,11,6,5
KNOX COUNTY,275,50 Years,36,17,19,19,10,9,4,1,3,0,0,0,0,0,0,13,6,7
KNOX COUNTY,275,51 Years,38,19,19,20,9,11,3,1,2,1,1,0,0,0,0,14,8,6
KNOX COUNTY,275,52 Years,47,26,21,27,13,14,5,3,2,1,1,0,0,0,0,14,9,5
KNOX COUNTY,275,53 Years,43,22,21,24,10,14,4,3,1,0,0,0,0,0,0,15,9,6
KNOX COUNTY,275,54 Years,38,18,20,23,10,13,4,2,2,1,0,1,0,0,0,10,6,4
KNOX COUNTY,275,55 Years,40,23,17,25,15,10,4,2,2,1,1,0,1,1,0,9,4,5
KNOX COUNTY,275,56 Years,49,28,21,36,22,14,3,1,2,1,1,0,0,0,0,9,4,5
KNOX COUNTY,275,57 Years,53,27,26,40,20,20,1,0,1,0,0,0,0,0,0,12,7,5
KNOX COUNTY,275,58 Years,57,28,29,36,20,16,2,0,2,0,0,0,0,0,0,19,8,11
KNOX COUNTY,275,59 Years,52,29,23,37,20,17,1,0,1,0,0,0,0,0,0,14,9,5
KNOX COUNTY,275,60 Years,46,26,20,30,15,15,2,1,1,0,0,0,0,0,0,14,10,4
KNOX COUNTY,275,61 Years,48,29,19,35,20,15,1,1,0,0,0,0,0,0,0,12,8,4
KNOX COUNTY,275,62 Years,48,26,22,34,19,15,1,0,1,0,0,0,1,0,1,12,7,5
KNOX COUNTY,275,63 Years,44,23,21,29,15,14,1,0,1,0,0,0,2,0,2,12,8,4
KNOX COUNTY,275,64 Years,34,22,12,23,14,9,2,1,1,0,0,0,0,0,0,9,7,2
KNOX COUNTY,275,65 Years,53,28,25,42,23,19,1,0,1,0,0,0,1,0,1,9,5,4
KNOX COUNTY,275,66 Years,35,19,16,28,16,12,1,0,1,0,0,0,1,0,1,5,3,2
KNOX COUNTY,275,67 Years,39,20,19,28,14,14,4,1,3,0,0,0,1,1,0,6,4,2
KNOX COUNTY,275,68 Years,34,17,17,28,14,14,2,1,1,0,0,0,0,0,0,4,2,2
KNOX COUNTY,275,69 Years,35,16,19,24,11,13,3,0,3,0,0,0,0,0,0,8,5,3
KNOX COUNTY,275,70 Years,41,18,23,32,16,16,2,0,2,1,0,1,0,0,0,6,2,4
KNOX COUNTY,275,71 Years,37,20,17,29,17,12,1,0,1,0,0,0,0,0,0,7,3,4
KNOX COUNTY,275,72 Years,36,18,18,29,14,15,2,1,1,0,0,0,0,0,0,5,3,2
KNOX COUNTY,275,73 Years,41,17,24,29,13,16,3,1,2,0,0,0,0,0,0,9,3,6
KNOX COUNTY,275,74 Years,30,12,18,23,10,13,2,1,1,0,0,0,1,0,1,4,1,3
KNOX COUNTY,275,75 Years,29,12,17,25,12,13,0,0,0,0,0,0,1,0,1,3,0,3
KNOX COUNTY,275,76 Years,27,16,11,25,15,10,0,0,0,0,0,0,0,0,0,2,1,1
KNOX COUNTY,275,77 Years,30,14,16,24,12,12,0,0,0,0,0,0,0,0,0,6,2,4
KNOX COUNTY,275,78 Years,30,13,17,22,10,12,1,0,1,0,0,0,0,0,0,7,3,4
KNOX COUNTY,275,79 Years,31,12,19,25,9,16,0,0,0,0,0,0,1,1,0,5,2,3
KNOX COUNTY,275,80 Years,33,13,20,25,8,17,1,1,0,0,0,0,0,0,0,7,4,3
KNOX COUNTY,275,81 Years,31,11,20,24,7,17,2,2,0,0,0,0,0,0,0,5,2,3
KNOX COUNTY,275,82 Years,28,11,17,19,6,13,3,2,1,0,0,0,0,0,0,6,3,3
KNOX COUNTY,275,83 Years,24,10,14,19,8,11,1,1,0,0,0,0,0,0,0,4,1,3
KNOX COUNTY,275,84 Years,18,6,12,14,5,9,1,0,1,0,0,0,0,0,0,3,1,2
KNOX COUNTY,275,85 Years,16,8,8,12,4,8,1,1,0,0,0,0,0,0,0,3,3,0
KNOX COUNTY,275,86 Years,20,8,12,13,5,8,3,1,2,0,0,0,0,0,0,4,2,2
KNOX COUNTY,275,87 Years,16,7,9,11,5,6,2,1,1,0,0,0,0,0,0,3,1,2
KNOX COUNTY,275,88 Years,18,8,10,14,7,7,0,0,0,0,0,0,1,1,0,3,0,3
KNOX COUNTY,275,89 Years,12,6,6,8,4,4,0,0,0,0,0,0,0,0,0,4,2,2
KNOX COUNTY,275,90 Years,12,5,7,9,3,6,1,0,1,0,0,0,0,0,0,2,2,0
KNOX COUNTY,275,91 Years,10,3,7,6,2,4,1,0,1,0,0,0,0,0,0,3,1,2
KNOX COUNTY,275,92 Years,10,4,6,7,2,5,1,1,0,0,0,0,0,0,0,2,1,1
KNOX COUNTY,275,93 Years,6,3,3,5,2,3,0,0,0,0,0,0,0,0,0,1,1,0
KNOX COUNTY,275,94 Years,7,2,5,6,1,5,0,0,0,0,0,0,0,0,0,1,1,0
KNOX COUNTY,275,95 Years +,16,5,11,10,3,7,2,0,2,0,0,0,0,0,0,4,2,2
LAMAR COUNTY,277,All Ages,50871,24630,26241,37812,18242,19570,6502,3068,3434,326,134,192,2230,1074,1156,4001,2112,1889
LAMAR COUNTY,277,< 1 Year,632,306,326,386,187,199,84,42,42,2,1,1,69,34,35,91,42,49
LAMAR COUNTY,277,1 Years,631,317,314,392,195,197,84,45,39,2,0,2,65,33,32,88,44,44
LAMAR COUNTY,277,2 Years,666,331,335,417,204,213,96,50,46,3,1,2,59,31,28,91,45,46
LAMAR COUNTY,277,3 Years,663,333,330,415,202,213,94,50,44,3,1,2,61,31,30,90,49,41
LAMAR COUNTY,277,4 Years,656,329,327,402,197,205,92,48,44,3,1,2,64,31,33,95,52,43
LAMAR COUNTY,277,5 Years,638,331,307,387,191,196,85,48,37,3,2,1,68,36,32,95,54,41
LAMAR COUNTY,277,6 Years,642,335,307,394,196,198,92,53,39,2,1,1,57,29,28,97,56,41
LAMAR COUNTY,277,7 Years,605,301,304,383,193,190,84,46,38,1,0,1,50,21,29,87,41,46
LAMAR COUNTY,277,8 Years,663,330,333,402,196,206,105,58,47,2,2,0,54,27,27,100,47,53
LAMAR COUNTY,277,9 Years,671,347,324,412,202,210,102,62,40,2,2,0,48,28,20,107,53,54
LAMAR COUNTY,277,10 Years,655,333,322,408,210,198,103,57,46,2,0,2,50,26,24,92,40,52
LAMAR COUNTY,277,11 Years,644,323,321,407,204,203,92,51,41,5,1,4,36,20,16,104,47,57
LAMAR COUNTY,277,12 Years,677,339,338,442,220,222,87,39,48,5,1,4,40,20,20,103,59,44
LAMAR COUNTY,277,13 Years,629,320,309,406,207,199,96,51,45,4,1,3,35,17,18,88,44,44
LAMAR COUNTY,277,14 Years,645,327,318,424,212,212,90,44,46,5,3,2,34,17,17,92,51,41
LAMAR COUNTY,277,15 Years,598,302,296,389,201,188,95,44,51,8,3,5,29,14,15,77,40,37
LAMAR COUNTY,277,16 Years,650,350,300,432,235,197,88,47,41,8,7,1,27,12,15,95,49,46
LAMAR COUNTY,277,17 Years,652,333,319,438,220,218,88,49,39,4,2,2,31,17,14,91,45,46
LAMAR COUNTY,277,18 Years,611,304,307,409,205,204,83,41,42,5,2,3,39,20,19,75,36,39
LAMAR COUNTY,277,19 Years,547,277,270,357,177,180,86,44,42,7,2,5,27,14,13,70,40,30
LAMAR COUNTY,277,20 Years,543,281,262,355,183,172,93,50,43,6,3,3,30,14,16,59,31,28
LAMAR COUNTY,277,21 Years,554,285,269,362,181,181,84,50,34,4,1,3,43,21,22,61,32,29
LAMAR COUNTY,277,22 Years,552,283,269,361,173,188,94,56,38,1,1,0,33,17,16,63,36,27
LAMAR COUNTY,277,23 Years,599,305,294,403,196,207,90,46,44,4,4,0,36,18,18,66,41,25
LAMAR COUNTY,277,24 Years,604,331,273,415,230,185,98,49,49,3,1,2,31,17,14,57,34,23
LAMAR COUNTY,277,25 Years,678,360,318,477,260,217,111,56,55,4,2,2,33,13,20,53,29,24
LAMAR COUNTY,277,26 Years,750,358,392,519,258,261,122,53,69,5,4,1,39,12,27,65,31,34
LAMAR COUNTY,277,27 Years,777,377,400,540,261,279,130,57,73,2,2,0,42,19,23,63,38,25
LAMAR COUNTY,277,28 Years,705,331,374,522,246,276,102,46,56,2,1,1,30,14,16,49,24,25
LAMAR COUNTY,277,29 Years,664,321,343,484,241,243,93,42,51,4,2,2,29,10,19,54,26,28
LAMAR COUNTY,277,30 Years,641,316,325,470,230,240,74,34,40,7,4,3,27,13,14,63,35,28
LAMAR COUNTY,277,31 Years,618,308,310,438,216,222,88,43,45,9,7,2,23,13,10,60,29,31
LAMAR COUNTY,277,32 Years,595,299,296,430,218,212,83,38,45,3,2,1,21,13,8,58,28,30
LAMAR COUNTY,277,33 Years,563,280,283,407,209,198,80,36,44,1,0,1,22,11,11,53,24,29
LAMAR COUNTY,277,34 Years,586,276,310,421,200,221,85,38,47,2,1,1,24,10,14,54,27,27
LAMAR COUNTY,277,35 Years,556,258,298,405,187,218,74,34,40,2,0,2,19,8,11,56,29,27
LAMAR COUNTY,277,36 Years,540,262,278,403,197,206,60,23,37,4,1,3,23,12,11,50,29,21
LAMAR COUNTY,277,37 Years,569,272,297,412,201,211,72,30,42,5,2,3,18,8,10,62,31,31
LAMAR COUNTY,277,38 Years,542,257,285,392,185,207,79,36,43,6,4,2,18,10,8,47,22,25
LAMAR COUNTY,277,39 Years,514,248,266,364,173,191,69,28,41,9,3,6,16,9,7,56,35,21
LAMAR COUNTY,277,40 Years,532,264,268,369,185,184,74,28,46,7,2,5,21,13,8,61,36,25
LAMAR COUNTY,277,41 Years,529,262,267,388,200,188,69,30,39,2,0,2,24,10,14,46,22,24
LAMAR COUNTY,277,42 Years,562,275,287,401,198,203,79,32,47,4,2,2,20,7,13,58,36,22
LAMAR COUNTY,277,43 Years,540,264,276,405,191,214,72,37,35,5,3,2,14,8,6,44,25,19
LAMAR COUNTY,277,44 Years,540,247,293,387,178,209,78,31,47,6,1,5,18,9,9,51,28,23
LAMAR COUNTY,277,45 Years,587,279,308,438,211,227,90,37,53,4,1,3,14,7,7,41,23,18
LAMAR COUNTY,277,46 Years,640,302,338,490,233,257,92,38,54,9,4,5,14,7,7,35,20,15
LAMAR COUNTY,277,47 Years,687,322,365,527,249,278,89,39,50,10,4,6,19,8,11,42,22,20
LAMAR COUNTY,277,48 Years,682,328,354,518,249,269,92,38,54,5,2,3,22,9,13,45,30,15
LAMAR COUNTY,277,49 Years,662,326,336,496,248,248,95,41,54,6,3,3,22,9,13,43,25,18
LAMAR COUNTY,277,50 Years,648,318,330,491,242,249,89,39,50,3,1,2,29,12,17,36,24,12
LAMAR COUNTY,277,51 Years,620,301,319,481,235,246,85,41,44,7,3,4,21,7,14,26,15,11
LAMAR COUNTY,277,52 Years,662,334,328,522,270,252,88,43,45,6,3,3,18,7,11,28,11,17
LAMAR COUNTY,277,53 Years,696,333,363,557,276,281,96,38,58,7,3,4,15,8,7,21,8,13
LAMAR COUNTY,277,54 Years,692,329,363,558,268,290,89,41,48,5,2,3,18,7,11,22,11,11
LAMAR COUNTY,277,55 Years,688,328,360,556,267,289,80,35,45,3,2,1,25,10,15,24,14,10
LAMAR COUNTY,277,56 Years,661,315,346,532,257,275,86,39,47,3,0,3,17,9,8,23,10,13
LAMAR COUNTY,277,57 Years,702,333,369,559,263,296,93,46,47,2,0,2,27,14,13,21,10,11
LAMAR COUNTY,277,58 Years,651,314,337,506,249,257,92,39,53,2,0,2,21,11,10,30,15,15
LAMAR COUNTY,277,59 Years,707,347,360,561,277,284,87,37,50,7,4,3,23,12,11,29,17,12
LAMAR COUNTY,277,60 Years,687,324,363,548,259,289,90,37,53,8,3,5,21,11,10,20,14,6
LAMAR COUNTY,277,61 Years,659,324,335,539,266,273,84,39,45,2,1,1,18,7,11,16,11,5
LAMAR COUNTY,277,62 Years,663,329,334,523,262,261,94,45,49,4,2,2,21,7,14,21,13,8
LAMAR COUNTY,277,63 Years,609,299,310,487,247,240,83,33,50,3,0,3,17,9,8,19,10,9
LAMAR COUNTY,277,64 Years,592,290,302,489,241,248,63,29,34,5,1,4,20,9,11,15,10,5
LAMAR COUNTY,277,65 Years,612,281,331,514,233,281,67,28,39,2,1,1,12,6,6,17,13,4
LAMAR COUNTY,277,66 Years,616,293,323,513,246,267,68,30,38,2,0,2,18,10,8,15,7,8
LAMAR COUNTY,277,67 Years,645,310,335,543,257,286,55,29,26,3,0,3,23,12,11,21,12,9
LAMAR COUNTY,277,68 Years,662,298,364,567,258,309,52,22,30,6,1,5,22,9,13,15,8,7
LAMAR COUNTY,277,69 Years,574,267,307,497,230,267,47,22,25,4,2,2,15,7,8,11,6,5
LAMAR COUNTY,277,70 Years,614,297,317,540,259,281,44,24,20,4,2,2,13,5,8,13,7,6
LAMAR COUNTY,277,71 Years,522,249,273,458,217,241,39,20,19,3,2,1,10,4,6,12,6,6
LAMAR COUNTY,277,72 Years,515,238,277,460,215,245,37,15,22,2,0,2,9,5,4,7,3,4
LAMAR COUNTY,277,73 Years,517,231,286,454,205,249,37,14,23,3,0,3,12,8,4,11,4,7
LAMAR COUNTY,277,74 Years,486,222,264,434,203,231,31,9,22,1,0,1,12,6,6,8,4,4
LAMAR COUNTY,277,75 Years,437,213,224,392,191,201,26,10,16,0,0,0,10,6,4,9,6,3
LAMAR COUNTY,277,76 Years,401,177,224,365,159,206,23,11,12,0,0,0,8,3,5,5,4,1
LAMAR COUNTY,277,77 Years,374,153,221,344,143,201,18,6,12,3,0,3,3,1,2,6,3,3
LAMAR COUNTY,277,78 Years,339,150,189,305,139,166,23,7,16,2,0,2,5,1,4,4,3,1
LAMAR COUNTY,277,79 Years,328,149,179,302,141,161,16,5,11,2,0,2,5,2,3,3,1,2
LAMAR COUNTY,277,80 Years,295,126,169,265,116,149,20,7,13,2,0,2,4,1,3,4,2,2
LAMAR COUNTY,277,81 Years,249,105,144,225,96,129,13,5,8,0,0,0,8,2,6,3,2,1
LAMAR COUNTY,277,82 Years,250,105,145,222,96,126,16,4,12,0,0,0,9,3,6,3,2,1
LAMAR COUNTY,277,83 Years,235,103,132,209,91,118,16,6,10,1,1,0,5,3,2,4,2,2
LAMAR COUNTY,277,84 Years,200,79,121,171,68,103,22,8,14,0,0,0,3,2,1,4,1,3
LAMAR COUNTY,277,85 Years,187,75,112,169,67,102,13,5,8,0,0,0,3,2,1,2,1,1
LAMAR COUNTY,277,86 Years,168,64,104,148,56,92,11,5,6,1,0,1,4,1,3,4,2,2
LAMAR COUNTY,277,87 Years,142,57,85,126,51,75,10,4,6,1,0,1,2,1,1,3,1,2
LAMAR COUNTY,277,88 Years,124,50,74,110,42,68,9,4,5,0,0,0,2,2,0,3,2,1
LAMAR COUNTY,277,89 Years,101,34,67,88,28,60,9,4,5,0,0,0,4,2,2,0,0,0
LAMAR COUNTY,277,90 Years,106,36,70,90,31,59,10,4,6,0,0,0,3,1,2,3,0,3
LAMAR COUNTY,277,91 Years,81,26,55,68,22,46,8,3,5,0,0,0,2,1,1,3,0,3
LAMAR COUNTY,277,92 Years,65,20,45,55,17,38,5,2,3,0,0,0,2,1,1,3,0,3
LAMAR COUNTY,277,93 Years,55,17,38,47,14,33,5,2,3,0,0,0,1,0,1,2,1,1
LAMAR COUNTY,277,94 Years,42,13,29,34,10,24,5,2,3,0,0,0,0,0,0,3,1,2
LAMAR COUNTY,277,95 Years +,106,29,77,87,21,66,11,5,6,0,0,0,2,0,2,6,3,3
LAMB COUNTY,279,All Ages,13198,6530,6668,5139,2461,2678,591,302,289,18,5,13,248,112,136,7202,3650,3552
LAMB COUNTY,279,< 1 Year,201,111,90,44,26,18,6,3,3,0,0,0,11,6,5,140,76,64
LAMB COUNTY,279,1 Years,193,104,89,41,24,17,8,4,4,1,1,0,14,8,6,129,67,62
LAMB COUNTY,279,2 Years,199,101,98,43,25,18,9,6,3,0,0,0,13,7,6,134,63,71
LAMB COUNTY,279,3 Years,194,99,95,42,21,21,9,6,3,1,1,0,18,10,8,124,61,63
LAMB COUNTY,279,4 Years,189,95,94,44,21,23,10,6,4,0,0,0,17,9,8,118,59,59
LAMB COUNTY,279,5 Years,191,98,93,49,24,25,7,4,3,0,0,0,14,8,6,121,62,59
LAMB COUNTY,279,6 Years,195,95,100,51,24,27,7,4,3,0,0,0,9,5,4,128,62,66
LAMB COUNTY,279,7 Years,215,115,100,54,34,20,7,4,3,0,0,0,6,2,4,148,75,73
LAMB COUNTY,279,8 Years,200,105,95,48,23,25,7,3,4,0,0,0,6,3,3,139,76,63
LAMB COUNTY,279,9 Years,185,94,91,44,19,25,10,4,6,0,0,0,3,0,3,128,71,57
LAMB COUNTY,279,10 Years,200,101,99,52,24,28,9,5,4,0,0,0,4,1,3,135,71,64
LAMB COUNTY,279,11 Years,190,93,97,44,17,27,9,7,2,0,0,0,4,1,3,133,68,65
LAMB COUNTY,279,12 Years,190,92,98,42,19,23,10,6,4,0,0,0,5,2,3,133,65,68
LAMB COUNTY,279,13 Years,188,90,98,44,19,25,9,5,4,0,0,0,4,3,1,131,63,68
LAMB COUNTY,279,14 Years,188,103,85,44,22,22,10,6,4,0,0,0,4,2,2,130,73,57
LAMB COUNTY,279,15 Years,195,104,91,47,24,23,15,8,7,0,0,0,3,0,3,130,72,58
LAMB COUNTY,279,16 Years,184,93,91,50,25,25,14,7,7,0,0,0,2,0,2,118,61,57
LAMB COUNTY,279,17 Years,185,92,93,56,26,30,7,2,5,0,0,0,4,1,3,118,63,55
LAMB COUNTY,279,18 Years,167,85,82,50,22,28,10,5,5,0,0,0,3,2,1,104,56,48
LAMB COUNTY,279,19 Years,145,76,69,42,24,18,8,3,5,0,0,0,3,2,1,92,47,45
LAMB COUNTY,279,20 Years,142,74,68,44,26,18,8,4,4,0,0,0,3,1,2,87,43,44
LAMB COUNTY,279,21 Years,139,75,64,42,24,18,5,3,2,0,0,0,1,0,1,91,48,43
LAMB COUNTY,279,22 Years,151,77,74,45,21,24,5,3,2,0,0,0,3,1,2,98,52,46
LAMB COUNTY,279,23 Years,173,91,82,55,30,25,8,3,5,0,0,0,3,2,1,107,56,51
LAMB COUNTY,279,24 Years,171,89,82,56,29,27,8,4,4,0,0,0,2,1,1,105,55,50
LAMB COUNTY,279,25 Years,174,83,91,54,26,28,8,3,5,0,0,0,3,0,3,109,54,55
LAMB COUNTY,279,26 Years,152,80,72,45,23,22,6,3,3,1,0,1,1,0,1,99,54,45
LAMB COUNTY,279,27 Years,165,83,82,49,25,24,5,3,2,1,0,1,1,0,1,109,55,54
LAMB COUNTY,279,28 Years,158,85,73,51,27,24,2,1,1,0,0,0,2,0,2,103,57,46
LAMB COUNTY,279,29 Years,167,85,82,53,27,26,7,6,1,0,0,0,2,0,2,105,52,53
LAMB COUNTY,279,30 Years,148,73,75,33,17,16,5,3,2,0,0,0,2,1,1,108,52,56
LAMB COUNTY,279,31 Years,148,78,70,43,24,19,5,3,2,0,0,0,2,1,1,98,50,48
LAMB COUNTY,279,32 Years,142,59,83,40,18,22,8,5,3,1,1,0,1,1,0,92,34,58
LAMB COUNTY,279,33 Years,154,72,82,47,27,20,7,3,4,0,0,0,0,0,0,100,42,58
LAMB COUNTY,279,34 Years,177,81,96,68,29,39,7,2,5,0,0,0,0,0,0,102,50,52
LAMB COUNTY,279,35 Years,156,81,75,49,24,25,8,5,3,0,0,0,1,1,0,98,51,47
LAMB COUNTY,279,36 Years,158,84,74,47,22,25,8,5,3,0,0,0,1,0,1,102,57,45
LAMB COUNTY,279,37 Years,173,85,88,53,23,30,7,3,4,0,0,0,2,0,2,111,59,52
LAMB COUNTY,279,38 Years,159,73,86,50,20,30,8,4,4,0,0,0,2,0,2,99,49,50
LAMB COUNTY,279,39 Years,159,74,85,46,18,28,9,4,5,1,0,1,2,1,1,101,51,50
LAMB COUNTY,279,40 Years,157,84,73,56,29,27,5,1,4,0,0,0,1,1,0,95,53,42
LAMB COUNTY,279,41 Years,138,72,66,46,21,25,6,1,5,0,0,0,1,1,0,85,49,36
LAMB COUNTY,279,42 Years,145,72,73,44,19,25,5,2,3,0,0,0,1,1,0,95,50,45
LAMB COUNTY,279,43 Years,127,56,71,46,18,28,5,2,3,0,0,0,1,0,1,75,36,39
LAMB COUNTY,279,44 Years,130,65,65,50,21,29,2,1,1,0,0,0,0,0,0,78,43,35
LAMB COUNTY,279,45 Years,111,53,58,37,18,19,2,0,2,0,0,0,0,0,0,72,35,37
LAMB COUNTY,279,46 Years,131,62,69,44,17,27,2,1,1,0,0,0,2,0,2,83,44,39
LAMB COUNTY,279,47 Years,160,85,75,51,23,28,5,2,3,0,0,0,2,1,1,102,59,43
LAMB COUNTY,279,48 Years,152,75,77,47,23,24,7,4,3,0,0,0,1,1,0,97,47,50
LAMB COUNTY,279,49 Years,156,78,78,53,26,27,5,2,3,1,0,1,3,1,2,94,49,45
LAMB COUNTY,279,50 Years,157,86,71,68,38,30,7,4,3,1,0,1,1,1,0,80,43,37
LAMB COUNTY,279,51 Years,153,79,74,61,35,26,3,1,2,0,0,0,0,0,0,89,43,46
LAMB COUNTY,279,52 Years,144,61,83,55,25,30,7,2,5,0,0,0,1,0,1,81,34,47
LAMB COUNTY,279,53 Years,175,88,87,73,38,35,10,8,2,1,0,1,4,0,4,87,42,45
LAMB COUNTY,279,54 Years,182,84,98,92,39,53,10,6,4,2,0,2,1,0,1,77,39,38
LAMB COUNTY,279,55 Years,171,84,87,83,36,47,10,5,5,0,0,0,1,1,0,77,42,35
LAMB COUNTY,279,56 Years,170,84,86,96,52,44,9,3,6,0,0,0,2,1,1,63,28,35
LAMB COUNTY,279,57 Years,167,79,88,105,53,52,6,4,2,0,0,0,3,1,2,53,21,32
LAMB COUNTY,279,58 Years,157,73,84,84,41,43,13,9,4,0,0,0,2,1,1,58,22,36
LAMB COUNTY,279,59 Years,161,80,81,84,44,40,13,5,8,1,0,1,3,1,2,60,30,30
LAMB COUNTY,279,60 Years,157,84,73,88,47,41,9,5,4,1,0,1,3,1,2,56,31,25
LAMB COUNTY,279,61 Years,172,91,81,88,47,41,7,5,2,1,1,0,5,2,3,71,36,35
LAMB COUNTY,279,62 Years,154,76,78,87,46,41,4,1,3,1,1,0,3,1,2,59,27,32
LAMB COUNTY,279,63 Years,161,84,77,86,44,42,5,2,3,0,0,0,3,2,1,67,36,31
LAMB COUNTY,279,64 Years,149,78,71,80,43,37,7,5,2,0,0,0,3,2,1,59,28,31
LAMB COUNTY,279,65 Years,142,75,67,81,42,39,6,3,3,0,0,0,2,1,1,53,29,24
LAMB COUNTY,279,66 Years,124,68,56,72,41,31,4,2,2,1,0,1,1,1,0,46,24,22
LAMB COUNTY,279,67 Years,122,56,66,65,31,34,2,1,1,0,0,0,1,1,0,54,23,31
LAMB COUNTY,279,68 Years,125,56,69,71,30,41,7,6,1,0,0,0,0,0,0,47,20,27
LAMB COUNTY,279,69 Years,107,48,59,57,25,32,7,4,3,0,0,0,0,0,0,43,19,24
LAMB COUNTY,279,70 Years,109,53,56,61,32,29,5,3,2,0,0,0,1,0,1,42,18,24
LAMB COUNTY,279,71 Years,113,50,63,53,26,27,8,4,4,0,0,0,1,0,1,51,20,31
LAMB COUNTY,279,72 Years,104,45,59,54,21,33,4,1,3,0,0,0,2,2,0,44,21,23
LAMB COUNTY,279,73 Years,109,52,57,66,28,38,3,3,0,0,0,0,1,1,0,39,20,19
LAMB COUNTY,279,74 Years,105,48,57,63,28,35,5,2,3,0,0,0,1,0,1,36,18,18
LAMB COUNTY,279,75 Years,105,45,60,69,27,42,3,1,2,0,0,0,1,1,0,32,16,16
LAMB COUNTY,279,76 Years,96,37,59,64,25,39,4,1,3,0,0,0,2,1,1,26,10,16
LAMB COUNTY,279,77 Years,97,43,54,67,30,37,3,0,3,0,0,0,1,0,1,26,13,13
LAMB COUNTY,279,78 Years,85,41,44,59,29,30,4,1,3,0,0,0,1,0,1,21,11,10
LAMB COUNTY,279,79 Years,85,37,48,60,26,34,5,2,3,0,0,0,1,1,0,19,8,11
LAMB COUNTY,279,80 Years,70,31,39,50,19,31,2,1,1,0,0,0,0,0,0,18,11,7
LAMB COUNTY,279,81 Years,81,35,46,59,25,34,3,1,2,0,0,0,0,0,0,19,9,10
LAMB COUNTY,279,82 Years,81,36,45,65,27,38,1,1,0,0,0,0,0,0,0,15,8,7
LAMB COUNTY,279,83 Years,80,35,45,61,25,36,3,2,1,0,0,0,1,0,1,15,8,7
LAMB COUNTY,279,84 Years,62,29,33,48,22,26,2,1,1,0,0,0,0,0,0,12,6,6
LAMB COUNTY,279,85 Years,59,23,36,44,16,28,2,0,2,0,0,0,1,0,1,12,7,5
LAMB COUNTY,279,86 Years,62,24,38,48,18,30,2,0,2,0,0,0,1,0,1,11,6,5
LAMB COUNTY,279,87 Years,56,22,34,42,16,26,5,2,3,1,0,1,0,0,0,8,4,4
LAMB COUNTY,279,88 Years,47,22,25,33,14,19,4,2,2,0,0,0,1,1,0,9,5,4
LAMB COUNTY,279,89 Years,37,17,20,25,12,13,5,2,3,0,0,0,0,0,0,7,3,4
LAMB COUNTY,279,90 Years,26,13,13,18,8,10,1,1,0,0,0,0,0,0,0,7,4,3
LAMB COUNTY,279,91 Years,26,13,13,18,9,9,1,0,1,0,0,0,0,0,0,7,4,3
LAMB COUNTY,279,92 Years,23,11,12,16,8,8,2,1,1,0,0,0,0,0,0,5,2,3
LAMB COUNTY,279,93 Years,15,5,10,10,3,7,3,2,1,0,0,0,0,0,0,2,0,2
LAMB COUNTY,279,94 Years,12,4,8,8,2,6,2,1,1,0,0,0,0,0,0,2,1,1
LAMB COUNTY,279,95 Years +,36,15,21,27,10,17,4,2,2,1,0,1,0,0,0,4,3,1
LAMPASAS COUNTY,281,All Ages,21123,10348,10775,15216,7376,7840,646,328,318,211,67,144,843,400,443,4207,2177,2030
LAMPASAS COUNTY,281,< 1 Year,223,113,110,129,67,62,4,2,2,4,3,1,29,15,14,57,26,31
LAMPASAS COUNTY,281,1 Years,223,112,111,127,63,64,3,1,2,3,2,1,27,16,11,63,30,33
LAMPASAS COUNTY,281,2 Years,240,121,119,133,69,64,5,3,2,4,3,1,30,12,18,68,34,34
LAMPASAS COUNTY,281,3 Years,250,130,120,139,72,67,6,4,2,3,2,1,25,14,11,77,38,39
LAMPASAS COUNTY,281,4 Years,253,128,125,144,75,69,6,3,3,5,3,2,26,12,14,72,35,37
LAMPASAS COUNTY,281,5 Years,244,124,120,141,74,67,4,1,3,3,2,1,21,8,13,75,39,36
LAMPASAS COUNTY,281,6 Years,241,121,120,136,70,66,4,1,3,2,1,1,20,11,9,79,38,41
LAMPASAS COUNTY,281,7 Years,252,133,119,136,76,60,3,2,1,2,2,0,24,7,17,87,46,41
LAMPASAS COUNTY,281,8 Years,262,132,130,165,82,83,5,2,3,2,1,1,15,9,6,75,38,37
LAMPASAS COUNTY,281,9 Years,264,131,133,162,76,86,4,2,2,0,0,0,19,10,9,79,43,36
LAMPASAS COUNTY,281,10 Years,280,131,149,175,82,93,5,4,1,0,0,0,19,10,9,81,35,46
LAMPASAS COUNTY,281,11 Years,272,123,149,158,71,87,2,1,1,1,1,0,12,6,6,99,44,55
LAMPASAS COUNTY,281,12 Years,278,134,144,175,85,90,5,3,2,2,1,1,14,8,6,82,37,45
LAMPASAS COUNTY,281,13 Years,257,131,126,178,95,83,5,3,2,3,2,1,12,5,7,59,26,33
LAMPASAS COUNTY,281,14 Years,278,152,126,176,95,81,5,2,3,3,2,1,12,7,5,82,46,36
LAMPASAS COUNTY,281,15 Years,270,137,133,172,91,81,5,2,3,0,0,0,16,8,8,77,36,41
LAMPASAS COUNTY,281,16 Years,249,126,123,168,90,78,2,1,1,2,1,1,12,6,6,65,28,37
LAMPASAS COUNTY,281,17 Years,265,141,124,171,89,82,4,2,2,4,2,2,16,6,10,70,42,28
LAMPASAS COUNTY,281,18 Years,241,134,107,148,83,65,7,4,3,3,2,1,16,8,8,67,37,30
LAMPASAS COUNTY,281,19 Years,209,110,99,131,73,58,9,3,6,3,0,3,11,5,6,55,29,26
LAMPASAS COUNTY,281,20 Years,217,107,110,133,64,69,7,3,4,1,1,0,16,9,7,60,30,30
LAMPASAS COUNTY,281,21 Years,225,117,108,130,71,59,16,4,12,3,2,1,12,8,4,64,32,32
LAMPASAS COUNTY,281,22 Years,250,118,132,147,72,75,20,5,15,1,0,1,15,7,8,67,34,33
LAMPASAS COUNTY,281,23 Years,250,136,114,147,80,67,15,6,9,2,1,1,15,10,5,71,39,32
LAMPASAS COUNTY,281,24 Years,259,127,132,156,74,82,24,10,14,1,0,1,12,7,5,66,36,30
LAMPASAS COUNTY,281,25 Years,271,151,120,164,83,81,13,6,7,3,2,1,13,7,6,78,53,25
LAMPASAS COUNTY,281,26 Years,265,147,118,156,79,77,9,7,2,2,1,1,11,6,5,87,54,33
LAMPASAS COUNTY,281,27 Years,237,125,112,155,77,78,14,5,9,0,0,0,3,1,2,65,42,23
LAMPASAS COUNTY,281,28 Years,233,112,121,161,69,92,7,3,4,1,1,0,3,2,1,61,37,24
LAMPASAS COUNTY,281,29 Years,239,125,114,153,73,80,5,4,1,1,1,0,6,3,3,74,44,30
LAMPASAS COUNTY,281,30 Years,249,121,128,153,74,79,5,4,1,1,0,1,15,4,11,75,39,36
LAMPASAS COUNTY,281,31 Years,258,139,119,162,82,80,6,3,3,1,1,0,9,3,6,80,50,30
LAMPASAS COUNTY,281,32 Years,237,102,135,168,67,101,6,2,4,1,0,1,6,2,4,56,31,25
LAMPASAS COUNTY,281,33 Years,227,110,117,158,70,88,6,4,2,1,1,0,5,1,4,57,34,23
LAMPASAS COUNTY,281,34 Years,241,130,111,165,85,80,3,1,2,0,0,0,6,2,4,67,42,25
LAMPASAS COUNTY,281,35 Years,263,131,132,193,95,98,4,2,2,0,0,0,3,1,2,63,33,30
LAMPASAS COUNTY,281,36 Years,246,121,125,195,92,103,5,2,3,1,0,1,3,2,1,42,25,17
LAMPASAS COUNTY,281,37 Years,246,118,128,187,92,95,2,1,1,2,0,2,7,2,5,48,23,25
LAMPASAS COUNTY,281,38 Years,221,109,112,162,78,84,3,3,0,1,1,0,10,5,5,45,22,23
LAMPASAS COUNTY,281,39 Years,234,111,123,170,80,90,4,1,3,2,0,2,8,3,5,50,27,23
LAMPASAS COUNTY,281,40 Years,234,119,115,173,86,87,4,3,1,1,0,1,8,5,3,48,25,23
LAMPASAS COUNTY,281,41 Years,223,112,111,167,82,85,4,3,1,3,0,3,9,6,3,40,21,19
LAMPASAS COUNTY,281,42 Years,235,108,127,173,83,90,6,3,3,3,0,3,10,4,6,43,18,25
LAMPASAS COUNTY,281,43 Years,253,122,131,190,87,103,7,5,2,3,1,2,9,4,5,44,25,19
LAMPASAS COUNTY,281,44 Years,251,124,127,189,91,98,8,6,2,2,1,1,8,5,3,44,21,23
LAMPASAS COUNTY,281,45 Years,241,118,123,177,83,94,8,5,3,3,2,1,8,4,4,45,24,21
LAMPASAS COUNTY,281,46 Years,258,116,142,193,87,106,12,6,6,3,0,3,9,4,5,41,19,22
LAMPASAS COUNTY,281,47 Years,284,130,154,219,103,116,10,5,5,3,2,1,7,4,3,45,16,29
LAMPASAS COUNTY,281,48 Years,274,130,144,206,102,104,9,5,4,3,1,2,8,2,6,48,20,28
LAMPASAS COUNTY,281,49 Years,249,124,125,179,92,87,11,6,5,1,0,1,9,3,6,49,23,26
LAMPASAS COUNTY,281,50 Years,267,122,145,197,93,104,11,4,7,1,0,1,12,6,6,46,19,27
LAMPASAS COUNTY,281,51 Years,274,121,153,197,83,114,18,11,7,2,0,2,8,5,3,49,22,27
LAMPASAS COUNTY,281,52 Years,314,154,160,234,114,120,17,10,7,2,0,2,6,2,4,55,28,27
LAMPASAS COUNTY,281,53 Years,331,170,161,263,135,128,15,10,5,3,1,2,5,2,3,45,22,23
LAMPASAS COUNTY,281,54 Years,290,139,151,227,107,120,8,6,2,3,2,1,7,3,4,45,21,24
LAMPASAS COUNTY,281,55 Years,309,163,146,229,114,115,11,7,4,1,1,0,10,5,5,58,36,22
LAMPASAS COUNTY,281,56 Years,313,157,156,257,125,132,8,5,3,4,1,3,8,5,3,36,21,15
LAMPASAS COUNTY,281,57 Years,281,137,144,229,112,117,8,4,4,5,1,4,6,4,2,33,16,17
LAMPASAS COUNTY,281,58 Years,316,144,172,255,115,140,10,4,6,7,1,6,7,3,4,37,21,16
LAMPASAS COUNTY,281,59 Years,304,143,161,244,110,134,14,8,6,4,0,4,6,3,3,36,22,14
LAMPASAS COUNTY,281,60 Years,296,153,143,236,123,113,12,4,8,1,0,1,8,3,5,39,23,16
LAMPASAS COUNTY,281,61 Years,306,144,162,243,108,135,13,6,7,3,0,3,9,4,5,38,26,12
LAMPASAS COUNTY,281,62 Years,312,139,173,247,113,134,14,5,9,7,1,6,8,3,5,36,17,19
LAMPASAS COUNTY,281,63 Years,277,119,158,231,101,130,7,2,5,2,0,2,7,4,3,30,12,18
LAMPASAS COUNTY,281,64 Years,291,138,153,236,115,121,13,8,5,5,1,4,4,1,3,33,13,20
LAMPASAS COUNTY,281,65 Years,277,131,146,223,106,117,11,6,5,3,0,3,8,1,7,32,18,14
LAMPASAS COUNTY,281,66 Years,267,116,151,212,93,119,7,4,3,7,1,6,11,5,6,30,13,17
LAMPASAS COUNTY,281,67 Years,282,134,148,234,112,122,8,2,6,6,1,5,9,7,2,25,12,13
LAMPASAS COUNTY,281,68 Years,264,121,143,220,99,121,10,5,5,1,0,1,9,5,4,24,12,12
LAMPASAS COUNTY,281,69 Years,281,138,143,234,120,114,10,6,4,3,0,3,7,2,5,27,10,17
LAMPASAS COUNTY,281,70 Years,259,134,125,221,112,109,8,5,3,2,0,2,3,1,2,25,16,9
LAMPASAS COUNTY,281,71 Years,209,111,98,181,94,87,7,5,2,2,0,2,2,1,1,17,11,6
LAMPASAS COUNTY,281,72 Years,202,101,101,169,86,83,6,3,3,2,0,2,7,3,4,18,9,9
LAMPASAS COUNTY,281,73 Years,208,98,110,182,88,94,6,3,3,6,1,5,4,2,2,10,4,6
LAMPASAS COUNTY,281,74 Years,210,98,112,181,84,97,10,6,4,3,1,2,3,0,3,13,7,6
LAMPASAS COUNTY,281,75 Years,193,95,98,162,79,83,9,6,3,3,0,3,1,0,1,18,10,8
LAMPASAS COUNTY,281,76 Years,166,81,85,143,69,74,5,3,2,2,1,1,0,0,0,16,8,8
LAMPASAS COUNTY,281,77 Years,149,76,73,124,63,61,3,2,1,2,1,1,1,0,1,19,10,9
LAMPASAS COUNTY,281,78 Years,146,70,76,125,62,63,1,1,0,4,0,4,4,2,2,12,5,7
LAMPASAS COUNTY,281,79 Years,125,56,69,108,47,61,2,1,1,1,0,1,7,3,4,7,5,2
LAMPASAS COUNTY,281,80 Years,113,53,60,97,44,53,2,2,0,0,0,0,3,1,2,11,6,5
LAMPASAS COUNTY,281,81 Years,124,52,72,104,45,59,4,2,2,0,0,0,1,0,1,15,5,10
LAMPASAS COUNTY,281,82 Years,105,48,57,89,42,47,2,1,1,2,1,1,2,0,2,10,4,6
LAMPASAS COUNTY,281,83 Years,75,31,44,64,25,39,0,0,0,1,1,0,2,2,0,8,3,5
LAMPASAS COUNTY,281,84 Years,74,35,39,62,32,30,1,0,1,1,0,1,2,1,1,8,2,6
LAMPASAS COUNTY,281,85 Years,74,37,37,62,32,30,1,1,0,1,0,1,1,1,0,9,3,6
LAMPASAS COUNTY,281,86 Years,61,33,28,53,29,24,0,0,0,2,0,2,0,0,0,6,4,2
LAMPASAS COUNTY,281,87 Years,59,27,32,51,23,28,0,0,0,0,0,0,3,1,2,5,3,2
LAMPASAS COUNTY,281,88 Years,54,24,30,44,20,24,1,1,0,0,0,0,1,0,1,8,3,5
LAMPASAS COUNTY,281,89 Years,50,19,31,41,17,24,1,0,1,3,1,2,0,0,0,5,1,4
LAMPASAS COUNTY,281,90 Years,46,17,29,41,16,25,1,0,1,1,0,1,1,0,1,2,1,1
LAMPASAS COUNTY,281,91 Years,34,11,23,28,10,18,0,0,0,1,0,1,1,0,1,4,1,3
LAMPASAS COUNTY,281,92 Years,24,7,17,21,7,14,2,0,2,0,0,0,0,0,0,1,0,1
LAMPASAS COUNTY,281,93 Years,27,7,20,21,6,15,2,0,2,1,0,1,0,0,0,3,1,2
LAMPASAS COUNTY,281,94 Years,19,7,12,15,5,10,0,0,0,1,0,1,0,0,0,3,2,1
LAMPASAS COUNTY,281,95 Years +,44,13,31,34,10,24,1,0,1,1,0,1,0,0,0,8,3,5
LA SALLE COUNTY,283,All Ages,7655,4447,3208,901,464,437,17,16,1,5,3,2,52,28,24,6680,3936,2744
LA SALLE COUNTY,283,< 1 Year,81,36,45,4,2,2,0,0,0,0,0,0,1,1,0,76,33,43
LA SALLE COUNTY,283,1 Years,92,46,46,5,2,3,0,0,0,0,0,0,2,1,1,85,43,42
LA SALLE COUNTY,283,2 Years,94,49,45,6,3,3,0,0,0,0,0,0,1,1,0,87,45,42
LA SALLE COUNTY,283,3 Years,104,60,44,8,5,3,0,0,0,0,0,0,1,1,0,95,54,41
LA SALLE COUNTY,283,4 Years,102,54,48,7,4,3,0,0,0,0,0,0,2,1,1,93,49,44
LA SALLE COUNTY,283,5 Years,98,51,47,4,2,2,0,0,0,0,0,0,1,0,1,93,49,44
LA SALLE COUNTY,283,6 Years,97,52,45,6,3,3,0,0,0,0,0,0,0,0,0,91,49,42
LA SALLE COUNTY,283,7 Years,85,41,44,5,3,2,1,1,0,0,0,0,0,0,0,79,37,42
LA SALLE COUNTY,283,8 Years,80,30,50,6,2,4,0,0,0,0,0,0,1,0,1,73,28,45
LA SALLE COUNTY,283,9 Years,81,43,38,9,5,4,0,0,0,0,0,0,1,0,1,71,38,33
LA SALLE COUNTY,283,10 Years,73,43,30,7,3,4,0,0,0,0,0,0,0,0,0,66,40,26
LA SALLE COUNTY,283,11 Years,73,36,37,6,3,3,0,0,0,1,1,0,0,0,0,66,32,34
LA SALLE COUNTY,283,12 Years,73,41,32,9,5,4,1,0,1,0,0,0,1,0,1,62,36,26
LA SALLE COUNTY,283,13 Years,70,40,30,8,6,2,1,1,0,0,0,0,0,0,0,61,33,28
LA SALLE COUNTY,283,14 Years,70,31,39,6,4,2,0,0,0,0,0,0,1,0,1,63,27,36
LA SALLE COUNTY,283,15 Years,74,35,39,6,3,3,0,0,0,0,0,0,1,0,1,67,32,35
LA SALLE COUNTY,283,16 Years,74,36,38,8,6,2,0,0,0,0,0,0,1,0,1,65,30,35
LA SALLE COUNTY,283,17 Years,89,48,41,8,4,4,0,0,0,0,0,0,0,0,0,81,44,37
LA SALLE COUNTY,283,18 Years,100,58,42,6,4,2,0,0,0,0,0,0,1,1,0,93,53,40
LA SALLE COUNTY,283,19 Years,113,74,39,6,4,2,0,0,0,0,0,0,0,0,0,107,70,37
LA SALLE COUNTY,283,20 Years,156,99,57,9,5,4,0,0,0,0,0,0,0,0,0,147,94,53
LA SALLE COUNTY,283,21 Years,194,158,36,8,7,1,0,0,0,0,0,0,1,1,0,185,150,35
LA SALLE COUNTY,283,22 Years,172,115,57,7,4,3,0,0,0,0,0,0,1,1,0,164,110,54
LA SALLE COUNTY,283,23 Years,282,224,58,8,5,3,0,0,0,0,0,0,2,2,0,272,217,55
LA SALLE COUNTY,283,24 Years,296,243,53,12,9,3,0,0,0,0,0,0,2,2,0,282,232,50
LA SALLE COUNTY,283,25 Years,210,147,63,11,7,4,1,1,0,0,0,0,4,3,1,194,136,58
LA SALLE COUNTY,283,26 Years,193,146,47,13,7,6,0,0,0,0,0,0,1,1,0,179,138,41
LA SALLE COUNTY,283,27 Years,163,110,53,5,2,3,0,0,0,0,0,0,0,0,0,158,108,50
LA SALLE COUNTY,283,28 Years,122,81,41,9,8,1,1,1,0,0,0,0,0,0,0,112,72,40
LA SALLE COUNTY,283,29 Years,149,112,37,10,3,7,1,1,0,0,0,0,1,1,0,137,107,30
LA SALLE COUNTY,283,30 Years,108,64,44,6,3,3,0,0,0,0,0,0,1,0,1,101,61,40
LA SALLE COUNTY,283,31 Years,130,92,38,6,3,3,1,1,0,0,0,0,1,1,0,122,87,35
LA SALLE COUNTY,283,32 Years,119,80,39,10,5,5,0,0,0,1,1,0,1,1,0,107,73,34
LA SALLE COUNTY,283,33 Years,115,77,38,12,8,4,0,0,0,0,0,0,0,0,0,103,69,34
LA SALLE COUNTY,283,34 Years,88,54,34,7,3,4,0,0,0,0,0,0,1,1,0,80,50,30
LA SALLE COUNTY,283,35 Years,66,34,32,6,3,3,0,0,0,0,0,0,0,0,0,60,31,29
LA SALLE COUNTY,283,36 Years,78,47,31,6,3,3,0,0,0,0,0,0,1,1,0,71,43,28
LA SALLE COUNTY,283,37 Years,72,41,31,5,1,4,0,0,0,0,0,0,1,1,0,66,39,27
LA SALLE COUNTY,283,38 Years,96,58,38,8,4,4,0,0,0,0,0,0,1,1,0,87,53,34
LA SALLE COUNTY,283,39 Years,89,46,43,12,5,7,0,0,0,0,0,0,0,0,0,77,41,36
LA SALLE COUNTY,283,40 Years,94,50,44,7,1,6,0,0,0,0,0,0,0,0,0,87,49,38
LA SALLE COUNTY,283,41 Years,73,38,35,3,1,2,1,1,0,0,0,0,1,1,0,68,35,33
LA SALLE COUNTY,283,42 Years,60,29,31,10,5,5,1,1,0,0,0,0,0,0,0,49,23,26
LA SALLE COUNTY,283,43 Years,78,42,36,8,3,5,0,0,0,0,0,0,0,0,0,70,39,31
LA SALLE COUNTY,283,44 Years,79,53,26,8,6,2,0,0,0,1,0,1,0,0,0,70,47,23
LA SALLE COUNTY,283,45 Years,79,53,26,6,4,2,0,0,0,1,0,1,0,0,0,72,49,23
LA SALLE COUNTY,283,46 Years,77,39,38,11,8,3,0,0,0,1,1,0,0,0,0,65,30,35
LA SALLE COUNTY,283,47 Years,91,49,42,11,6,5,0,0,0,0,0,0,0,0,0,80,43,37
LA SALLE COUNTY,283,48 Years,80,45,35,12,5,7,0,0,0,0,0,0,0,0,0,68,40,28
LA SALLE COUNTY,283,49 Years,78,33,45,14,7,7,0,0,0,0,0,0,1,0,1,63,26,37
LA SALLE COUNTY,283,50 Years,87,44,43,9,4,5,0,0,0,0,0,0,0,0,0,78,40,38
LA SALLE COUNTY,283,51 Years,75,42,33,11,7,4,0,0,0,0,0,0,0,0,0,64,35,29
LA SALLE COUNTY,283,52 Years,70,37,33,8,3,5,1,1,0,0,0,0,0,0,0,61,33,28
LA SALLE COUNTY,283,53 Years,69,37,32,11,5,6,0,0,0,0,0,0,0,0,0,58,32,26
LA SALLE COUNTY,283,54 Years,83,48,35,13,4,9,0,0,0,0,0,0,0,0,0,70,44,26
LA SALLE COUNTY,283,55 Years,63,32,31,14,6,8,0,0,0,0,0,0,0,0,0,49,26,23
LA SALLE COUNTY,283,56 Years,62,26,36,14,8,6,1,1,0,0,0,0,0,0,0,47,17,30
LA SALLE COUNTY,283,57 Years,58,29,29,10,5,5,0,0,0,0,0,0,0,0,0,48,24,24
LA SALLE COUNTY,283,58 Years,78,50,28,17,11,6,2,2,0,0,0,0,0,0,0,59,37,22
LA SALLE COUNTY,283,59 Years,67,29,38,10,6,4,0,0,0,0,0,0,1,0,1,56,23,33
LA SALLE COUNTY,283,60 Years,54,24,30,8,4,4,0,0,0,0,0,0,1,0,1,45,20,25
LA SALLE COUNTY,283,61 Years,50,24,26,11,5,6,0,0,0,0,0,0,0,0,0,39,19,20
LA SALLE COUNTY,283,62 Years,61,26,35,15,8,7,0,0,0,0,0,0,0,0,0,46,18,28
LA SALLE COUNTY,283,63 Years,54,21,33,11,3,8,0,0,0,0,0,0,0,0,0,43,18,25
LA SALLE COUNTY,283,64 Years,65,31,34,9,4,5,0,0,0,0,0,0,1,1,0,55,26,29
LA SALLE COUNTY,283,65 Years,62,36,26,14,6,8,1,1,0,0,0,0,0,0,0,47,29,18
LA SALLE COUNTY,283,66 Years,70,30,40,15,6,9,0,0,0,0,0,0,2,0,2,53,24,29
LA SALLE COUNTY,283,67 Years,69,28,41,12,4,8,0,0,0,0,0,0,2,1,1,55,23,32
LA SALLE COUNTY,283,68 Years,64,34,30,18,9,9,0,0,0,0,0,0,0,0,0,46,25,21
LA SALLE COUNTY,283,69 Years,66,41,25,21,11,10,0,0,0,0,0,0,0,0,0,45,30,15
LA SALLE COUNTY,283,70 Years,82,44,38,25,15,10,1,1,0,0,0,0,0,0,0,56,28,28
LA SALLE COUNTY,283,71 Years,71,28,43,20,8,12,0,0,0,0,0,0,1,0,1,50,20,30
LA SALLE COUNTY,283,72 Years,73,31,42,25,10,15,0,0,0,0,0,0,1,0,1,47,21,26
LA SALLE COUNTY,283,73 Years,63,26,37,18,9,9,0,0,0,0,0,0,0,0,0,45,17,28
LA SALLE COUNTY,283,74 Years,52,28,24,17,10,7,0,0,0,0,0,0,1,0,1,34,18,16
LA SALLE COUNTY,283,75 Years,59,28,31,19,9,10,0,0,0,0,0,0,1,1,0,39,18,21
LA SALLE COUNTY,283,76 Years,47,24,23,12,8,4,0,0,0,0,0,0,2,1,1,33,15,18
LA SALLE COUNTY,283,77 Years,41,22,19,11,7,4,0,0,0,0,0,0,0,0,0,30,15,15
LA SALLE COUNTY,283,78 Years,42,20,22,10,6,4,0,0,0,0,0,0,0,0,0,32,14,18
LA SALLE COUNTY,283,79 Years,36,19,17,10,6,4,0,0,0,0,0,0,0,0,0,26,13,13
LA SALLE COUNTY,283,80 Years,32,17,15,9,5,4,0,0,0,0,0,0,0,0,0,23,12,11
LA SALLE COUNTY,283,81 Years,32,10,22,6,1,5,2,2,0,0,0,0,0,0,0,24,7,17
LA SALLE COUNTY,283,82 Years,31,8,23,5,2,3,0,0,0,0,0,0,0,0,0,26,6,20
LA SALLE COUNTY,283,83 Years,36,17,19,10,7,3,0,0,0,0,0,0,0,0,0,26,10,16
LA SALLE COUNTY,283,84 Years,38,21,17,13,7,6,0,0,0,0,0,0,0,0,0,25,14,11
LA SALLE COUNTY,283,85 Years,26,9,17,6,2,4,0,0,0,0,0,0,0,0,0,20,7,13
LA SALLE COUNTY,283,86 Years,23,10,13,5,3,2,0,0,0,0,0,0,0,0,0,18,7,11
LA SALLE COUNTY,283,87 Years,25,12,13,11,5,6,0,0,0,0,0,0,0,0,0,14,7,7
LA SALLE COUNTY,283,88 Years,19,7,12,6,3,3,0,0,0,0,0,0,1,0,1,12,4,8
LA SALLE COUNTY,283,89 Years,14,5,9,2,1,1,0,0,0,0,0,0,1,0,1,11,4,7
LA SALLE COUNTY,283,90 Years,17,6,11,5,1,4,0,0,0,0,0,0,0,0,0,12,5,7
LA SALLE COUNTY,283,91 Years,16,7,9,5,2,3,0,0,0,0,0,0,0,0,0,11,5,6
LA SALLE COUNTY,283,92 Years,11,4,7,1,0,1,0,0,0,0,0,0,1,0,1,9,4,5
LA SALLE COUNTY,283,93 Years,8,4,4,1,1,0,0,0,0,0,0,0,0,0,0,7,3,4
LA SALLE COUNTY,283,94 Years,6,1,5,2,0,2,0,0,0,0,0,0,0,0,0,4,1,3
LA SALLE COUNTY,283,95 Years +,18,7,11,6,3,3,0,0,0,0,0,0,0,0,0,12,4,8
LAVACA COUNTY,285,All Ages,19907,9687,10220,14327,6946,7381,1352,656,696,63,21,42,257,134,123,3908,1930,1978
LAVACA COUNTY,285,< 1 Year,241,117,124,127,57,70,18,6,12,3,2,1,12,6,6,81,46,35
LAVACA COUNTY,285,1 Years,247,121,126,136,67,69,17,7,10,2,1,1,11,5,6,81,41,40
LAVACA COUNTY,285,2 Years,258,121,137,146,72,74,17,7,10,1,0,1,10,3,7,84,39,45
LAVACA COUNTY,285,3 Years,248,116,132,143,71,72,18,9,9,0,0,0,5,1,4,82,35,47
LAVACA COUNTY,285,4 Years,258,118,140,149,64,85,19,11,8,0,0,0,4,3,1,86,40,46
LAVACA COUNTY,285,5 Years,250,116,134,142,60,82,18,10,8,2,1,1,5,3,2,83,42,41
LAVACA COUNTY,285,6 Years,260,130,130,147,67,80,21,12,9,1,1,0,5,4,1,86,46,40
LAVACA COUNTY,285,7 Years,279,130,149,153,72,81,27,10,17,1,1,0,5,4,1,93,43,50
LAVACA COUNTY,285,8 Years,237,108,129,135,58,77,14,5,9,1,0,1,5,2,3,82,43,39
LAVACA COUNTY,285,9 Years,272,135,137,160,80,80,21,11,10,1,0,1,5,2,3,85,42,43
LAVACA COUNTY,285,10 Years,311,144,167,178,89,89,27,11,16,1,0,1,1,1,0,104,43,61
LAVACA COUNTY,285,11 Years,285,131,154,171,80,91,19,11,8,2,0,2,2,1,1,91,39,52
LAVACA COUNTY,285,12 Years,274,131,143,159,71,88,19,10,9,1,0,1,6,5,1,89,45,44
LAVACA COUNTY,285,13 Years,273,147,126,167,82,85,19,10,9,1,1,0,6,4,2,80,50,30
LAVACA COUNTY,285,14 Years,258,121,137,154,70,84,17,10,7,0,0,0,8,3,5,79,38,41
LAVACA COUNTY,285,15 Years,242,126,116,148,78,70,16,8,8,2,1,1,4,2,2,72,37,35
LAVACA COUNTY,285,16 Years,248,123,125,154,74,80,21,10,11,1,1,0,1,1,0,71,37,34
LAVACA COUNTY,285,17 Years,242,134,108,146,82,64,29,15,14,2,1,1,3,2,1,62,34,28
LAVACA COUNTY,285,18 Years,232,123,109,154,87,67,19,9,10,1,0,1,5,2,3,53,25,28
LAVACA COUNTY,285,19 Years,202,101,101,134,70,64,9,7,2,1,1,0,4,2,2,54,21,33
LAVACA COUNTY,285,20 Years,208,107,101,130,71,59,14,7,7,1,0,1,7,3,4,56,26,30
LAVACA COUNTY,285,21 Years,209,96,113,131,62,69,16,7,9,1,1,0,3,2,1,58,24,34
LAVACA COUNTY,285,22 Years,217,103,114,139,66,73,18,12,6,1,0,1,4,1,3,55,24,31
LAVACA COUNTY,285,23 Years,227,123,104,148,81,67,20,12,8,0,0,0,7,5,2,52,25,27
LAVACA COUNTY,285,24 Years,253,128,125,166,83,83,25,16,9,1,0,1,6,5,1,55,24,31
LAVACA COUNTY,285,25 Years,261,140,121,186,92,94,22,13,9,0,0,0,2,2,0,51,33,18
LAVACA COUNTY,285,26 Years,224,119,105,152,80,72,17,9,8,0,0,0,3,1,2,52,29,23
LAVACA COUNTY,285,27 Years,218,117,101,150,75,75,13,7,6,0,0,0,4,3,1,51,32,19
LAVACA COUNTY,285,28 Years,215,95,120,144,63,81,13,6,7,0,0,0,3,2,1,55,24,31
LAVACA COUNTY,285,29 Years,200,89,111,131,60,71,17,9,8,0,0,0,2,0,2,50,20,30
LAVACA COUNTY,285,30 Years,211,98,113,154,73,81,14,6,8,1,0,1,2,0,2,40,19,21
LAVACA COUNTY,285,31 Years,211,101,110,148,70,78,14,5,9,0,0,0,2,1,1,47,25,22
LAVACA COUNTY,285,32 Years,214,94,120,149,64,85,8,4,4,0,0,0,2,2,0,55,24,31
LAVACA COUNTY,285,33 Years,209,98,111,144,66,78,9,5,4,1,1,0,1,0,1,54,26,28
LAVACA COUNTY,285,34 Years,239,121,118,172,92,80,14,7,7,0,0,0,2,1,1,51,21,30
LAVACA COUNTY,285,35 Years,236,133,103,156,91,65,16,10,6,0,0,0,2,1,1,62,31,31
LAVACA COUNTY,285,36 Years,204,100,104,141,64,77,15,9,6,0,0,0,1,1,0,47,26,21
LAVACA COUNTY,285,37 Years,209,109,100,137,74,63,12,8,4,0,0,0,0,0,0,60,27,33
LAVACA COUNTY,285,38 Years,219,113,106,141,73,68,14,8,6,2,1,1,1,1,0,61,30,31
LAVACA COUNTY,285,39 Years,217,110,107,146,78,68,11,4,7,1,1,0,3,2,1,56,25,31
LAVACA COUNTY,285,40 Years,182,92,90,123,64,59,10,4,6,0,0,0,2,2,0,47,22,25
LAVACA COUNTY,285,41 Years,202,103,99,124,63,61,19,13,6,3,1,2,2,0,2,54,26,28
LAVACA COUNTY,285,42 Years,215,121,94,144,82,62,11,7,4,4,0,4,2,1,1,54,31,23
LAVACA COUNTY,285,43 Years,206,104,102,145,67,78,10,7,3,2,0,2,2,2,0,47,28,19
LAVACA COUNTY,285,44 Years,197,94,103,138,61,77,13,8,5,1,0,1,1,1,0,44,24,20
LAVACA COUNTY,285,45 Years,212,112,100,151,79,72,14,7,7,0,0,0,0,0,0,47,26,21
LAVACA COUNTY,285,46 Years,212,105,107,145,71,74,16,7,9,2,1,1,0,0,0,49,26,23
LAVACA COUNTY,285,47 Years,214,107,107,150,70,80,16,9,7,1,0,1,1,1,0,46,27,19
LAVACA COUNTY,285,48 Years,213,104,109,166,82,84,15,7,8,1,1,0,1,0,1,30,14,16
LAVACA COUNTY,285,49 Years,206,100,106,159,79,80,14,7,7,1,0,1,3,2,1,29,12,17
LAVACA COUNTY,285,50 Years,236,126,110,181,95,86,15,7,8,0,0,0,2,1,1,38,23,15
LAVACA COUNTY,285,51 Years,224,119,105,174,93,81,15,8,7,2,1,1,3,0,3,30,17,13
LAVACA COUNTY,285,52 Years,264,148,116,213,123,90,15,7,8,0,0,0,4,2,2,32,16,16
LAVACA COUNTY,285,53 Years,250,138,112,201,109,92,12,6,6,0,0,0,4,2,2,33,21,12
LAVACA COUNTY,285,54 Years,265,128,137,211,100,111,14,7,7,1,0,1,2,1,1,37,20,17
LAVACA COUNTY,285,55 Years,274,127,147,227,104,123,16,7,9,1,0,1,4,3,1,26,13,13
LAVACA COUNTY,285,56 Years,265,136,129,224,115,109,17,7,10,0,0,0,2,2,0,22,12,10
LAVACA COUNTY,285,57 Years,259,128,131,218,110,108,18,8,10,0,0,0,1,1,0,22,9,13
LAVACA COUNTY,285,58 Years,261,141,120,221,121,100,12,9,3,0,0,0,4,1,3,24,10,14
LAVACA COUNTY,285,59 Years,276,125,151,224,106,118,17,6,11,0,0,0,2,0,2,33,13,20
LAVACA COUNTY,285,60 Years,269,114,155,219,97,122,14,2,12,0,0,0,5,2,3,31,13,18
LAVACA COUNTY,285,61 Years,269,133,136,216,111,105,17,7,10,0,0,0,5,2,3,31,13,18
LAVACA COUNTY,285,62 Years,271,138,133,228,120,108,13,4,9,0,0,0,2,1,1,28,13,15
LAVACA COUNTY,285,63 Years,284,130,154,240,107,133,16,10,6,1,1,0,0,0,0,27,12,15
LAVACA COUNTY,285,64 Years,272,130,142,233,115,118,18,7,11,1,0,1,0,0,0,20,8,12
LAVACA COUNTY,285,65 Years,276,135,141,232,116,116,14,6,8,1,0,1,2,2,0,27,11,16
LAVACA COUNTY,285,66 Years,269,132,137,221,112,109,16,6,10,0,0,0,3,1,2,29,13,16
LAVACA COUNTY,285,67 Years,266,137,129,224,112,112,14,8,6,0,0,0,1,1,0,27,16,11
LAVACA COUNTY,285,68 Years,264,138,126,223,111,112,18,10,8,0,0,0,3,3,0,20,14,6
LAVACA COUNTY,285,69 Years,274,135,139,231,113,118,17,7,10,1,0,1,5,3,2,20,12,8
LAVACA COUNTY,285,70 Years,263,127,136,219,103,116,17,8,9,1,0,1,3,2,1,23,14,9
LAVACA COUNTY,285,71 Years,213,98,115,177,83,94,18,8,10,1,0,1,1,0,1,16,7,9
LAVACA COUNTY,285,72 Years,178,89,89,152,77,75,13,5,8,0,0,0,1,0,1,12,7,5
LAVACA COUNTY,285,73 Years,182,83,99,156,72,84,9,3,6,0,0,0,2,1,1,15,7,8
LAVACA COUNTY,285,74 Years,200,90,110,167,73,94,13,7,6,0,0,0,2,1,1,18,9,9
LAVACA COUNTY,285,75 Years,180,87,93,155,73,82,11,5,6,0,0,0,1,1,0,13,8,5
LAVACA COUNTY,285,76 Years,164,75,89,134,63,71,15,5,10,0,0,0,1,0,1,14,7,7
LAVACA COUNTY,285,77 Years,134,63,71,110,56,54,13,3,10,1,0,1,1,0,1,9,4,5
LAVACA COUNTY,285,78 Years,139,70,69,120,63,57,7,3,4,0,0,0,4,1,3,8,3,5
LAVACA COUNTY,285,79 Years,137,60,77,121,55,66,10,3,7,0,0,0,2,1,1,4,1,3
LAVACA COUNTY,285,80 Years,134,52,82,117,46,71,6,2,4,1,0,1,1,0,1,9,4,5
LAVACA COUNTY,285,81 Years,129,59,70,115,51,64,6,4,2,0,0,0,1,0,1,7,4,3
LAVACA COUNTY,285,82 Years,113,47,66,94,39,55,9,4,5,0,0,0,1,0,1,9,4,5
LAVACA COUNTY,285,83 Years,105,46,59,86,38,48,10,5,5,1,0,1,0,0,0,8,3,5
LAVACA COUNTY,285,84 Years,101,41,60,86,35,51,7,3,4,1,0,1,0,0,0,7,3,4
LAVACA COUNTY,285,85 Years,87,31,56,73,24,49,4,2,2,0,0,0,0,0,0,10,5,5
LAVACA COUNTY,285,86 Years,92,36,56,78,30,48,6,2,4,0,0,0,0,0,0,8,4,4
LAVACA COUNTY,285,87 Years,81,29,52,68,25,43,7,2,5,0,0,0,0,0,0,6,2,4
LAVACA COUNTY,285,88 Years,64,25,39,52,19,33,6,4,2,0,0,0,1,0,1,5,2,3
LAVACA COUNTY,285,89 Years,57,22,35,47,17,30,4,2,2,0,0,0,1,1,0,5,2,3
LAVACA COUNTY,285,90 Years,53,20,33,42,16,26,4,1,3,1,1,0,1,0,1,5,2,3
LAVACA COUNTY,285,91 Years,57,20,37,44,15,29,5,2,3,0,0,0,1,0,1,7,3,4
LAVACA COUNTY,285,92 Years,47,13,34,38,10,28,4,1,3,0,0,0,0,0,0,5,2,3
LAVACA COUNTY,285,93 Years,34,11,23,29,9,20,3,1,2,0,0,0,0,0,0,2,1,1
LAVACA COUNTY,285,94 Years,28,10,18,21,7,14,3,1,2,0,0,0,0,0,0,4,2,2
LAVACA COUNTY,285,95 Years +,70,16,54,52,10,42,9,2,7,0,0,0,0,0,0,9,4,5
LEE COUNTY,287,All Ages,17346,8767,8579,10793,5336,5457,1859,977,882,54,32,22,332,163,169,4308,2259,2049
LEE COUNTY,287,< 1 Year,216,108,108,106,52,54,18,11,7,0,0,0,12,4,8,80,41,39
LEE COUNTY,287,1 Years,219,106,113,111,54,57,19,10,9,0,0,0,9,2,7,80,40,40
LEE COUNTY,287,2 Years,228,107,121,113,51,62,20,11,9,0,0,0,11,5,6,84,40,44
LEE COUNTY,287,3 Years,221,106,115,108,51,57,18,10,8,1,0,1,9,3,6,85,42,43
LEE COUNTY,287,4 Years,217,111,106,106,55,51,19,11,8,2,1,1,10,5,5,80,39,41
LEE COUNTY,287,5 Years,201,102,99,102,51,51,15,8,7,1,1,0,6,3,3,77,39,38
LEE COUNTY,287,6 Years,211,103,108,108,53,55,17,8,9,1,1,0,6,3,3,79,38,41
LEE COUNTY,287,7 Years,224,120,104,111,59,52,18,8,10,0,0,0,6,5,1,89,48,41
LEE COUNTY,287,8 Years,213,104,109,102,45,57,18,9,9,0,0,0,5,5,0,88,45,43
LEE COUNTY,287,9 Years,214,104,110,102,48,54,20,10,10,0,0,0,6,4,2,86,42,44
LEE COUNTY,287,10 Years,222,108,114,108,45,63,14,8,6,0,0,0,8,6,2,92,49,43
LEE COUNTY,287,11 Years,221,103,118,104,43,61,11,4,7,1,1,0,11,4,7,94,51,43
LEE COUNTY,287,12 Years,212,103,109,110,55,55,16,6,10,1,1,0,11,5,6,74,36,38
LEE COUNTY,287,13 Years,234,111,123,122,59,63,19,10,9,1,1,0,9,4,5,83,37,46
LEE COUNTY,287,14 Years,230,94,136,121,50,71,22,7,15,0,0,0,7,4,3,80,33,47
LEE COUNTY,287,15 Years,267,149,118,146,86,60,24,12,12,1,1,0,9,5,4,87,45,42
LEE COUNTY,287,16 Years,309,197,112,163,102,61,30,23,7,2,1,1,12,9,3,102,62,40
LEE COUNTY,287,17 Years,309,200,109,153,102,51,35,26,9,2,0,2,11,8,3,108,64,44
LEE COUNTY,287,18 Years,313,201,112,169,106,63,42,34,8,2,1,1,9,5,4,91,55,36
LEE COUNTY,287,19 Years,245,142,103,125,75,50,24,14,10,1,0,1,7,4,3,88,49,39
LEE COUNTY,287,20 Years,226,118,108,114,62,52,22,12,10,0,0,0,8,4,4,82,40,42
LEE COUNTY,287,21 Years,241,134,107,127,69,58,21,14,7,0,0,0,6,4,2,87,47,40
LEE COUNTY,287,22 Years,235,107,128,121,54,67,28,14,14,1,0,1,6,0,6,79,39,40
LEE COUNTY,287,23 Years,236,123,113,113,52,61,34,23,11,2,1,1,3,0,3,84,47,37
LEE COUNTY,287,24 Years,248,133,115,103,48,55,51,32,19,0,0,0,2,0,2,92,53,39
LEE COUNTY,287,25 Years,238,129,109,117,63,54,44,26,18,2,1,1,1,0,1,74,39,35
LEE COUNTY,287,26 Years,172,87,85,86,44,42,21,16,5,1,1,0,1,0,1,63,26,37
LEE COUNTY,287,27 Years,172,96,76,78,47,31,33,20,13,2,2,0,2,1,1,57,26,31
LEE COUNTY,287,28 Years,187,105,82,86,48,38,31,20,11,1,1,0,1,1,0,68,35,33
LEE COUNTY,287,29 Years,183,89,94,102,48,54,20,10,10,2,1,1,1,0,1,58,30,28
LEE COUNTY,287,30 Years,175,91,84,101,46,55,16,9,7,2,1,1,0,0,0,56,35,21
LEE COUNTY,287,31 Years,162,79,83,86,39,47,21,11,10,0,0,0,0,0,0,55,29,26
LEE COUNTY,287,32 Years,181,92,89,117,56,61,18,9,9,0,0,0,1,1,0,45,26,19
LEE COUNTY,287,33 Years,153,79,74,90,46,44,13,5,8,0,0,0,2,0,2,48,28,20
LEE COUNTY,287,34 Years,171,78,93,93,39,54,18,11,7,0,0,0,6,3,3,54,25,29
LEE COUNTY,287,35 Years,179,86,93,110,51,59,19,8,11,0,0,0,1,1,0,49,26,23
LEE COUNTY,287,36 Years,188,95,93,115,54,61,17,11,6,0,0,0,2,1,1,54,29,25
LEE COUNTY,287,37 Years,185,111,74,116,69,47,14,9,5,0,0,0,2,1,1,53,32,21
LEE COUNTY,287,38 Years,193,107,86,122,65,57,10,7,3,0,0,0,3,1,2,58,34,24
LEE COUNTY,287,39 Years,191,95,96,123,58,65,11,7,4,1,0,1,4,2,2,52,28,24
LEE COUNTY,287,40 Years,184,87,97,123,56,67,11,6,5,0,0,0,1,0,1,49,25,24
LEE COUNTY,287,41 Years,174,82,92,114,50,64,14,5,9,0,0,0,1,0,1,45,27,18
LEE COUNTY,287,42 Years,168,87,81,100,52,48,19,9,10,1,1,0,5,2,3,43,23,20
LEE COUNTY,287,43 Years,179,95,84,119,64,55,16,11,5,1,0,1,2,0,2,41,20,21
LEE COUNTY,287,44 Years,185,103,82,126,67,59,16,10,6,0,0,0,0,0,0,43,26,17
LEE COUNTY,287,45 Years,187,93,94,113,59,54,21,10,11,0,0,0,0,0,0,53,24,29
LEE COUNTY,287,46 Years,187,97,90,119,61,58,26,14,12,0,0,0,2,1,1,40,21,19
LEE COUNTY,287,47 Years,203,91,112,127,60,67,27,11,16,2,1,1,2,1,1,45,18,27
LEE COUNTY,287,48 Years,208,94,114,121,55,66,22,10,12,1,0,1,5,1,4,59,28,31
LEE COUNTY,287,49 Years,189,91,98,120,57,63,20,9,11,1,0,1,4,2,2,44,23,21
LEE COUNTY,287,50 Years,200,100,100,134,65,69,20,11,9,1,0,1,1,1,0,44,23,21
LEE COUNTY,287,51 Years,216,108,108,141,75,66,17,8,9,1,1,0,1,0,1,56,24,32
LEE COUNTY,287,52 Years,226,104,122,145,67,78,27,11,16,0,0,0,4,0,4,50,26,24
LEE COUNTY,287,53 Years,219,106,113,154,73,81,26,14,12,0,0,0,4,1,3,35,18,17
LEE COUNTY,287,54 Years,235,109,126,170,77,93,25,11,14,1,1,0,6,3,3,33,17,16
LEE COUNTY,287,55 Years,265,127,138,191,88,103,30,15,15,2,2,0,3,2,1,39,20,19
LEE COUNTY,287,56 Years,273,144,129,183,93,90,36,19,17,2,2,0,1,0,1,51,30,21
LEE COUNTY,287,57 Years,264,131,133,180,88,92,31,15,16,2,0,2,2,1,1,49,27,22
LEE COUNTY,287,58 Years,257,127,130,186,89,97,27,12,15,2,1,1,3,3,0,39,22,17
LEE COUNTY,287,59 Years,262,132,130,187,89,98,25,12,13,1,1,0,3,2,1,46,28,18
LEE COUNTY,287,60 Years,254,135,119,183,92,91,35,20,15,1,1,0,1,1,0,34,21,13
LEE COUNTY,287,61 Years,254,123,131,188,90,98,28,15,13,0,0,0,4,2,2,34,16,18
LEE COUNTY,287,62 Years,264,135,129,208,107,101,24,10,14,0,0,0,2,1,1,30,17,13
LEE COUNTY,287,63 Years,232,121,111,177,93,84,24,11,13,0,0,0,5,1,4,26,16,10
LEE COUNTY,287,64 Years,205,107,98,151,75,76,25,14,11,1,0,1,4,1,3,24,17,7
LEE COUNTY,287,65 Years,195,107,88,148,85,63,27,12,15,0,0,0,3,1,2,17,9,8
LEE COUNTY,287,66 Years,191,98,93,150,76,74,18,9,9,2,2,0,1,0,1,20,11,9
LEE COUNTY,287,67 Years,187,92,95,143,69,74,22,11,11,0,0,0,2,2,0,20,10,10
LEE COUNTY,287,68 Years,181,90,91,145,71,74,19,10,9,0,0,0,3,1,2,14,8,6
LEE COUNTY,287,69 Years,188,89,99,152,73,79,19,6,13,0,0,0,4,3,1,13,7,6
LEE COUNTY,287,70 Years,183,90,93,152,73,79,17,10,7,0,0,0,2,2,0,12,5,7
LEE COUNTY,287,71 Years,146,79,67,118,64,54,15,6,9,0,0,0,1,1,0,12,8,4
LEE COUNTY,287,72 Years,141,76,65,109,57,52,16,10,6,0,0,0,4,3,1,12,6,6
LEE COUNTY,287,73 Years,144,73,71,110,54,56,16,9,7,0,0,0,3,2,1,15,8,7
LEE COUNTY,287,74 Years,145,66,79,114,55,59,17,4,13,0,0,0,3,1,2,11,6,5
LEE COUNTY,287,75 Years,146,70,76,115,51,64,14,7,7,1,1,0,1,1,0,15,10,5
LEE COUNTY,287,76 Years,137,70,67,109,55,54,16,8,8,1,1,0,2,1,1,9,5,4
LEE COUNTY,287,77 Years,123,58,65,103,51,52,11,4,7,0,0,0,2,0,2,7,3,4
LEE COUNTY,287,78 Years,109,47,62,83,36,47,16,7,9,0,0,0,0,0,0,10,4,6
LEE COUNTY,287,79 Years,113,46,67,82,32,50,19,7,12,0,0,0,3,1,2,9,6,3
LEE COUNTY,287,80 Years,102,48,54,80,37,43,12,6,6,0,0,0,2,1,1,8,4,4
LEE COUNTY,287,81 Years,107,46,61,81,36,45,13,5,8,0,0,0,1,1,0,12,4,8
LEE COUNTY,287,82 Years,98,44,54,75,35,40,14,5,9,0,0,0,1,1,0,8,3,5
LEE COUNTY,287,83 Years,74,35,39,61,28,33,10,5,5,0,0,0,0,0,0,3,2,1
LEE COUNTY,287,84 Years,64,29,35,51,25,26,8,2,6,0,0,0,0,0,0,5,2,3
LEE COUNTY,287,85 Years,67,28,39,53,23,30,9,3,6,0,0,0,0,0,0,5,2,3
LEE COUNTY,287,86 Years,57,29,28,45,22,23,8,4,4,0,0,0,1,1,0,3,2,1
LEE COUNTY,287,87 Years,63,22,41,50,17,33,10,4,6,0,0,0,1,1,0,2,0,2
LEE COUNTY,287,88 Years,54,19,35,43,16,27,8,3,5,0,0,0,0,0,0,3,0,3
LEE COUNTY,287,89 Years,36,14,22,26,11,15,5,1,4,0,0,0,0,0,0,5,2,3
LEE COUNTY,287,90 Years,31,13,18,27,11,16,2,1,1,0,0,0,0,0,0,2,1,1
LEE COUNTY,287,91 Years,28,10,18,21,7,14,5,2,3,0,0,0,0,0,0,2,1,1
LEE COUNTY,287,92 Years,24,10,14,20,7,13,3,2,1,0,0,0,0,0,0,1,1,0
LEE COUNTY,287,93 Years,22,8,14,17,6,11,4,2,2,0,0,0,0,0,0,1,0,1
LEE COUNTY,287,94 Years,18,6,12,13,4,9,5,2,3,0,0,0,0,0,0,0,0,0
LEE COUNTY,287,95 Years +,40,13,27,27,7,20,8,3,5,0,0,0,0,0,0,5,3,2
LEON COUNTY,289,All Ages,17533,8764,8769,13357,6630,6727,1191,582,609,91,35,56,248,114,134,2646,1403,1243
LEON COUNTY,289,< 1 Year,225,120,105,158,82,76,7,4,3,2,1,1,5,2,3,53,31,22
LEON COUNTY,289,1 Years,226,124,102,161,88,73,5,3,2,2,1,1,4,2,2,54,30,24
LEON COUNTY,289,2 Years,223,119,104,156,84,72,6,2,4,2,1,1,5,2,3,54,30,24
LEON COUNTY,289,3 Years,222,113,109,155,81,74,8,3,5,2,1,1,4,2,2,53,26,27
LEON COUNTY,289,4 Years,235,121,114,164,87,77,7,3,4,4,2,2,8,4,4,52,25,27
LEON COUNTY,289,5 Years,233,121,112,167,86,81,9,6,3,3,2,1,8,5,3,46,22,24
LEON COUNTY,289,6 Years,238,123,115,172,94,78,8,5,3,5,2,3,7,3,4,46,19,27
LEON COUNTY,289,7 Years,230,112,118,167,85,82,9,1,8,0,0,0,5,1,4,49,25,24
LEON COUNTY,289,8 Years,204,114,90,132,75,57,11,6,5,1,1,0,6,3,3,54,29,25
LEON COUNTY,289,9 Years,201,111,90,126,73,53,10,5,5,2,1,1,3,1,2,60,31,29
LEON COUNTY,289,10 Years,205,115,90,137,75,62,8,4,4,0,0,0,2,1,1,58,35,23
LEON COUNTY,289,11 Years,218,112,106,145,72,73,13,8,5,1,0,1,2,2,0,57,30,27
LEON COUNTY,289,12 Years,200,99,101,134,67,67,13,6,7,1,0,1,2,1,1,50,25,25
LEON COUNTY,289,13 Years,194,104,90,127,71,56,9,4,5,2,0,2,4,2,2,52,27,25
LEON COUNTY,289,14 Years,188,78,110,121,49,72,12,8,4,0,0,0,1,0,1,54,21,33
LEON COUNTY,289,15 Years,209,96,113,142,64,78,10,6,4,0,0,0,3,1,2,54,25,29
LEON COUNTY,289,16 Years,199,97,102,121,62,59,20,7,13,1,0,1,4,2,2,53,26,27
LEON COUNTY,289,17 Years,194,98,96,131,67,64,16,9,7,1,0,1,2,1,1,44,21,23
LEON COUNTY,289,18 Years,197,104,93,135,73,62,11,6,5,1,0,1,6,3,3,44,22,22
LEON COUNTY,289,19 Years,185,106,79,121,76,45,16,8,8,0,0,0,5,2,3,43,20,23
LEON COUNTY,289,20 Years,166,93,73,113,65,48,13,7,6,1,0,1,5,2,3,34,19,15
LEON COUNTY,289,21 Years,157,76,81,106,51,55,10,4,6,1,1,0,3,1,2,37,19,18
LEON COUNTY,289,22 Years,185,100,85,120,65,55,14,5,9,1,1,0,4,0,4,46,29,17
LEON COUNTY,289,23 Years,194,105,89,125,67,58,16,7,9,4,1,3,3,1,2,46,29,17
LEON COUNTY,289,24 Years,210,101,109,134,62,72,18,10,8,2,1,1,4,3,1,52,25,27
LEON COUNTY,289,25 Years,215,119,96,146,79,67,13,7,6,0,0,0,4,3,1,52,30,22
LEON COUNTY,289,26 Years,212,110,102,159,79,80,11,5,6,0,0,0,1,1,0,41,25,16
LEON COUNTY,289,27 Years,179,87,92,121,54,67,15,8,7,2,1,1,2,1,1,39,23,16
LEON COUNTY,289,28 Years,179,87,92,130,58,72,9,4,5,0,0,0,3,2,1,37,23,14
LEON COUNTY,289,29 Years,178,93,85,131,67,64,11,5,6,0,0,0,3,2,1,33,19,14
LEON COUNTY,289,30 Years,190,89,101,142,67,75,6,3,3,3,0,3,1,1,0,38,18,20
LEON COUNTY,289,31 Years,211,99,112,160,76,84,13,5,8,1,0,1,1,1,0,36,17,19
LEON COUNTY,289,32 Years,199,92,107,149,63,86,10,6,4,0,0,0,0,0,0,40,23,17
LEON COUNTY,289,33 Years,200,97,103,147,63,84,11,9,2,0,0,0,0,0,0,42,25,17
LEON COUNTY,289,34 Years,178,88,90,127,61,66,12,8,4,0,0,0,1,0,1,38,19,19
LEON COUNTY,289,35 Years,174,89,85,130,66,64,10,6,4,0,0,0,1,0,1,33,17,16
LEON COUNTY,289,36 Years,177,111,66,131,76,55,9,8,1,0,0,0,2,2,0,35,25,10
LEON COUNTY,289,37 Years,206,101,105,144,67,77,9,5,4,1,0,1,3,0,3,49,29,20
LEON COUNTY,289,38 Years,173,79,94,122,53,69,8,4,4,0,0,0,5,1,4,38,21,17
LEON COUNTY,289,39 Years,181,88,93,127,66,61,10,4,6,1,0,1,3,1,2,40,17,23
LEON COUNTY,289,40 Years,187,97,90,144,77,67,13,4,9,1,0,1,0,0,0,29,16,13
LEON COUNTY,289,41 Years,148,72,76,110,58,52,12,3,9,0,0,0,1,1,0,25,10,15
LEON COUNTY,289,42 Years,166,85,81,121,62,59,9,4,5,0,0,0,1,0,1,35,19,16
LEON COUNTY,289,43 Years,164,76,88,119,54,65,16,7,9,0,0,0,1,0,1,28,15,13
LEON COUNTY,289,44 Years,147,72,75,108,51,57,10,6,4,2,1,1,2,0,2,25,14,11
LEON COUNTY,289,45 Years,191,104,87,135,73,62,10,5,5,1,1,0,3,1,2,42,24,18
LEON COUNTY,289,46 Years,189,100,89,144,78,66,10,5,5,3,1,2,3,2,1,29,14,15
LEON COUNTY,289,47 Years,165,74,91,127,53,74,11,7,4,1,0,1,2,2,0,24,12,12
LEON COUNTY,289,48 Years,147,68,79,113,51,62,15,6,9,1,0,1,2,2,0,16,9,7
LEON COUNTY,289,49 Years,160,72,88,122,49,73,16,8,8,1,1,0,0,0,0,21,14,7
LEON COUNTY,289,50 Years,193,90,103,144,64,80,13,7,6,3,2,1,2,2,0,31,15,16
LEON COUNTY,289,51 Years,190,96,94,141,71,70,14,10,4,2,2,0,3,2,1,30,11,19
LEON COUNTY,289,52 Years,248,121,127,183,87,96,18,12,6,3,0,3,3,1,2,41,21,20
LEON COUNTY,289,53 Years,237,112,125,173,82,91,19,8,11,4,3,1,3,1,2,38,18,20
LEON COUNTY,289,54 Years,229,105,124,181,84,97,18,7,11,1,1,0,4,2,2,25,11,14
LEON COUNTY,289,55 Years,233,117,116,183,92,91,21,10,11,1,0,1,2,1,1,26,14,12
LEON COUNTY,289,56 Years,253,136,117,200,105,95,19,13,6,2,0,2,4,3,1,28,15,13
LEON COUNTY,289,57 Years,275,136,139,225,106,119,18,10,8,2,0,2,4,2,2,26,18,8
LEON COUNTY,289,58 Years,248,125,123,210,106,104,17,8,9,1,0,1,1,1,0,19,10,9
LEON COUNTY,289,59 Years,293,150,143,242,123,119,24,15,9,0,0,0,3,1,2,24,11,13
LEON COUNTY,289,60 Years,275,127,148,227,102,125,24,12,12,1,1,0,5,0,5,18,12,6
LEON COUNTY,289,61 Years,242,111,131,198,95,103,20,6,14,3,2,1,1,0,1,20,8,12
LEON COUNTY,289,62 Years,255,145,110,210,121,89,22,11,11,2,0,2,1,0,1,20,13,7
LEON COUNTY,289,63 Years,276,151,125,234,128,106,21,12,9,1,0,1,5,1,4,15,10,5
LEON COUNTY,289,64 Years,260,134,126,226,113,113,16,10,6,1,1,0,3,2,1,14,8,6
LEON COUNTY,289,65 Years,263,127,136,223,106,117,23,9,14,1,1,0,3,2,1,13,9,4
LEON COUNTY,289,66 Years,233,112,121,193,95,98,23,9,14,1,0,1,3,2,1,13,6,7
LEON COUNTY,289,67 Years,249,123,126,213,105,108,21,12,9,1,0,1,7,4,3,7,2,5
LEON COUNTY,289,68 Years,249,110,139,217,99,118,13,5,8,1,0,1,7,1,6,11,5,6
LEON COUNTY,289,69 Years,253,117,136,223,104,119,12,5,7,0,0,0,3,0,3,15,8,7
LEON COUNTY,289,70 Years,248,113,135,219,98,121,14,6,8,1,1,0,3,2,1,11,6,5
LEON COUNTY,289,71 Years,207,100,107,183,88,95,12,5,7,0,0,0,3,1,2,9,6,3
LEON COUNTY,289,72 Years,209,97,112,188,91,97,14,4,10,1,0,1,1,0,1,5,2,3
LEON COUNTY,289,73 Years,227,116,111,201,105,96,15,6,9,0,0,0,2,2,0,9,3,6
LEON COUNTY,289,74 Years,225,116,109,202,99,103,15,11,4,0,0,0,2,2,0,6,4,2
LEON COUNTY,289,75 Years,192,92,100,171,81,90,11,5,6,0,0,0,2,1,1,8,5,3
LEON COUNTY,289,76 Years,179,84,95,156,72,84,16,8,8,0,0,0,1,1,0,6,3,3
LEON COUNTY,289,77 Years,165,84,81,147,74,73,14,7,7,0,0,0,0,0,0,4,3,1
LEON COUNTY,289,78 Years,160,83,77,140,73,67,13,5,8,0,0,0,0,0,0,7,5,2
LEON COUNTY,289,79 Years,137,67,70,119,57,62,12,7,5,0,0,0,1,0,1,5,3,2
LEON COUNTY,289,80 Years,128,61,67,111,52,59,13,7,6,0,0,0,1,0,1,3,2,1
LEON COUNTY,289,81 Years,109,53,56,92,48,44,11,3,8,1,0,1,3,1,2,2,1,1
LEON COUNTY,289,82 Years,107,52,55,92,45,47,11,4,7,0,0,0,2,1,1,2,2,0
LEON COUNTY,289,83 Years,90,45,45,78,39,39,8,3,5,0,0,0,0,0,0,4,3,1
LEON COUNTY,289,84 Years,83,39,44,71,36,35,7,1,6,0,0,0,1,0,1,4,2,2
LEON COUNTY,289,85 Years,70,35,35,60,31,29,7,3,4,0,0,0,0,0,0,3,1,2
LEON COUNTY,289,86 Years,60,27,33,51,22,29,8,4,4,0,0,0,0,0,0,1,1,0
LEON COUNTY,289,87 Years,63,31,32,49,23,26,9,4,5,0,0,0,2,1,1,3,3,0
LEON COUNTY,289,88 Years,56,24,32,42,18,24,9,4,5,0,0,0,3,1,2,2,1,1
LEON COUNTY,289,89 Years,45,21,24,37,17,20,7,4,3,0,0,0,0,0,0,1,0,1
LEON COUNTY,289,90 Years,43,20,23,34,15,19,6,3,3,0,0,0,0,0,0,3,2,1
LEON COUNTY,289,91 Years,33,15,18,27,11,16,4,2,2,0,0,0,1,1,0,1,1,0
LEON COUNTY,289,92 Years,27,10,17,20,9,11,4,1,3,0,0,0,1,0,1,2,0,2
LEON COUNTY,289,93 Years,21,9,12,14,6,8,5,2,3,0,0,0,1,1,0,1,0,1
LEON COUNTY,289,94 Years,13,6,7,9,4,5,3,1,2,0,0,0,1,1,0,0,0,0
LEON COUNTY,289,95 Years +,28,8,20,19,6,13,9,2,7,0,0,0,0,0,0,0,0,0
LIBERTY COUNTY,291,All Ages,83381,41111,42270,54402,26570,27832,8079,3780,4299,398,194,204,1577,748,829,18925,9819,9106
LIBERTY COUNTY,291,< 1 Year,1136,596,540,585,307,278,79,44,35,4,3,1,41,20,21,427,222,205
LIBERTY COUNTY,291,1 Years,1168,598,570,608,314,294,84,42,42,7,4,3,38,16,22,431,222,209
LIBERTY COUNTY,291,2 Years,1175,607,568,626,319,307,86,46,40,6,3,3,38,18,20,419,221,198
LIBERTY COUNTY,291,3 Years,1187,605,582,650,328,322,84,43,41,7,3,4,36,18,18,410,213,197
LIBERTY COUNTY,291,4 Years,1176,599,577,639,324,315,82,43,39,5,3,2,38,22,16,412,207,205
LIBERTY COUNTY,291,5 Years,1166,591,575,624,319,305,84,43,41,7,4,3,41,23,18,410,202,208
LIBERTY COUNTY,291,6 Years,1178,598,580,626,320,306,91,47,44,7,4,3,38,22,16,416,205,211
LIBERTY COUNTY,291,7 Years,1155,550,605,625,306,319,92,47,45,9,2,7,34,14,20,395,181,214
LIBERTY COUNTY,291,8 Years,1188,594,594,655,333,322,93,46,47,4,0,4,37,20,17,399,195,204
LIBERTY COUNTY,291,9 Years,1181,594,587,653,334,319,90,34,56,5,3,2,35,18,17,398,205,193
LIBERTY COUNTY,291,10 Years,1178,582,596,615,307,308,100,37,63,5,3,2,42,15,27,416,220,196
LIBERTY COUNTY,291,11 Years,1120,551,569,617,303,314,94,47,47,7,2,5,35,13,22,367,186,181
LIBERTY COUNTY,291,12 Years,1085,570,515,576,299,277,98,55,43,7,2,5,28,12,16,376,202,174
LIBERTY COUNTY,291,13 Years,1102,575,527,623,323,300,87,45,42,5,3,2,25,10,15,362,194,168
LIBERTY COUNTY,291,14 Years,1088,534,554,602,292,310,97,49,48,4,2,2,22,9,13,363,182,181
LIBERTY COUNTY,291,15 Years,1020,515,505,576,281,295,86,42,44,4,2,2,24,9,15,330,181,149
LIBERTY COUNTY,291,16 Years,1089,569,520,625,332,293,91,44,47,5,3,2,31,17,14,337,173,164
LIBERTY COUNTY,291,17 Years,1083,554,529,646,344,302,80,38,42,7,1,6,24,13,11,326,158,168
LIBERTY COUNTY,291,18 Years,1062,561,501,608,325,283,92,41,51,3,2,1,32,16,16,327,177,150
LIBERTY COUNTY,291,19 Years,951,507,444,533,289,244,90,39,51,1,0,1,28,17,11,299,162,137
LIBERTY COUNTY,291,20 Years,1007,481,526,543,256,287,115,54,61,2,0,2,36,17,19,311,154,157
LIBERTY COUNTY,291,21 Years,1005,503,502,556,279,277,119,61,58,3,0,3,41,15,26,286,148,138
LIBERTY COUNTY,291,22 Years,1099,549,550,622,312,310,150,69,81,3,2,1,32,21,11,292,145,147
LIBERTY COUNTY,291,23 Years,1116,578,538,654,354,300,133,60,73,0,0,0,34,15,19,295,149,146
LIBERTY COUNTY,291,24 Years,1216,617,599,731,376,355,158,76,82,2,1,1,29,12,17,296,152,144
LIBERTY COUNTY,291,25 Years,1285,632,653,767,378,389,184,89,95,4,0,4,31,16,15,299,149,150
LIBERTY COUNTY,291,26 Years,1332,674,658,788,392,396,200,99,101,4,2,2,22,11,11,318,170,148
LIBERTY COUNTY,291,27 Years,1329,634,695,822,377,445,175,75,100,4,2,2,14,7,7,314,173,141
LIBERTY COUNTY,291,28 Years,1199,601,598,736,357,379,152,75,77,6,4,2,5,4,1,300,161,139
LIBERTY COUNTY,291,29 Years,1205,584,621,738,350,388,148,64,84,6,6,0,13,8,5,300,156,144
LIBERTY COUNTY,291,30 Years,1153,576,577,677,325,352,137,68,69,5,4,1,15,9,6,319,170,149
LIBERTY COUNTY,291,31 Years,1184,569,615,689,329,360,137,59,78,4,3,1,16,10,6,338,168,170
LIBERTY COUNTY,291,32 Years,1140,559,581,692,328,364,125,65,60,10,6,4,9,4,5,304,156,148
LIBERTY COUNTY,291,33 Years,1074,532,542,648,316,332,125,67,58,8,4,4,10,4,6,283,141,142
LIBERTY COUNTY,291,34 Years,1079,505,574,661,312,349,128,56,72,6,3,3,14,2,12,270,132,138
LIBERTY COUNTY,291,35 Years,1024,448,576,638,279,359,99,41,58,8,5,3,9,5,4,270,118,152
LIBERTY COUNTY,291,36 Years,1022,476,546,655,296,359,95,44,51,5,4,1,12,5,7,255,127,128
LIBERTY COUNTY,291,37 Years,1082,533,549,675,328,347,114,49,65,17,13,4,8,4,4,268,139,129
LIBERTY COUNTY,291,38 Years,1019,481,538,627,300,327,110,43,67,10,5,5,10,4,6,262,129,133
LIBERTY COUNTY,291,39 Years,1028,459,569,634,284,350,117,51,66,5,2,3,13,4,9,259,118,141
LIBERTY COUNTY,291,40 Years,1041,490,551,643,304,339,115,54,61,9,4,5,14,6,8,260,122,138
LIBERTY COUNTY,291,41 Years,1083,527,556,706,341,365,114,49,65,7,3,4,12,4,8,244,130,114
LIBERTY COUNTY,291,42 Years,1037,494,543,651,309,342,112,50,62,6,2,4,10,4,6,258,129,129
LIBERTY COUNTY,291,43 Years,992,485,507,617,300,317,107,46,61,8,3,5,9,5,4,251,131,120
LIBERTY COUNTY,291,44 Years,1049,501,548,670,314,356,113,47,66,7,2,5,16,6,10,243,132,111
LIBERTY COUNTY,291,45 Years,1110,548,562,721,350,371,114,48,66,6,3,3,12,7,5,257,140,117
LIBERTY COUNTY,291,46 Years,1111,566,545,735,383,352,114,49,65,3,2,1,7,3,4,252,129,123
LIBERTY COUNTY,291,47 Years,1122,557,565,769,383,386,105,42,63,4,2,2,17,6,11,227,124,103
LIBERTY COUNTY,291,48 Years,1093,543,550,760,375,385,105,41,64,4,3,1,12,8,4,212,116,96
LIBERTY COUNTY,291,49 Years,1024,501,523,692,337,355,107,43,64,4,1,3,16,7,9,205,113,92
LIBERTY COUNTY,291,50 Years,973,488,485,662,327,335,91,38,53,4,3,1,6,3,3,210,117,93
LIBERTY COUNTY,291,51 Years,993,519,474,675,349,326,104,54,50,4,3,1,10,5,5,200,108,92
LIBERTY COUNTY,291,52 Years,1095,562,533,772,407,365,112,46,66,1,1,0,16,9,7,194,99,95
LIBERTY COUNTY,291,53 Years,1122,565,557,789,397,392,107,46,61,2,1,1,13,6,7,211,115,96
LIBERTY COUNTY,291,54 Years,1089,531,558,802,384,418,95,44,51,7,3,4,11,5,6,174,95,79
LIBERTY COUNTY,291,55 Years,1064,536,528,783,389,394,102,46,56,5,2,3,10,6,4,164,93,71
LIBERTY COUNTY,291,56 Years,1096,557,539,813,408,405,110,54,56,4,1,3,14,7,7,155,87,68
LIBERTY COUNTY,291,57 Years,1156,574,582,852,403,449,127,69,58,3,2,1,14,7,7,160,93,67
LIBERTY COUNTY,291,58 Years,1103,535,568,816,380,436,121,64,57,5,2,3,21,12,9,140,77,63
LIBERTY COUNTY,291,59 Years,1082,555,527,813,416,397,110,53,57,7,3,4,23,13,10,129,70,59
LIBERTY COUNTY,291,60 Years,1020,519,501,775,383,392,102,55,47,7,5,2,23,12,11,113,64,49
LIBERTY COUNTY,291,61 Years,999,501,498,786,384,402,93,50,43,5,4,1,13,7,6,102,56,46
LIBERTY COUNTY,291,62 Years,1028,512,516,788,390,398,98,47,51,11,5,6,12,4,8,119,66,53
LIBERTY COUNTY,291,63 Years,985,483,502,765,376,389,90,38,52,7,3,4,14,8,6,109,58,51
LIBERTY COUNTY,291,64 Years,964,501,463,750,386,364,94,45,49,2,1,1,17,7,10,101,62,39
LIBERTY COUNTY,291,65 Years,887,439,448,703,332,371,88,48,40,4,2,2,13,5,8,79,52,27
LIBERTY COUNTY,291,66 Years,850,432,418,665,326,339,80,44,36,5,3,2,14,7,7,86,52,34
LIBERTY COUNTY,291,67 Years,848,433,415,699,351,348,72,35,37,5,3,2,9,4,5,63,40,23
LIBERTY COUNTY,291,68 Years,808,379,429,671,314,357,67,37,30,3,1,2,8,3,5,59,24,35
LIBERTY COUNTY,291,69 Years,785,401,384,663,338,325,55,30,25,6,1,5,8,2,6,53,30,23
LIBERTY COUNTY,291,70 Years,764,366,398,657,318,339,50,22,28,3,0,3,9,2,7,45,24,21
LIBERTY COUNTY,291,71 Years,649,324,325,547,266,281,40,22,18,2,2,0,9,4,5,51,30,21
LIBERTY COUNTY,291,72 Years,589,273,316,493,220,273,35,16,19,1,1,0,15,7,8,45,29,16
LIBERTY COUNTY,291,73 Years,602,277,325,519,239,280,34,15,19,1,0,1,11,4,7,37,19,18
LIBERTY COUNTY,291,74 Years,554,262,292,480,229,251,37,15,22,2,1,1,10,5,5,25,12,13
LIBERTY COUNTY,291,75 Years,531,249,282,456,219,237,36,11,25,2,1,1,13,7,6,24,11,13
LIBERTY COUNTY,291,76 Years,455,213,242,388,180,208,30,14,16,3,0,3,10,6,4,24,13,11
LIBERTY COUNTY,291,77 Years,411,208,203,350,179,171,35,18,17,1,0,1,7,2,5,18,9,9
LIBERTY COUNTY,291,78 Years,369,178,191,316,153,163,23,10,13,0,0,0,7,3,4,23,12,11
LIBERTY COUNTY,291,79 Years,320,153,167,276,127,149,17,8,9,0,0,0,9,5,4,18,13,5
LIBERTY COUNTY,291,80 Years,285,142,143,239,118,121,26,12,14,1,0,1,5,2,3,14,10,4
LIBERTY COUNTY,291,81 Years,261,110,151,225,94,131,18,6,12,1,0,1,4,2,2,13,8,5
LIBERTY COUNTY,291,82 Years,229,98,131,194,87,107,19,4,15,2,0,2,3,1,2,11,6,5
LIBERTY COUNTY,291,83 Years,227,90,137,197,78,119,18,7,11,1,0,1,2,1,1,9,4,5
LIBERTY COUNTY,291,84 Years,220,88,132,189,77,112,17,6,11,0,0,0,5,1,4,9,4,5
LIBERTY COUNTY,291,85 Years,194,78,116,163,64,99,16,8,8,1,0,1,4,2,2,10,4,6
LIBERTY COUNTY,291,86 Years,178,67,111,152,53,99,14,7,7,0,0,0,3,3,0,9,4,5
LIBERTY COUNTY,291,87 Years,162,57,105,130,44,86,19,7,12,0,0,0,3,2,1,10,4,6
LIBERTY COUNTY,291,88 Years,130,46,84,111,39,72,11,4,7,0,0,0,1,0,1,7,3,4
LIBERTY COUNTY,291,89 Years,117,39,78,96,34,62,13,2,11,1,0,1,3,1,2,4,2,2
LIBERTY COUNTY,291,90 Years,103,30,73,87,24,63,9,3,6,0,0,0,4,1,3,3,2,1
LIBERTY COUNTY,291,91 Years,82,24,58,70,18,52,6,3,3,0,0,0,2,0,2,4,3,1
LIBERTY COUNTY,291,92 Years,62,17,45,52,14,38,6,2,4,0,0,0,1,0,1,3,1,2
LIBERTY COUNTY,291,93 Years,52,13,39,41,10,31,5,2,3,0,0,0,0,0,0,6,1,5
LIBERTY COUNTY,291,94 Years,43,11,32,32,8,24,5,2,3,0,0,0,1,0,1,5,1,4
LIBERTY COUNTY,291,95 Years +,97,23,74,71,15,56,15,5,10,0,0,0,2,0,2,9,3,6
LIMESTONE COUNTY,293,All Ages,24009,12382,11627,14025,7084,6941,4011,2033,1978,100,45,55,498,267,231,5375,2953,2422
LIMESTONE COUNTY,293,< 1 Year,301,151,150,121,59,62,44,21,23,0,0,0,15,10,5,121,61,60
LIMESTONE COUNTY,293,1 Years,296,146,150,119,56,63,43,20,23,0,0,0,16,13,3,118,57,61
LIMESTONE COUNTY,293,2 Years,316,158,158,124,59,65,43,20,23,2,1,1,19,14,5,128,64,64
LIMESTONE COUNTY,293,3 Years,305,157,148,121,61,60,37,17,20,2,0,2,21,16,5,124,63,61
LIMESTONE COUNTY,293,4 Years,306,157,149,133,68,65,36,16,20,2,0,2,21,13,8,114,60,54
LIMESTONE COUNTY,293,5 Years,297,149,148,132,69,63,35,16,19,2,1,1,22,12,10,106,51,55
LIMESTONE COUNTY,293,6 Years,296,146,150,135,69,66,40,19,21,2,1,1,15,7,8,104,50,54
LIMESTONE COUNTY,293,7 Years,288,152,136,121,63,58,47,22,25,0,0,0,15,9,6,105,58,47
LIMESTONE COUNTY,293,8 Years,294,149,145,136,66,70,44,22,22,0,0,0,11,4,7,103,57,46
LIMESTONE COUNTY,293,9 Years,296,140,156,121,56,65,49,24,25,1,1,0,8,3,5,117,56,61
LIMESTONE COUNTY,293,10 Years,305,150,155,126,64,62,52,24,28,2,1,1,8,4,4,117,57,60
LIMESTONE COUNTY,293,11 Years,303,156,147,133,73,60,46,23,23,2,1,1,12,5,7,110,54,56
LIMESTONE COUNTY,293,12 Years,279,147,132,112,58,54,49,26,23,0,0,0,14,7,7,104,56,48
LIMESTONE COUNTY,293,13 Years,287,144,143,132,66,66,59,30,29,0,0,0,9,5,4,87,43,44
LIMESTONE COUNTY,293,14 Years,276,141,135,122,64,58,52,27,25,1,0,1,5,2,3,96,48,48
LIMESTONE COUNTY,293,15 Years,313,177,136,135,75,60,60,37,23,0,0,0,14,6,8,104,59,45
LIMESTONE COUNTY,293,16 Years,312,167,145,149,80,69,61,31,30,0,0,0,10,5,5,92,51,41
LIMESTONE COUNTY,293,17 Years,310,168,142,136,83,53,59,28,31,1,0,1,9,3,6,105,54,51
LIMESTONE COUNTY,293,18 Years,296,168,128,134,82,52,59,36,23,1,0,1,14,7,7,88,43,45
LIMESTONE COUNTY,293,19 Years,263,160,103,116,67,49,48,33,15,1,0,1,14,8,6,84,52,32
LIMESTONE COUNTY,293,20 Years,271,156,115,128,74,54,48,30,18,4,3,1,11,4,7,80,45,35
LIMESTONE COUNTY,293,21 Years,268,152,116,119,65,54,57,33,24,2,1,1,8,6,2,82,47,35
LIMESTONE COUNTY,293,22 Years,276,162,114,119,62,57,62,37,25,1,1,0,9,6,3,85,56,29
LIMESTONE COUNTY,293,23 Years,282,158,124,129,64,65,53,29,24,1,1,0,7,6,1,92,58,34
LIMESTONE COUNTY,293,24 Years,297,164,133,141,78,63,62,36,26,1,1,0,4,1,3,89,48,41
LIMESTONE COUNTY,293,25 Years,322,178,144,157,80,77,68,38,30,3,3,0,5,2,3,89,55,34
LIMESTONE COUNTY,293,26 Years,322,200,122,153,89,64,61,35,26,0,0,0,6,4,2,102,72,30
LIMESTONE COUNTY,293,27 Years,349,211,138,173,102,71,66,35,31,0,0,0,12,8,4,98,66,32
LIMESTONE COUNTY,293,28 Years,349,195,154,179,98,81,71,36,35,2,2,0,6,2,4,91,57,34
LIMESTONE COUNTY,293,29 Years,336,200,136,167,97,70,70,43,27,1,1,0,3,0,3,95,59,36
LIMESTONE COUNTY,293,30 Years,302,168,134,167,86,81,60,38,22,1,1,0,1,0,1,73,43,30
LIMESTONE COUNTY,293,31 Years,310,182,128,174,99,75,58,35,23,0,0,0,2,1,1,76,47,29
LIMESTONE COUNTY,293,32 Years,289,150,139,153,79,74,55,27,28,2,1,1,1,0,1,78,43,35
LIMESTONE COUNTY,293,33 Years,292,166,126,153,88,65,54,27,27,1,0,1,3,2,1,81,49,32
LIMESTONE COUNTY,293,34 Years,309,179,130,160,96,64,61,33,28,1,0,1,4,2,2,83,48,35
LIMESTONE COUNTY,293,35 Years,286,160,126,151,80,71,50,23,27,0,0,0,3,2,1,82,55,27
LIMESTONE COUNTY,293,36 Years,286,158,128,143,76,67,56,28,28,0,0,0,2,2,0,85,52,33
LIMESTONE COUNTY,293,37 Years,314,169,145,166,89,77,59,32,27,2,1,1,1,1,0,86,46,40
LIMESTONE COUNTY,293,38 Years,291,170,121,164,93,71,47,27,20,0,0,0,1,0,1,79,50,29
LIMESTONE COUNTY,293,39 Years,299,167,132,152,85,67,62,29,33,3,3,0,3,3,0,79,47,32
LIMESTONE COUNTY,293,40 Years,249,136,113,133,68,65,48,25,23,1,0,1,4,3,1,63,40,23
LIMESTONE COUNTY,293,41 Years,271,145,126,133,67,66,61,36,25,3,2,1,2,1,1,72,39,33
LIMESTONE COUNTY,293,42 Years,267,146,121,148,80,68,47,24,23,0,0,0,2,1,1,70,41,29
LIMESTONE COUNTY,293,43 Years,233,118,115,129,63,66,35,22,13,1,0,1,0,0,0,68,33,35
LIMESTONE COUNTY,293,44 Years,272,146,126,147,78,69,51,30,21,2,1,1,1,1,0,71,36,35
LIMESTONE COUNTY,293,45 Years,271,137,134,159,77,82,47,25,22,0,0,0,4,1,3,61,34,27
LIMESTONE COUNTY,293,46 Years,264,133,131,154,78,76,50,23,27,2,1,1,4,2,2,54,29,25
LIMESTONE COUNTY,293,47 Years,264,134,130,164,80,84,46,21,25,2,2,0,2,0,2,50,31,19
LIMESTONE COUNTY,293,48 Years,254,125,129,149,73,76,49,28,21,1,1,0,3,1,2,52,22,30
LIMESTONE COUNTY,293,49 Years,262,128,134,150,75,75,44,22,22,3,1,2,2,1,1,63,29,34
LIMESTONE COUNTY,293,50 Years,265,114,151,150,69,81,52,20,32,3,1,2,1,1,0,59,23,36
LIMESTONE COUNTY,293,51 Years,260,130,130,158,75,83,47,23,24,1,0,1,0,0,0,54,32,22
LIMESTONE COUNTY,293,52 Years,319,152,167,197,88,109,51,24,27,2,1,1,3,1,2,66,38,28
LIMESTONE COUNTY,293,53 Years,320,159,161,213,108,105,52,22,30,3,2,1,6,2,4,46,25,21
LIMESTONE COUNTY,293,54 Years,315,177,138,206,122,84,53,26,27,0,0,0,6,1,5,50,28,22
LIMESTONE COUNTY,293,55 Years,338,179,159,232,128,104,54,26,28,0,0,0,2,1,1,50,24,26
LIMESTONE COUNTY,293,56 Years,319,156,163,223,106,117,51,28,23,1,0,1,2,2,0,42,20,22
LIMESTONE COUNTY,293,57 Years,332,156,176,225,106,119,55,24,31,1,0,1,3,1,2,48,25,23
LIMESTONE COUNTY,293,58 Years,345,152,193,226,102,124,74,25,49,3,0,3,3,1,2,39,24,15
LIMESTONE COUNTY,293,59 Years,329,155,174,235,112,123,57,21,36,1,0,1,2,0,2,34,22,12
LIMESTONE COUNTY,293,60 Years,335,172,163,236,124,112,61,28,33,2,2,0,0,0,0,36,18,18
LIMESTONE COUNTY,293,61 Years,359,178,181,269,129,140,58,29,29,2,0,2,4,2,2,26,18,8
LIMESTONE COUNTY,293,62 Years,370,193,177,260,130,130,68,36,32,3,0,3,5,4,1,34,23,11
LIMESTONE COUNTY,293,63 Years,350,177,173,265,131,134,50,26,24,1,0,1,7,3,4,27,17,10
LIMESTONE COUNTY,293,64 Years,311,150,161,220,106,114,56,29,27,1,0,1,5,2,3,29,13,16
LIMESTONE COUNTY,293,65 Years,317,139,178,226,95,131,51,25,26,3,2,1,4,2,2,33,15,18
LIMESTONE COUNTY,293,66 Years,308,148,160,229,107,122,51,26,25,1,1,0,4,3,1,23,11,12
LIMESTONE COUNTY,293,67 Years,280,143,137,210,104,106,50,30,20,0,0,0,5,4,1,15,5,10
LIMESTONE COUNTY,293,68 Years,258,126,132,209,100,109,36,20,16,1,0,1,1,1,0,11,5,6
LIMESTONE COUNTY,293,69 Years,296,143,153,251,117,134,28,15,13,0,0,0,4,2,2,13,9,4
LIMESTONE COUNTY,293,70 Years,277,145,132,230,120,110,31,15,16,1,1,0,2,1,1,13,8,5
LIMESTONE COUNTY,293,71 Years,220,117,103,179,95,84,27,15,12,0,0,0,2,1,1,12,6,6
LIMESTONE COUNTY,293,72 Years,234,117,117,179,89,90,25,12,13,2,0,2,3,2,1,25,14,11
LIMESTONE COUNTY,293,73 Years,249,127,122,201,104,97,27,12,15,1,0,1,3,1,2,17,10,7
LIMESTONE COUNTY,293,74 Years,213,94,119,171,78,93,25,8,17,2,1,1,2,1,1,13,6,7
LIMESTONE COUNTY,293,75 Years,192,85,107,162,75,87,17,5,12,1,0,1,1,1,0,11,4,7
LIMESTONE COUNTY,293,76 Years,190,82,108,160,71,89,16,5,11,1,0,1,3,1,2,10,5,5
LIMESTONE COUNTY,293,77 Years,159,76,83,136,69,67,14,5,9,0,0,0,3,0,3,6,2,4
LIMESTONE COUNTY,293,78 Years,151,70,81,130,63,67,11,3,8,1,0,1,6,3,3,3,1,2
LIMESTONE COUNTY,293,79 Years,118,52,66,104,47,57,10,3,7,0,0,0,2,1,1,2,1,1
LIMESTONE COUNTY,293,80 Years,117,52,65,94,45,49,15,4,11,0,0,0,2,1,1,6,2,4
LIMESTONE COUNTY,293,81 Years,121,51,70,99,44,55,11,3,8,0,0,0,1,0,1,10,4,6
LIMESTONE COUNTY,293,82 Years,116,52,64,96,45,51,11,3,8,0,0,0,2,1,1,7,3,4
LIMESTONE COUNTY,293,83 Years,88,37,51,75,32,43,7,2,5,0,0,0,1,0,1,5,3,2
LIMESTONE COUNTY,293,84 Years,89,40,49,77,33,44,9,5,4,0,0,0,2,1,1,1,1,0
LIMESTONE COUNTY,293,85 Years,77,33,44,60,24,36,10,5,5,1,1,0,2,1,1,4,2,2
LIMESTONE COUNTY,293,86 Years,75,30,45,60,24,36,7,3,4,0,0,0,3,1,2,5,2,3
LIMESTONE COUNTY,293,87 Years,75,28,47,61,23,38,10,4,6,0,0,0,0,0,0,4,1,3
LIMESTONE COUNTY,293,88 Years,65,24,41,51,20,31,9,4,5,1,0,1,2,0,2,2,0,2
LIMESTONE COUNTY,293,89 Years,53,24,29,40,18,22,6,2,4,1,0,1,1,1,0,5,3,2
LIMESTONE COUNTY,293,90 Years,41,21,20,31,16,15,7,3,4,0,0,0,0,0,0,3,2,1
LIMESTONE COUNTY,293,91 Years,37,13,24,28,10,18,6,2,4,0,0,0,0,0,0,3,1,2
LIMESTONE COUNTY,293,92 Years,29,9,20,22,7,15,5,2,3,0,0,0,0,0,0,2,0,2
LIMESTONE COUNTY,293,93 Years,25,8,17,18,6,12,3,0,3,0,0,0,0,0,0,4,2,2
LIMESTONE COUNTY,293,94 Years,22,6,16,13,3,10,4,1,3,0,0,0,0,0,0,5,2,3
LIMESTONE COUNTY,293,95 Years +,54,14,40,36,7,29,12,5,7,0,0,0,0,0,0,6,2,4
LIPSCOMB COUNTY,295,All Ages,3368,1741,1627,2173,1095,1078,6,3,3,10,4,6,67,32,35,1112,607,505
LIPSCOMB COUNTY,295,< 1 Year,43,23,20,24,13,11,0,0,0,0,0,0,0,0,0,19,10,9
LIPSCOMB COUNTY,295,1 Years,43,24,19,24,13,11,0,0,0,0,0,0,0,0,0,19,11,8
LIPSCOMB COUNTY,295,2 Years,45,25,20,24,13,11,0,0,0,0,0,0,0,0,0,21,12,9
LIPSCOMB COUNTY,295,3 Years,48,26,22,22,12,10,0,0,0,0,0,0,2,1,1,24,13,11
LIPSCOMB COUNTY,295,4 Years,42,23,19,19,10,9,0,0,0,0,0,0,2,1,1,21,12,9
LIPSCOMB COUNTY,295,5 Years,43,25,18,19,10,9,0,0,0,0,0,0,0,0,0,24,15,9
LIPSCOMB COUNTY,295,6 Years,46,28,18,22,13,9,0,0,0,0,0,0,1,1,0,23,14,9
LIPSCOMB COUNTY,295,7 Years,52,30,22,26,14,12,0,0,0,0,0,0,0,0,0,26,16,10
LIPSCOMB COUNTY,295,8 Years,51,26,25,24,15,9,0,0,0,0,0,0,2,1,1,25,10,15
LIPSCOMB COUNTY,295,9 Years,52,22,30,21,11,10,0,0,0,0,0,0,2,0,2,29,11,18
LIPSCOMB COUNTY,295,10 Years,47,22,25,21,9,12,0,0,0,0,0,0,2,1,1,24,12,12
LIPSCOMB COUNTY,295,11 Years,48,25,23,27,16,11,0,0,0,0,0,0,1,1,0,20,8,12
LIPSCOMB COUNTY,295,12 Years,44,17,27,18,8,10,0,0,0,0,0,0,1,1,0,25,8,17
LIPSCOMB COUNTY,295,13 Years,53,27,26,25,10,15,1,1,0,0,0,0,0,0,0,27,16,11
LIPSCOMB COUNTY,295,14 Years,42,20,22,22,8,14,1,1,0,0,0,0,0,0,0,19,11,8
LIPSCOMB COUNTY,295,15 Years,47,23,24,24,11,13,0,0,0,0,0,0,3,0,3,20,12,8
LIPSCOMB COUNTY,295,16 Years,42,19,23,21,10,11,1,0,1,0,0,0,2,1,1,18,8,10
LIPSCOMB COUNTY,295,17 Years,46,19,27,27,10,17,0,0,0,0,0,0,3,1,2,16,8,8
LIPSCOMB COUNTY,295,18 Years,46,22,24,29,15,14,0,0,0,1,1,0,0,0,0,16,6,10
LIPSCOMB COUNTY,295,19 Years,46,25,21,27,14,13,0,0,0,1,1,0,1,1,0,17,9,8
LIPSCOMB COUNTY,295,20 Years,47,26,21,26,13,13,0,0,0,0,0,0,2,1,1,19,12,7
LIPSCOMB COUNTY,295,21 Years,49,27,22,28,16,12,0,0,0,1,0,1,1,1,0,19,10,9
LIPSCOMB COUNTY,295,22 Years,47,26,21,26,16,10,1,0,1,1,0,1,2,2,0,17,8,9
LIPSCOMB COUNTY,295,23 Years,38,21,17,22,12,10,0,0,0,0,0,0,1,1,0,15,8,7
LIPSCOMB COUNTY,295,24 Years,47,24,23,29,14,15,0,0,0,1,1,0,0,0,0,17,9,8
LIPSCOMB COUNTY,295,25 Years,37,18,19,21,12,9,0,0,0,0,0,0,1,0,1,15,6,9
LIPSCOMB COUNTY,295,26 Years,35,18,17,19,10,9,0,0,0,0,0,0,0,0,0,16,8,8
LIPSCOMB COUNTY,295,27 Years,35,18,17,22,11,11,0,0,0,1,0,1,0,0,0,12,7,5
LIPSCOMB COUNTY,295,28 Years,37,21,16,21,14,7,0,0,0,0,0,0,0,0,0,16,7,9
LIPSCOMB COUNTY,295,29 Years,42,26,16,16,9,7,0,0,0,0,0,0,1,0,1,25,17,8
LIPSCOMB COUNTY,295,30 Years,36,22,14,16,6,10,0,0,0,0,0,0,0,0,0,20,16,4
LIPSCOMB COUNTY,295,31 Years,51,32,19,22,14,8,0,0,0,1,0,1,1,0,1,27,18,9
LIPSCOMB COUNTY,295,32 Years,46,25,21,20,13,7,0,0,0,0,0,0,0,0,0,26,12,14
LIPSCOMB COUNTY,295,33 Years,43,24,19,22,12,10,0,0,0,0,0,0,1,1,0,20,11,9
LIPSCOMB COUNTY,295,34 Years,48,29,19,31,16,15,0,0,0,0,0,0,1,1,0,16,12,4
LIPSCOMB COUNTY,295,35 Years,42,26,16,26,15,11,0,0,0,0,0,0,0,0,0,16,11,5
LIPSCOMB COUNTY,295,36 Years,40,23,17,24,14,10,0,0,0,0,0,0,1,0,1,15,9,6
LIPSCOMB COUNTY,295,37 Years,37,22,15,18,10,8,1,0,1,0,0,0,1,1,0,17,11,6
LIPSCOMB COUNTY,295,38 Years,39,23,16,20,12,8,0,0,0,0,0,0,1,0,1,18,11,7
LIPSCOMB COUNTY,295,39 Years,30,12,18,14,5,9,0,0,0,0,0,0,0,0,0,16,7,9
LIPSCOMB COUNTY,295,40 Years,34,12,22,16,5,11,0,0,0,0,0,0,1,0,1,17,7,10
LIPSCOMB COUNTY,295,41 Years,33,15,18,18,8,10,1,1,0,0,0,0,0,0,0,14,6,8
LIPSCOMB COUNTY,295,42 Years,36,20,16,24,14,10,0,0,0,0,0,0,2,1,1,10,5,5
LIPSCOMB COUNTY,295,43 Years,28,17,11,16,10,6,0,0,0,0,0,0,1,1,0,11,6,5
LIPSCOMB COUNTY,295,44 Years,31,17,14,15,8,7,0,0,0,0,0,0,2,1,1,14,8,6
LIPSCOMB COUNTY,295,45 Years,38,18,20,23,11,12,0,0,0,0,0,0,1,0,1,14,7,7
LIPSCOMB COUNTY,295,46 Years,37,15,22,26,10,16,0,0,0,0,0,0,1,0,1,10,5,5
LIPSCOMB COUNTY,295,47 Years,36,22,14,19,8,11,0,0,0,0,0,0,1,1,0,16,13,3
LIPSCOMB COUNTY,295,48 Years,37,23,14,19,10,9,0,0,0,0,0,0,2,1,1,16,12,4
LIPSCOMB COUNTY,295,49 Years,29,15,14,17,7,10,0,0,0,0,0,0,1,0,1,11,8,3
LIPSCOMB COUNTY,295,50 Years,28,14,14,19,9,10,0,0,0,1,1,0,0,0,0,8,4,4
LIPSCOMB COUNTY,295,51 Years,39,20,19,26,13,13,0,0,0,0,0,0,0,0,0,13,7,6
LIPSCOMB COUNTY,295,52 Years,48,24,24,29,13,16,0,0,0,0,0,0,0,0,0,19,11,8
LIPSCOMB COUNTY,295,53 Years,46,28,18,31,16,15,0,0,0,0,0,0,0,0,0,15,12,3
LIPSCOMB COUNTY,295,54 Years,50,26,24,40,21,19,0,0,0,0,0,0,0,0,0,10,5,5
LIPSCOMB COUNTY,295,55 Years,50,23,27,42,21,21,0,0,0,0,0,0,0,0,0,8,2,6
LIPSCOMB COUNTY,295,56 Years,52,21,31,43,18,25,0,0,0,0,0,0,1,0,1,8,3,5
LIPSCOMB COUNTY,295,57 Years,47,25,22,38,21,17,0,0,0,0,0,0,1,0,1,8,4,4
LIPSCOMB COUNTY,295,58 Years,48,23,25,38,18,20,0,0,0,0,0,0,2,1,1,8,4,4
LIPSCOMB COUNTY,295,59 Years,43,20,23,32,15,17,0,0,0,0,0,0,1,1,0,10,4,6
LIPSCOMB COUNTY,295,60 Years,39,21,18,32,17,15,0,0,0,0,0,0,1,0,1,6,4,2
LIPSCOMB COUNTY,295,61 Years,38,22,16,31,18,13,0,0,0,0,0,0,2,1,1,5,3,2
LIPSCOMB COUNTY,295,62 Years,34,17,17,29,12,17,0,0,0,0,0,0,1,1,0,4,4,0
LIPSCOMB COUNTY,295,63 Years,47,22,25,42,19,23,0,0,0,0,0,0,0,0,0,5,3,2
LIPSCOMB COUNTY,295,64 Years,42,23,19,36,20,16,0,0,0,0,0,0,1,0,1,5,3,2
LIPSCOMB COUNTY,295,65 Years,46,30,16,40,27,13,0,0,0,0,0,0,0,0,0,6,3,3
LIPSCOMB COUNTY,295,66 Years,40,20,20,36,18,18,0,0,0,0,0,0,0,0,0,4,2,2
LIPSCOMB COUNTY,295,67 Years,33,14,19,30,13,17,0,0,0,0,0,0,1,0,1,2,1,1
LIPSCOMB COUNTY,295,68 Years,35,18,17,31,16,15,0,0,0,0,0,0,1,0,1,3,2,1
LIPSCOMB COUNTY,295,69 Years,42,22,20,37,20,17,0,0,0,0,0,0,0,0,0,5,2,3
LIPSCOMB COUNTY,295,70 Years,36,21,15,33,19,14,0,0,0,0,0,0,0,0,0,3,2,1
LIPSCOMB COUNTY,295,71 Years,21,11,10,20,10,10,0,0,0,0,0,0,0,0,0,1,1,0
LIPSCOMB COUNTY,295,72 Years,21,10,11,20,10,10,0,0,0,0,0,0,0,0,0,1,0,1
LIPSCOMB COUNTY,295,73 Years,25,11,14,21,8,13,0,0,0,0,0,0,1,1,0,3,2,1
LIPSCOMB COUNTY,295,74 Years,28,11,17,25,10,15,0,0,0,0,0,0,1,1,0,2,0,2
LIPSCOMB COUNTY,295,75 Years,28,12,16,26,11,15,0,0,0,0,0,0,0,0,0,2,1,1
LIPSCOMB COUNTY,295,76 Years,21,11,10,18,9,9,0,0,0,0,0,0,0,0,0,3,2,1
LIPSCOMB COUNTY,295,77 Years,17,9,8,14,8,6,0,0,0,0,0,0,2,1,1,1,0,1
LIPSCOMB COUNTY,295,78 Years,28,12,16,25,11,14,0,0,0,0,0,0,2,1,1,1,0,1
LIPSCOMB COUNTY,295,79 Years,27,14,13,26,13,13,0,0,0,0,0,0,0,0,0,1,1,0
LIPSCOMB COUNTY,295,80 Years,22,8,14,21,8,13,0,0,0,0,0,0,0,0,0,1,0,1
LIPSCOMB COUNTY,295,81 Years,16,9,7,14,8,6,0,0,0,0,0,0,0,0,0,2,1,1
LIPSCOMB COUNTY,295,82 Years,15,8,7,14,7,7,0,0,0,0,0,0,0,0,0,1,1,0
LIPSCOMB COUNTY,295,83 Years,17,8,9,16,7,9,0,0,0,0,0,0,0,0,0,1,1,0
LIPSCOMB COUNTY,295,84 Years,14,6,8,12,5,7,0,0,0,0,0,0,0,0,0,2,1,1
LIPSCOMB COUNTY,295,85 Years,14,5,9,12,5,7,0,0,0,1,0,1,0,0,0,1,0,1
LIPSCOMB COUNTY,295,86 Years,13,5,8,11,5,6,0,0,0,1,0,1,0,0,0,1,0,1
LIPSCOMB COUNTY,295,87 Years,13,5,8,12,4,8,0,0,0,0,0,0,0,0,0,1,1,0
LIPSCOMB COUNTY,295,88 Years,11,5,6,10,4,6,0,0,0,0,0,0,0,0,0,1,1,0
LIPSCOMB COUNTY,295,89 Years,8,3,5,7,3,4,0,0,0,0,0,0,0,0,0,1,0,1
LIPSCOMB COUNTY,295,90 Years,7,2,5,6,2,4,0,0,0,0,0,0,0,0,0,1,0,1
LIPSCOMB COUNTY,295,91 Years,7,4,3,6,3,3,0,0,0,0,0,0,1,1,0,0,0,0
LIPSCOMB COUNTY,295,92 Years,6,2,4,5,2,3,0,0,0,0,0,0,0,0,0,1,0,1
LIPSCOMB COUNTY,295,93 Years,4,2,2,4,2,2,0,0,0,0,0,0,0,0,0,0,0,0
LIPSCOMB COUNTY,295,94 Years,2,2,0,2,2,0,0,0,0,0,0,0,0,0,0,0,0,0
LIPSCOMB COUNTY,295,95 Years +,9,4,5,9,4,5,0,0,0,0,0,0,0,0,0,0,0,0
LIVE OAK COUNTY,297,All Ages,12119,6488,5631,6934,3544,3390,477,457,20,62,42,20,158,92,66,4488,2353,2135
LIVE OAK COUNTY,297,< 1 Year,139,71,68,77,38,39,0,0,0,0,0,0,2,2,0,60,31,29
LIVE OAK COUNTY,297,1 Years,141,76,65,76,41,35,0,0,0,0,0,0,1,1,0,64,34,30
LIVE OAK COUNTY,297,2 Years,144,74,70,79,43,36,0,0,0,0,0,0,0,0,0,65,31,34
LIVE OAK COUNTY,297,3 Years,143,78,65,81,46,35,0,0,0,0,0,0,0,0,0,62,32,30
LIVE OAK COUNTY,297,4 Years,142,77,65,84,46,38,0,0,0,0,0,0,0,0,0,58,31,27
LIVE OAK COUNTY,297,5 Years,139,73,66,80,43,37,0,0,0,0,0,0,0,0,0,59,30,29
LIVE OAK COUNTY,297,6 Years,143,72,71,83,43,40,0,0,0,0,0,0,0,0,0,60,29,31
LIVE OAK COUNTY,297,7 Years,114,55,59,62,31,31,1,1,0,1,0,1,0,0,0,50,23,27
LIVE OAK COUNTY,297,8 Years,133,65,68,70,34,36,1,1,0,0,0,0,2,0,2,60,30,30
LIVE OAK COUNTY,297,9 Years,125,60,65,54,22,32,1,1,0,0,0,0,2,1,1,68,36,32
LIVE OAK COUNTY,297,10 Years,121,64,57,61,32,29,1,0,1,0,0,0,1,1,0,58,31,27
LIVE OAK COUNTY,297,11 Years,139,74,65,80,40,40,1,1,0,1,1,0,1,0,1,56,32,24
LIVE OAK COUNTY,297,12 Years,132,68,64,71,37,34,1,0,1,1,1,0,2,1,1,57,29,28
LIVE OAK COUNTY,297,13 Years,121,59,62,59,30,29,1,0,1,0,0,0,3,1,2,58,28,30
LIVE OAK COUNTY,297,14 Years,123,63,60,59,27,32,0,0,0,1,1,0,2,1,1,61,34,27
LIVE OAK COUNTY,297,15 Years,152,72,80,74,34,40,1,0,1,1,1,0,0,0,0,76,37,39
LIVE OAK COUNTY,297,16 Years,142,73,69,70,36,34,1,1,0,1,1,0,1,0,1,69,35,34
LIVE OAK COUNTY,297,17 Years,140,68,72,67,33,34,1,1,0,0,0,0,4,1,3,68,33,35
LIVE OAK COUNTY,297,18 Years,124,59,65,56,27,29,1,1,0,0,0,0,2,0,2,65,31,34
LIVE OAK COUNTY,297,19 Years,113,58,55,47,22,25,4,2,2,0,0,0,1,1,0,61,33,28
LIVE OAK COUNTY,297,20 Years,122,65,57,49,26,23,5,3,2,1,0,1,3,2,1,64,34,30
LIVE OAK COUNTY,297,21 Years,136,67,69,52,27,25,5,4,1,0,0,0,3,1,2,76,35,41
LIVE OAK COUNTY,297,22 Years,140,77,63,51,24,27,8,8,0,1,1,0,2,2,0,78,42,36
LIVE OAK COUNTY,297,23 Years,164,92,72,75,38,37,9,9,0,1,0,1,3,2,1,76,43,33
LIVE OAK COUNTY,297,24 Years,190,107,83,91,55,36,14,13,1,2,2,0,2,2,0,81,35,46
LIVE OAK COUNTY,297,25 Years,185,104,81,99,55,44,9,9,0,1,1,0,1,1,0,75,38,37
LIVE OAK COUNTY,297,26 Years,164,100,64,75,41,34,17,16,1,2,2,0,2,1,1,68,40,28
LIVE OAK COUNTY,297,27 Years,150,84,66,74,33,41,9,9,0,1,1,0,4,4,0,62,37,25
LIVE OAK COUNTY,297,28 Years,178,112,66,91,49,42,22,21,1,2,2,0,3,3,0,60,37,23
LIVE OAK COUNTY,297,29 Years,175,104,71,87,42,45,15,14,1,1,1,0,7,5,2,65,42,23
LIVE OAK COUNTY,297,30 Years,159,98,61,76,36,40,21,20,1,0,0,0,3,2,1,59,40,19
LIVE OAK COUNTY,297,31 Years,167,115,52,72,43,29,22,21,1,2,2,0,2,2,0,69,47,22
LIVE OAK COUNTY,297,32 Years,156,98,58,70,38,32,22,22,0,1,1,0,1,1,0,62,36,26
LIVE OAK COUNTY,297,33 Years,158,94,64,77,41,36,24,24,0,1,1,0,1,1,0,55,27,28
LIVE OAK COUNTY,297,34 Years,148,100,48,76,48,28,20,20,0,1,1,0,1,1,0,50,30,20
LIVE OAK COUNTY,297,35 Years,152,98,54,75,48,27,20,20,0,0,0,0,2,1,1,55,29,26
LIVE OAK COUNTY,297,36 Years,161,110,51,85,58,27,21,21,0,0,0,0,4,4,0,51,27,24
LIVE OAK COUNTY,297,37 Years,149,96,53,79,45,34,23,23,0,1,1,0,0,0,0,46,27,19
LIVE OAK COUNTY,297,38 Years,138,87,51,70,38,32,17,17,0,2,2,0,1,1,0,48,29,19
LIVE OAK COUNTY,297,39 Years,128,81,47,54,31,23,20,19,1,0,0,0,3,2,1,51,29,22
LIVE OAK COUNTY,297,40 Years,116,74,42,54,31,23,18,17,1,2,1,1,3,3,0,39,22,17
LIVE OAK COUNTY,297,41 Years,139,72,67,75,33,42,13,13,0,2,2,0,1,1,0,48,23,25
LIVE OAK COUNTY,297,42 Years,140,80,60,75,36,39,11,11,0,1,1,0,2,2,0,51,30,21
LIVE OAK COUNTY,297,43 Years,136,72,64,73,35,38,11,11,0,1,1,0,2,2,0,49,23,26
LIVE OAK COUNTY,297,44 Years,128,76,52,61,33,28,17,17,0,2,2,0,1,1,0,47,23,24
LIVE OAK COUNTY,297,45 Years,119,67,52,64,34,30,7,7,0,4,3,1,3,0,3,41,23,18
LIVE OAK COUNTY,297,46 Years,107,60,47,56,27,29,7,7,0,4,3,1,1,0,1,39,23,16
LIVE OAK COUNTY,297,47 Years,124,75,49,61,33,28,9,9,0,0,0,0,2,2,0,52,31,21
LIVE OAK COUNTY,297,48 Years,127,75,52,69,34,35,6,6,0,0,0,0,3,1,2,49,34,15
LIVE OAK COUNTY,297,49 Years,145,84,61,84,43,41,6,6,0,0,0,0,2,1,1,53,34,19
LIVE OAK COUNTY,297,50 Years,128,72,56,67,37,30,5,5,0,0,0,0,0,0,0,56,30,26
LIVE OAK COUNTY,297,51 Years,134,74,60,74,37,37,4,4,0,0,0,0,0,0,0,56,33,23
LIVE OAK COUNTY,297,52 Years,163,85,78,101,46,55,7,7,0,1,0,1,2,2,0,52,30,22
LIVE OAK COUNTY,297,53 Years,161,74,87,103,44,59,2,2,0,0,0,0,2,1,1,54,27,27
LIVE OAK COUNTY,297,54 Years,188,80,108,126,53,73,3,2,1,0,0,0,2,0,2,57,25,32
LIVE OAK COUNTY,297,55 Years,171,90,81,120,64,56,1,1,0,0,0,0,2,0,2,48,25,23
LIVE OAK COUNTY,297,56 Years,179,97,82,124,65,59,1,1,0,0,0,0,0,0,0,54,31,23
LIVE OAK COUNTY,297,57 Years,185,91,94,125,63,62,2,2,0,1,0,1,3,1,2,54,25,29
LIVE OAK COUNTY,297,58 Years,147,70,77,100,48,52,0,0,0,2,0,2,1,0,1,44,22,22
LIVE OAK COUNTY,297,59 Years,179,93,86,113,54,59,2,2,0,2,1,1,1,1,0,61,35,26
LIVE OAK COUNTY,297,60 Years,168,89,79,111,56,55,2,2,0,1,0,1,2,1,1,52,30,22
LIVE OAK COUNTY,297,61 Years,159,70,89,106,50,56,0,0,0,1,0,1,2,0,2,50,20,30
LIVE OAK COUNTY,297,62 Years,165,89,76,118,65,53,2,2,0,0,0,0,1,0,1,44,22,22
LIVE OAK COUNTY,297,63 Years,170,86,84,111,53,58,0,0,0,0,0,0,1,0,1,58,33,25
LIVE OAK COUNTY,297,64 Years,177,93,84,127,66,61,1,1,0,1,1,0,4,2,2,44,23,21
LIVE OAK COUNTY,297,65 Years,166,85,81,120,61,59,0,0,0,1,1,0,4,3,1,41,20,21
LIVE OAK COUNTY,297,66 Years,151,76,75,105,52,53,0,0,0,3,1,2,1,1,0,42,22,20
LIVE OAK COUNTY,297,67 Years,162,75,87,113,53,60,0,0,0,1,0,1,1,1,0,47,21,26
LIVE OAK COUNTY,297,68 Years,154,78,76,112,55,57,0,0,0,0,0,0,1,1,0,41,22,19
LIVE OAK COUNTY,297,69 Years,135,70,65,95,51,44,0,0,0,1,0,1,1,1,0,38,18,20
LIVE OAK COUNTY,297,70 Years,148,71,77,104,51,53,0,0,0,1,1,0,3,1,2,40,18,22
LIVE OAK COUNTY,297,71 Years,134,66,68,90,51,39,0,0,0,1,0,1,3,0,3,40,15,25
LIVE OAK COUNTY,297,72 Years,124,63,61,88,48,40,0,0,0,0,0,0,3,2,1,33,13,20
LIVE OAK COUNTY,297,73 Years,138,77,61,93,54,39,1,0,1,1,0,1,2,1,1,41,22,19
LIVE OAK COUNTY,297,74 Years,127,75,52,87,50,37,0,0,0,1,0,1,3,2,1,36,23,13
LIVE OAK COUNTY,297,75 Years,117,62,55,82,43,39,0,0,0,1,1,0,3,1,2,31,17,14
LIVE OAK COUNTY,297,76 Years,107,59,48,79,46,33,0,0,0,0,0,0,1,0,1,27,13,14
LIVE OAK COUNTY,297,77 Years,95,48,47,61,32,29,0,0,0,0,0,0,1,1,0,33,15,18
LIVE OAK COUNTY,297,78 Years,88,40,48,57,27,30,1,0,1,0,0,0,0,0,0,30,13,17
LIVE OAK COUNTY,297,79 Years,78,36,42,51,24,27,0,0,0,0,0,0,2,1,1,25,11,14
LIVE OAK COUNTY,297,80 Years,76,33,43,48,21,27,0,0,0,0,0,0,2,1,1,26,11,15
LIVE OAK COUNTY,297,81 Years,76,31,45,48,22,26,0,0,0,0,0,0,1,0,1,27,9,18
LIVE OAK COUNTY,297,82 Years,74,33,41,50,23,27,0,0,0,0,0,0,1,1,0,23,9,14
LIVE OAK COUNTY,297,83 Years,62,30,32,43,21,22,0,0,0,0,0,0,2,2,0,17,7,10
LIVE OAK COUNTY,297,84 Years,51,22,29,33,15,18,0,0,0,0,0,0,1,0,1,17,7,10
LIVE OAK COUNTY,297,85 Years,49,23,26,32,17,15,0,0,0,0,0,0,1,0,1,16,6,10
LIVE OAK COUNTY,297,86 Years,45,16,29,30,11,19,0,0,0,0,0,0,2,0,2,13,5,8
LIVE OAK COUNTY,297,87 Years,42,16,26,29,10,19,0,0,0,0,0,0,1,1,0,12,5,7
LIVE OAK COUNTY,297,88 Years,30,12,18,20,8,12,0,0,0,0,0,0,1,1,0,9,3,6
LIVE OAK COUNTY,297,89 Years,28,10,18,18,6,12,0,0,0,0,0,0,1,0,1,9,4,5
LIVE OAK COUNTY,297,90 Years,27,10,17,20,7,13,0,0,0,0,0,0,0,0,0,7,3,4
LIVE OAK COUNTY,297,91 Years,25,11,14,18,8,10,0,0,0,0,0,0,1,1,0,6,2,4
LIVE OAK COUNTY,297,92 Years,15,7,8,10,6,4,0,0,0,0,0,0,0,0,0,5,1,4
LIVE OAK COUNTY,297,93 Years,13,4,9,8,2,6,0,0,0,0,0,0,0,0,0,5,2,3
LIVE OAK COUNTY,297,94 Years,14,5,9,9,3,6,0,0,0,0,0,0,0,0,0,5,2,3
LIVE OAK COUNTY,297,95 Years +,23,8,15,15,5,10,0,0,0,0,0,0,0,0,0,8,3,5
LLANO COUNTY,299,All Ages,21002,10080,10922,18232,8747,9485,126,77,49,96,35,61,354,176,178,2194,1045,1149
LLANO COUNTY,299,< 1 Year,200,93,107,148,69,79,2,1,1,1,0,1,11,6,5,38,17,21
LLANO COUNTY,299,1 Years,202,100,102,149,73,76,2,1,1,2,2,0,10,6,4,39,18,21
LLANO COUNTY,299,2 Years,204,98,106,151,74,77,5,2,3,0,0,0,8,3,5,40,19,21
LLANO COUNTY,299,3 Years,201,106,95,152,82,70,3,1,2,1,1,0,6,2,4,39,20,19
LLANO COUNTY,299,4 Years,196,102,94,149,78,71,2,1,1,1,1,0,6,3,3,38,19,19
LLANO COUNTY,299,5 Years,191,104,87,141,75,66,2,2,0,1,1,0,6,3,3,41,23,18
LLANO COUNTY,299,6 Years,192,95,97,134,66,68,3,3,0,2,1,1,6,2,4,47,23,24
LLANO COUNTY,299,7 Years,170,82,88,119,65,54,3,2,1,0,0,0,6,3,3,42,12,30
LLANO COUNTY,299,8 Years,161,83,78,118,62,56,1,1,0,1,0,1,7,5,2,34,15,19
LLANO COUNTY,299,9 Years,208,107,101,148,73,75,1,1,0,1,1,0,8,4,4,50,28,22
LLANO COUNTY,299,10 Years,183,84,99,126,59,67,0,0,0,1,1,0,5,1,4,51,23,28
LLANO COUNTY,299,11 Years,170,84,86,118,67,51,1,1,0,1,0,1,6,2,4,44,14,30
LLANO COUNTY,299,12 Years,166,87,79,125,71,54,2,2,0,1,0,1,3,1,2,35,13,22
LLANO COUNTY,299,13 Years,165,88,77,124,65,59,1,1,0,1,0,1,3,2,1,36,20,16
LLANO COUNTY,299,14 Years,164,89,75,114,64,50,2,2,0,1,0,1,5,3,2,42,20,22
LLANO COUNTY,299,15 Years,184,99,85,130,68,62,4,2,2,0,0,0,7,6,1,43,23,20
LLANO COUNTY,299,16 Years,191,102,89,131,67,64,2,1,1,1,1,0,8,5,3,49,28,21
LLANO COUNTY,299,17 Years,166,82,84,118,60,58,1,0,1,3,1,2,4,1,3,40,20,20
LLANO COUNTY,299,18 Years,172,90,82,125,64,61,3,1,2,3,1,2,5,3,2,36,21,15
LLANO COUNTY,299,19 Years,161,90,71,114,59,55,4,2,2,1,1,0,5,2,3,37,26,11
LLANO COUNTY,299,20 Years,160,84,76,120,65,55,2,1,1,0,0,0,3,1,2,35,17,18
LLANO COUNTY,299,21 Years,173,88,85,127,63,64,2,2,0,0,0,0,5,3,2,39,20,19
LLANO COUNTY,299,22 Years,162,82,80,123,63,60,4,2,2,1,0,1,3,2,1,31,15,16
LLANO COUNTY,299,23 Years,180,98,82,132,69,63,1,0,1,2,2,0,5,5,0,40,22,18
LLANO COUNTY,299,24 Years,175,84,91,145,66,79,0,0,0,2,2,0,2,2,0,26,14,12
LLANO COUNTY,299,25 Years,196,95,101,159,69,90,0,0,0,0,0,0,4,3,1,33,23,10
LLANO COUNTY,299,26 Years,175,80,95,140,62,78,1,0,1,0,0,0,4,2,2,30,16,14
LLANO COUNTY,299,27 Years,176,75,101,136,58,78,2,1,1,0,0,0,2,2,0,36,14,22
LLANO COUNTY,299,28 Years,158,64,94,116,50,66,1,0,1,0,0,0,3,2,1,38,12,26
LLANO COUNTY,299,29 Years,150,72,78,120,57,63,1,0,1,0,0,0,2,1,1,27,14,13
LLANO COUNTY,299,30 Years,155,89,66,117,60,57,0,0,0,0,0,0,2,1,1,36,28,8
LLANO COUNTY,299,31 Years,164,99,65,133,76,57,0,0,0,1,0,1,2,2,0,28,21,7
LLANO COUNTY,299,32 Years,153,81,72,126,65,61,0,0,0,1,0,1,2,2,0,24,14,10
LLANO COUNTY,299,33 Years,165,91,74,137,73,64,2,1,1,1,1,0,5,3,2,20,13,7
LLANO COUNTY,299,34 Years,156,78,78,130,63,67,1,1,0,0,0,0,3,2,1,22,12,10
LLANO COUNTY,299,35 Years,168,75,93,128,58,70,2,2,0,3,2,1,1,1,0,34,12,22
LLANO COUNTY,299,36 Years,174,88,86,142,70,72,2,2,0,2,1,1,5,4,1,23,11,12
LLANO COUNTY,299,37 Years,160,80,80,131,69,62,3,3,0,2,0,2,3,1,2,21,7,14
LLANO COUNTY,299,38 Years,164,80,84,136,69,67,1,1,0,1,0,1,2,0,2,24,10,14
LLANO COUNTY,299,39 Years,148,71,77,125,62,63,3,1,2,1,0,1,2,0,2,17,8,9
LLANO COUNTY,299,40 Years,165,81,84,142,69,73,3,1,2,0,0,0,3,0,3,17,11,6
LLANO COUNTY,299,41 Years,170,77,93,145,65,80,2,2,0,1,0,1,2,0,2,20,10,10
LLANO COUNTY,299,42 Years,180,90,90,155,79,76,2,1,1,3,0,3,1,0,1,19,10,9
LLANO COUNTY,299,43 Years,165,84,81,146,74,72,0,0,0,3,1,2,1,0,1,15,9,6
LLANO COUNTY,299,44 Years,154,69,85,134,62,72,1,0,1,3,1,2,0,0,0,16,6,10
LLANO COUNTY,299,45 Years,179,82,97,156,71,85,3,1,2,1,1,0,3,2,1,16,7,9
LLANO COUNTY,299,46 Years,229,113,116,202,98,104,1,0,1,1,1,0,2,2,0,23,12,11
LLANO COUNTY,299,47 Years,231,119,112,198,108,90,0,0,0,3,2,1,3,2,1,27,7,20
LLANO COUNTY,299,48 Years,219,105,114,196,94,102,1,1,0,2,2,0,2,1,1,18,7,11
LLANO COUNTY,299,49 Years,192,91,101,169,79,90,0,0,0,2,1,1,4,1,3,17,10,7
LLANO COUNTY,299,50 Years,210,97,113,176,86,90,0,0,0,2,0,2,4,1,3,28,10,18
LLANO COUNTY,299,51 Years,239,121,118,210,108,102,0,0,0,0,0,0,5,1,4,24,12,12
LLANO COUNTY,299,52 Years,245,116,129,210,97,113,3,3,0,0,0,0,9,4,5,23,12,11
LLANO COUNTY,299,53 Years,274,128,146,234,113,121,3,2,1,2,0,2,7,3,4,28,10,18
LLANO COUNTY,299,54 Years,303,156,147,274,143,131,1,1,0,2,0,2,4,3,1,22,9,13
LLANO COUNTY,299,55 Years,300,153,147,275,139,136,1,1,0,2,2,0,1,1,0,21,10,11
LLANO COUNTY,299,56 Years,343,159,184,309,147,162,1,0,1,1,1,0,2,1,1,30,10,20
LLANO COUNTY,299,57 Years,356,154,202,314,134,180,2,1,1,0,0,0,6,4,2,34,15,19
LLANO COUNTY,299,58 Years,358,156,202,325,137,188,3,2,1,1,0,1,5,4,1,24,13,11
LLANO COUNTY,299,59 Years,367,168,199,333,154,179,4,1,3,1,0,1,5,3,2,24,10,14
LLANO COUNTY,299,60 Years,386,182,204,359,168,191,2,2,0,1,0,1,3,2,1,21,10,11
LLANO COUNTY,299,61 Years,392,175,217,368,165,203,1,1,0,1,0,1,4,2,2,18,7,11
LLANO COUNTY,299,62 Years,410,168,242,384,160,224,1,1,0,1,0,1,5,1,4,19,6,13
LLANO COUNTY,299,63 Years,404,179,225,381,169,212,0,0,0,2,1,1,4,1,3,17,8,9
LLANO COUNTY,299,64 Years,397,183,214,376,176,200,1,0,1,0,0,0,8,2,6,12,5,7
LLANO COUNTY,299,65 Years,405,186,219,386,176,210,1,0,1,2,1,1,4,1,3,12,8,4
LLANO COUNTY,299,66 Years,420,200,220,391,190,201,0,0,0,1,0,1,4,1,3,24,9,15
LLANO COUNTY,299,67 Years,433,188,245,417,183,234,0,0,0,1,0,1,5,1,4,10,4,6
LLANO COUNTY,299,68 Years,401,174,227,381,166,215,0,0,0,1,0,1,4,2,2,15,6,9
LLANO COUNTY,299,69 Years,422,206,216,401,195,206,1,1,0,2,1,1,5,3,2,13,6,7
LLANO COUNTY,299,70 Years,455,207,248,423,197,226,0,0,0,3,0,3,11,4,7,18,6,12
LLANO COUNTY,299,71 Years,387,185,202,358,176,182,2,0,2,0,0,0,7,3,4,20,6,14
LLANO COUNTY,299,72 Years,356,164,192,338,156,182,1,0,1,1,0,1,2,1,1,14,7,7
LLANO COUNTY,299,73 Years,380,181,199,361,174,187,1,1,0,0,0,0,2,1,1,16,5,11
LLANO COUNTY,299,74 Years,359,179,180,343,172,171,0,0,0,1,0,1,3,2,1,12,5,7
LLANO COUNTY,299,75 Years,341,179,162,331,175,156,0,0,0,0,0,0,2,1,1,8,3,5
LLANO COUNTY,299,76 Years,293,143,150,282,137,145,0,0,0,0,0,0,3,2,1,8,4,4
LLANO COUNTY,299,77 Years,261,126,135,249,121,128,0,0,0,2,0,2,1,1,0,9,4,5
LLANO COUNTY,299,78 Years,235,117,118,223,112,111,0,0,0,1,0,1,2,1,1,9,4,5
LLANO COUNTY,299,79 Years,250,119,131,238,113,125,1,1,0,0,0,0,3,2,1,8,3,5
LLANO COUNTY,299,80 Years,227,110,117,216,105,111,2,2,0,1,0,1,2,1,1,6,2,4
LLANO COUNTY,299,81 Years,200,100,100,192,97,95,1,1,0,0,0,0,2,1,1,5,1,4
LLANO COUNTY,299,82 Years,183,95,88,171,89,82,2,2,0,0,0,0,2,1,1,8,3,5
LLANO COUNTY,299,83 Years,164,81,83,154,76,78,2,2,0,0,0,0,1,0,1,7,3,4
LLANO COUNTY,299,84 Years,146,62,84,140,61,79,2,1,1,0,0,0,1,0,1,3,0,3
LLANO COUNTY,299,85 Years,150,67,83,144,66,78,0,0,0,1,0,1,1,1,0,4,0,4
LLANO COUNTY,299,86 Years,123,54,69,119,52,67,0,0,0,1,0,1,0,0,0,3,2,1
LLANO COUNTY,299,87 Years,113,52,61,109,50,59,1,0,1,1,0,1,0,0,0,2,2,0
LLANO COUNTY,299,88 Years,94,40,54,85,37,48,0,0,0,1,0,1,1,0,1,7,3,4
LLANO COUNTY,299,89 Years,81,33,48,75,30,45,0,0,0,0,0,0,2,1,1,4,2,2
LLANO COUNTY,299,90 Years,71,30,41,66,26,40,0,0,0,0,0,0,2,1,1,3,3,0
LLANO COUNTY,299,91 Years,57,22,35,53,20,33,0,0,0,1,0,1,1,1,0,2,1,1
LLANO COUNTY,299,92 Years,49,19,30,47,18,29,0,0,0,0,0,0,1,0,1,1,1,0
LLANO COUNTY,299,93 Years,32,12,20,30,11,19,0,0,0,0,0,0,1,0,1,1,1,0
LLANO COUNTY,299,94 Years,22,7,15,22,7,15,0,0,0,0,0,0,0,0,0,0,0,0
LLANO COUNTY,299,95 Years +,65,17,48,59,16,43,1,1,0,0,0,0,1,0,1,4,0,4
LOVING COUNTY,301,All Ages,81,46,35,56,33,23,0,0,0,0,0,0,5,3,2,20,10,10
LOVING COUNTY,301,< 1 Year,4,4,0,4,4,0,0,0,0,0,0,0,0,0,0,0,0,0
LOVING COUNTY,301,1 Years,1,1,0,1,1,0,0,0,0,0,0,0,0,0,0,0,0,0
LOVING COUNTY,301,2 Years,0,0,0,0,0,0,0,0,0,0,0,0,0,0,0,0,0,0
LOVING COUNTY,301,3 Years,0,0,0,0,0,0,0,0,0,0,0,0,0,0,0,0,0,0
LOVING COUNTY,301,4 Years,0,0,0,0,0,0,0,0,0,0,0,0,0,0,0,0,0,0
LOVING COUNTY,301,5 Years,0,0,0,0,0,0,0,0,0,0,0,0,0,0,0,0,0,0
LOVING COUNTY,301,6 Years,0,0,0,0,0,0,0,0,0,0,0,0,0,0,0,0,0,0
LOVING COUNTY,301,7 Years,2,2,0,0,0,0,0,0,0,0,0,0,0,0,0,2,2,0
LOVING COUNTY,301,8 Years,1,1,0,0,0,0,0,0,0,0,0,0,0,0,0,1,1,0
LOVING COUNTY,301,9 Years,0,0,0,0,0,0,0,0,0,0,0,0,0,0,0,0,0,0
LOVING COUNTY,301,10 Years,1,0,1,1,0,1,0,0,0,0,0,0,0,0,0,0,0,0
LOVING COUNTY,301,11 Years,0,0,0,0,0,0,0,0,0,0,0,0,0,0,0,0,0,0
LOVING COUNTY,301,12 Years,0,0,0,0,0,0,0,0,0,0,0,0,0,0,0,0,0,0
LOVING COUNTY,301,13 Years,0,0,0,0,0,0,0,0,0,0,0,0,0,0,0,0,0,0
LOVING COUNTY,301,14 Years,1,1,0,1,1,0,0,0,0,0,0,0,0,0,0,0,0,0
LOVING COUNTY,301,15 Years,0,0,0,0,0,0,0,0,0,0,0,0,0,0,0,0,0,0
LOVING COUNTY,301,16 Years,1,0,1,1,0,1,0,0,0,0,0,0,0,0,0,0,0,0
LOVING COUNTY,301,17 Years,0,0,0,0,0,0,0,0,0,0,0,0,0,0,0,0,0,0
LOVING COUNTY,301,18 Years,1,0,1,0,0,0,0,0,0,0,0,0,0,0,0,1,0,1
LOVING COUNTY,301,19 Years,0,0,0,0,0,0,0,0,0,0,0,0,0,0,0,0,0,0
LOVING COUNTY,301,20 Years,1,1,0,0,0,0,0,0,0,0,0,0,0,0,0,1,1,0
LOVING COUNTY,301,21 Years,0,0,0,0,0,0,0,0,0,0,0,0,0,0,0,0,0,0
LOVING COUNTY,301,22 Years,0,0,0,0,0,0,0,0,0,0,0,0,0,0,0,0,0,0
LOVING COUNTY,301,23 Years,1,0,1,0,0,0,0,0,0,0,0,0,0,0,0,1,0,1
LOVING COUNTY,301,24 Years,1,0,1,0,0,0,0,0,0,0,0,0,0,0,0,1,0,1
LOVING COUNTY,301,25 Years,0,0,0,0,0,0,0,0,0,0,0,0,0,0,0,0,0,0
LOVING COUNTY,301,26 Years,1,1,0,1,1,0,0,0,0,0,0,0,0,0,0,0,0,0
LOVING COUNTY,301,27 Years,0,0,0,0,0,0,0,0,0,0,0,0,0,0,0,0,0,0
LOVING COUNTY,301,28 Years,0,0,0,0,0,0,0,0,0,0,0,0,0,0,0,0,0,0
LOVING COUNTY,301,29 Years,3,2,1,0,0,0,0,0,0,0,0,0,1,1,0,2,1,1
LOVING COUNTY,301,30 Years,4,3,1,2,2,0,0,0,0,0,0,0,1,1,0,1,0,1
LOVING COUNTY,301,31 Years,2,1,1,1,1,0,0,0,0,0,0,0,0,0,0,1,0,1
LOVING COUNTY,301,32 Years,0,0,0,0,0,0,0,0,0,0,0,0,0,0,0,0,0,0
LOVING COUNTY,301,33 Years,0,0,0,0,0,0,0,0,0,0,0,0,0,0,0,0,0,0
LOVING COUNTY,301,34 Years,1,1,0,0,0,0,0,0,0,0,0,0,0,0,0,1,1,0
LOVING COUNTY,301,35 Years,0,0,0,0,0,0,0,0,0,0,0,0,0,0,0,0,0,0
LOVING COUNTY,301,36 Years,1,0,1,1,0,1,0,0,0,0,0,0,0,0,0,0,0,0
LOVING COUNTY,301,37 Years,0,0,0,0,0,0,0,0,0,0,0,0,0,0,0,0,0,0
LOVING COUNTY,301,38 Years,1,0,1,1,0,1,0,0,0,0,0,0,0,0,0,0,0,0
LOVING COUNTY,301,39 Years,0,0,0,0,0,0,0,0,0,0,0,0,0,0,0,0,0,0
LOVING COUNTY,301,40 Years,0,0,0,0,0,0,0,0,0,0,0,0,0,0,0,0,0,0
LOVING COUNTY,301,41 Years,0,0,0,0,0,0,0,0,0,0,0,0,0,0,0,0,0,0
LOVING COUNTY,301,42 Years,1,1,0,1,1,0,0,0,0,0,0,0,0,0,0,0,0,0
LOVING COUNTY,301,43 Years,0,0,0,0,0,0,0,0,0,0,0,0,0,0,0,0,0,0
LOVING COUNTY,301,44 Years,0,0,0,0,0,0,0,0,0,0,0,0,0,0,0,0,0,0
LOVING COUNTY,301,45 Years,0,0,0,0,0,0,0,0,0,0,0,0,0,0,0,0,0,0
LOVING COUNTY,301,46 Years,0,0,0,0,0,0,0,0,0,0,0,0,0,0,0,0,0,0
LOVING COUNTY,301,47 Years,0,0,0,0,0,0,0,0,0,0,0,0,0,0,0,0,0,0
LOVING COUNTY,301,48 Years,0,0,0,0,0,0,0,0,0,0,0,0,0,0,0,0,0,0
LOVING COUNTY,301,49 Years,4,2,2,3,1,2,0,0,0,0,0,0,0,0,0,1,1,0
LOVING COUNTY,301,50 Years,2,1,1,1,1,0,0,0,0,0,0,0,1,0,1,0,0,0
LOVING COUNTY,301,51 Years,1,0,1,0,0,0,0,0,0,0,0,0,1,0,1,0,0,0
LOVING COUNTY,301,52 Years,2,1,1,0,0,0,0,0,0,0,0,0,0,0,0,2,1,1
LOVING COUNTY,301,53 Years,1,0,1,1,0,1,0,0,0,0,0,0,0,0,0,0,0,0
LOVING COUNTY,301,54 Years,2,0,2,1,0,1,0,0,0,0,0,0,0,0,0,1,0,1
LOVING COUNTY,301,55 Years,0,0,0,0,0,0,0,0,0,0,0,0,0,0,0,0,0,0
LOVING COUNTY,301,56 Years,0,0,0,0,0,0,0,0,0,0,0,0,0,0,0,0,0,0
LOVING COUNTY,301,57 Years,0,0,0,0,0,0,0,0,0,0,0,0,0,0,0,0,0,0
LOVING COUNTY,301,58 Years,1,1,0,1,1,0,0,0,0,0,0,0,0,0,0,0,0,0
LOVING COUNTY,301,59 Years,2,1,1,2,1,1,0,0,0,0,0,0,0,0,0,0,0,0
LOVING COUNTY,301,60 Years,3,2,1,3,2,1,0,0,0,0,0,0,0,0,0,0,0,0
LOVING COUNTY,301,61 Years,2,1,1,2,1,1,0,0,0,0,0,0,0,0,0,0,0,0
LOVING COUNTY,301,62 Years,2,1,1,1,0,1,0,0,0,0,0,0,0,0,0,1,1,0
LOVING COUNTY,301,63 Years,4,3,1,3,2,1,0,0,0,0,0,0,0,0,0,1,1,0
LOVING COUNTY,301,64 Years,2,2,0,2,2,0,0,0,0,0,0,0,0,0,0,0,0,0
LOVING COUNTY,301,65 Years,3,1,2,3,1,2,0,0,0,0,0,0,0,0,0,0,0,0
LOVING COUNTY,301,66 Years,2,0,2,2,0,2,0,0,0,0,0,0,0,0,0,0,0,0
LOVING COUNTY,301,67 Years,1,0,1,1,0,1,0,0,0,0,0,0,0,0,0,0,0,0
LOVING COUNTY,301,68 Years,0,0,0,0,0,0,0,0,0,0,0,0,0,0,0,0,0,0
LOVING COUNTY,301,69 Years,1,1,0,1,1,0,0,0,0,0,0,0,0,0,0,0,0,0
LOVING COUNTY,301,70 Years,4,2,2,4,2,2,0,0,0,0,0,0,0,0,0,0,0,0
LOVING COUNTY,301,71 Years,2,1,1,2,1,1,0,0,0,0,0,0,0,0,0,0,0,0
LOVING COUNTY,301,72 Years,0,0,0,0,0,0,0,0,0,0,0,0,0,0,0,0,0,0
LOVING COUNTY,301,73 Years,0,0,0,0,0,0,0,0,0,0,0,0,0,0,0,0,0,0
LOVING COUNTY,301,74 Years,1,0,1,0,0,0,0,0,0,0,0,0,0,0,0,1,0,1
LOVING COUNTY,301,75 Years,2,1,1,1,1,0,0,0,0,0,0,0,0,0,0,1,0,1
LOVING COUNTY,301,76 Years,2,2,0,1,1,0,0,0,0,0,0,0,1,1,0,0,0,0
LOVING COUNTY,301,77 Years,1,1,0,1,1,0,0,0,0,0,0,0,0,0,0,0,0,0
LOVING COUNTY,301,78 Years,0,0,0,0,0,0,0,0,0,0,0,0,0,0,0,0,0,0
LOVING COUNTY,301,79 Years,0,0,0,0,0,0,0,0,0,0,0,0,0,0,0,0,0,0
LOVING COUNTY,301,80 Years,0,0,0,0,0,0,0,0,0,0,0,0,0,0,0,0,0,0
LOVING COUNTY,301,81 Years,1,1,0,1,1,0,0,0,0,0,0,0,0,0,0,0,0,0
LOVING COUNTY,301,82 Years,0,0,0,0,0,0,0,0,0,0,0,0,0,0,0,0,0,0
LOVING COUNTY,301,83 Years,1,1,0,1,1,0,0,0,0,0,0,0,0,0,0,0,0,0
LOVING COUNTY,301,84 Years,0,0,0,0,0,0,0,0,0,0,0,0,0,0,0,0,0,0
LOVING COUNTY,301,85 Years,0,0,0,0,0,0,0,0,0,0,0,0,0,0,0,0,0,0
LOVING COUNTY,301,86 Years,1,0,1,1,0,1,0,0,0,0,0,0,0,0,0,0,0,0
LOVING COUNTY,301,87 Years,0,0,0,0,0,0,0,0,0,0,0,0,0,0,0,0,0,0
LOVING COUNTY,301,88 Years,0,0,0,0,0,0,0,0,0,0,0,0,0,0,0,0,0,0
LOVING COUNTY,301,89 Years,2,1,1,2,1,1,0,0,0,0,0,0,0,0,0,0,0,0
LOVING COUNTY,301,90 Years,0,0,0,0,0,0,0,0,0,0,0,0,0,0,0,0,0,0
LOVING COUNTY,301,91 Years,0,0,0,0,0,0,0,0,0,0,0,0,0,0,0,0,0,0
LOVING COUNTY,301,92 Years,0,0,0,0,0,0,0,0,0,0,0,0,0,0,0,0,0,0
LOVING COUNTY,301,93 Years,0,0,0,0,0,0,0,0,0,0,0,0,0,0,0,0,0,0
LOVING COUNTY,301,94 Years,0,0,0,0,0,0,0,0,0,0,0,0,0,0,0,0,0,0
LOVING COUNTY,301,95 Years +,0,0,0,0,0,0,0,0,0,0,0,0,0,0,0,0,0,0
LUBBOCK COUNTY,303,All Ages,304590,150614,153976,162474,79654,82820,21943,10913,11030,6744,3602,3142,5551,2830,2721,107878,53615,54263
LUBBOCK COUNTY,303,< 1 Year,4026,2034,1992,1674,866,808,341,171,170,64,31,33,119,59,60,1828,907,921
LUBBOCK COUNTY,303,1 Years,3967,2009,1958,1636,830,806,350,178,172,64,31,33,118,56,62,1799,914,885
LUBBOCK COUNTY,303,2 Years,4059,2051,2008,1685,848,837,360,181,179,69,37,32,118,57,61,1827,928,899
LUBBOCK COUNTY,303,3 Years,4033,2045,1988,1679,826,853,371,188,183,71,38,33,121,61,60,1791,932,859
LUBBOCK COUNTY,303,4 Years,3989,2024,1965,1667,846,821,369,190,179,68,37,31,119,64,55,1766,887,879
LUBBOCK COUNTY,303,5 Years,3886,1987,1899,1644,844,800,354,181,173,66,36,30,114,61,53,1708,865,843
LUBBOCK COUNTY,303,6 Years,3886,1982,1904,1619,842,777,339,177,162,58,32,26,107,55,52,1763,876,887
LUBBOCK COUNTY,303,7 Years,3891,1992,1899,1589,825,764,337,171,166,59,34,25,103,57,46,1803,905,898
LUBBOCK COUNTY,303,8 Years,4224,2153,2071,1686,864,822,374,175,199,61,33,28,120,64,56,1983,1017,966
LUBBOCK COUNTY,303,9 Years,4291,2172,2119,1685,853,832,362,172,190,70,37,33,124,72,52,2050,1038,1012
LUBBOCK COUNTY,303,10 Years,4250,2149,2101,1664,832,832,357,172,185,72,38,34,123,63,60,2034,1044,990
LUBBOCK COUNTY,303,11 Years,3977,2011,1966,1519,786,733,344,170,174,72,38,34,113,50,63,1929,967,962
LUBBOCK COUNTY,303,12 Years,4053,2068,1985,1588,814,774,361,190,171,78,39,39,102,47,55,1924,978,946
LUBBOCK COUNTY,303,13 Years,4099,2060,2039,1642,832,810,351,180,171,78,38,40,110,58,52,1918,952,966
LUBBOCK COUNTY,303,14 Years,3930,2059,1871,1570,824,746,358,178,180,58,35,23,95,55,40,1849,967,882
LUBBOCK COUNTY,303,15 Years,4029,2057,1972,1600,814,786,351,178,173,88,59,29,75,43,32,1915,963,952
LUBBOCK COUNTY,303,16 Years,4233,2152,2081,1662,840,822,365,181,184,111,74,37,95,52,43,2000,1005,995
LUBBOCK COUNTY,303,17 Years,4371,2204,2167,1729,887,842,361,185,176,119,82,37,98,54,44,2064,996,1068
LUBBOCK COUNTY,303,18 Years,5952,2912,3040,2820,1310,1510,473,241,232,175,109,66,127,72,55,2357,1180,1177
LUBBOCK COUNTY,303,19 Years,8318,4214,4104,4744,2408,2336,522,260,262,221,130,91,179,89,90,2652,1327,1325
LUBBOCK COUNTY,303,20 Years,8071,4127,3944,4779,2435,2344,477,244,233,216,107,109,149,90,59,2450,1251,1199
LUBBOCK COUNTY,303,21 Years,7842,4044,3798,4567,2335,2232,498,279,219,202,123,79,124,66,58,2451,1241,1210
LUBBOCK COUNTY,303,22 Years,7408,3885,3523,4271,2278,1993,468,236,232,243,137,106,121,59,62,2305,1175,1130
LUBBOCK COUNTY,303,23 Years,6399,3410,2989,3355,1792,1563,478,263,215,234,131,103,115,63,52,2217,1161,1056
LUBBOCK COUNTY,303,24 Years,5600,2894,2706,2842,1463,1379,414,222,192,194,104,90,104,62,42,2046,1043,1003
LUBBOCK COUNTY,303,25 Years,5305,2752,2553,2662,1409,1253,403,212,191,186,100,86,105,55,50,1949,976,973
LUBBOCK COUNTY,303,26 Years,4863,2551,2312,2298,1201,1097,416,218,198,149,92,57,103,51,52,1897,989,908
LUBBOCK COUNTY,303,27 Years,4644,2346,2298,2250,1090,1160,385,205,180,101,64,37,96,54,42,1812,933,879
LUBBOCK COUNTY,303,28 Years,4504,2278,2226,2276,1115,1161,355,195,160,74,46,28,118,68,50,1681,854,827
LUBBOCK COUNTY,303,29 Years,4398,2247,2151,2205,1114,1091,312,170,142,106,54,52,102,55,47,1673,854,819
LUBBOCK COUNTY,303,30 Years,4165,2122,2043,1982,1022,960,308,169,139,114,70,44,105,52,53,1656,809,847
LUBBOCK COUNTY,303,31 Years,4310,2154,2156,2054,996,1058,339,184,155,117,80,37,86,43,43,1714,851,863
LUBBOCK COUNTY,303,32 Years,4243,2150,2093,2079,1047,1032,319,168,151,103,73,30,88,47,41,1654,815,839
LUBBOCK COUNTY,303,33 Years,4176,2150,2026,2118,1070,1048,325,178,147,101,69,32,74,47,27,1558,786,772
LUBBOCK COUNTY,303,34 Years,4225,2191,2034,2180,1112,1068,291,160,131,114,63,51,68,39,29,1572,817,755
LUBBOCK COUNTY,303,35 Years,4026,2072,1954,2005,1034,971,306,158,148,127,65,62,58,28,30,1530,787,743
LUBBOCK COUNTY,303,36 Years,3852,1926,1926,1896,970,926,278,132,146,98,48,50,56,26,30,1524,750,774
LUBBOCK COUNTY,303,37 Years,3948,1957,1991,1947,963,984,274,140,134,104,52,52,57,21,36,1566,781,785
LUBBOCK COUNTY,303,38 Years,3730,1869,1861,1891,949,942,248,135,113,106,50,56,68,27,41,1417,708,709
LUBBOCK COUNTY,303,39 Years,3573,1800,1773,1864,936,928,243,116,127,100,52,48,56,30,26,1310,666,644
LUBBOCK COUNTY,303,40 Years,3395,1679,1716,1754,890,864,221,106,115,97,42,55,54,26,28,1269,615,654
LUBBOCK COUNTY,303,41 Years,3298,1631,1667,1661,835,826,207,99,108,112,55,57,48,23,25,1270,619,651
LUBBOCK COUNTY,303,42 Years,3201,1560,1641,1658,808,850,207,103,104,103,50,53,54,25,29,1179,574,605
LUBBOCK COUNTY,303,43 Years,3047,1534,1513,1589,810,779,207,102,105,87,34,53,37,15,22,1127,573,554
LUBBOCK COUNTY,303,44 Years,3025,1483,1542,1548,794,754,213,102,111,110,43,67,33,12,21,1121,532,589
LUBBOCK COUNTY,303,45 Years,3147,1515,1632,1675,820,855,207,107,100,85,35,50,41,20,21,1139,533,606
LUBBOCK COUNTY,303,46 Years,3209,1553,1656,1733,848,885,212,107,105,87,39,48,43,24,19,1134,535,599
LUBBOCK COUNTY,303,47 Years,3111,1513,1598,1711,864,847,207,97,110,85,39,46,32,16,16,1076,497,579
LUBBOCK COUNTY,303,48 Years,3014,1467,1547,1631,812,819,187,87,100,92,46,46,31,15,16,1073,507,566
LUBBOCK COUNTY,303,49 Years,2935,1443,1492,1629,810,819,192,87,105,69,38,31,29,13,16,1016,495,521
LUBBOCK COUNTY,303,50 Years,2879,1412,1467,1573,778,795,207,98,109,53,25,28,30,12,18,1016,499,517
LUBBOCK COUNTY,303,51 Years,2958,1454,1504,1591,781,810,208,100,108,63,30,33,35,16,19,1061,527,534
LUBBOCK COUNTY,303,52 Years,3150,1533,1617,1698,827,871,241,114,127,62,33,29,48,16,32,1101,543,558
LUBBOCK COUNTY,303,53 Years,3331,1601,1730,1895,890,1005,249,123,126,67,39,28,57,27,30,1063,522,541
LUBBOCK COUNTY,303,54 Years,3386,1610,1776,1953,921,1032,246,113,133,73,42,31,46,26,20,1068,508,560
LUBBOCK COUNTY,303,55 Years,3312,1635,1677,1959,968,991,258,122,136,51,30,21,37,14,23,1007,501,506
LUBBOCK COUNTY,303,56 Years,3346,1633,1713,2007,984,1023,254,115,139,46,20,26,43,20,23,996,494,502
LUBBOCK COUNTY,303,57 Years,3392,1655,1737,2059,988,1071,235,113,122,59,27,32,40,18,22,999,509,490
LUBBOCK COUNTY,303,58 Years,3233,1595,1638,1976,957,1019,232,116,116,52,30,22,40,22,18,933,470,463
LUBBOCK COUNTY,303,59 Years,3235,1563,1672,2034,983,1051,236,109,127,47,23,24,44,24,20,874,424,450
LUBBOCK COUNTY,303,60 Years,3203,1545,1658,2043,987,1056,202,100,102,49,25,24,45,23,22,864,410,454
LUBBOCK COUNTY,303,61 Years,3099,1491,1608,1975,940,1035,228,107,121,52,21,31,33,19,14,811,404,407
LUBBOCK COUNTY,303,62 Years,3124,1471,1653,2062,969,1093,194,81,113,46,22,24,36,16,20,786,383,403
LUBBOCK COUNTY,303,63 Years,3018,1417,1601,1988,942,1046,177,79,98,48,21,27,44,19,25,761,356,405
LUBBOCK COUNTY,303,64 Years,2844,1343,1501,1919,914,1005,184,86,98,45,17,28,47,27,20,649,299,350
LUBBOCK COUNTY,303,65 Years,2747,1327,1420,1891,922,969,174,86,88,35,14,21,36,21,15,611,284,327
LUBBOCK COUNTY,303,66 Years,2631,1231,1400,1820,856,964,169,70,99,39,15,24,37,18,19,566,272,294
LUBBOCK COUNTY,303,67 Years,2475,1136,1339,1706,785,921,146,60,86,37,15,22,30,14,16,556,262,294
LUBBOCK COUNTY,303,68 Years,2380,1113,1267,1636,775,861,148,68,80,35,15,20,26,11,15,535,244,291
LUBBOCK COUNTY,303,69 Years,2325,1089,1236,1630,756,874,133,58,75,37,19,18,27,14,13,498,242,256
LUBBOCK COUNTY,303,70 Years,2275,1069,1206,1593,753,840,123,51,72,29,15,14,28,12,16,502,238,264
LUBBOCK COUNTY,303,71 Years,1918,882,1036,1319,614,705,105,48,57,24,11,13,25,11,14,445,198,247
LUBBOCK COUNTY,303,72 Years,1865,864,1001,1340,630,710,92,45,47,19,6,13,15,6,9,399,177,222
LUBBOCK COUNTY,303,73 Years,1742,803,939,1304,598,706,76,33,43,18,9,9,16,5,11,328,158,170
LUBBOCK COUNTY,303,74 Years,1704,779,925,1306,585,721,72,31,41,31,15,16,15,7,8,280,141,139
LUBBOCK COUNTY,303,75 Years,1553,693,860,1178,527,651,77,29,48,19,8,11,15,5,10,264,124,140
LUBBOCK COUNTY,303,76 Years,1433,608,825,1085,462,623,68,26,42,15,7,8,13,4,9,252,109,143
LUBBOCK COUNTY,303,77 Years,1326,571,755,1007,434,573,70,28,42,23,6,17,12,4,8,214,99,115
LUBBOCK COUNTY,303,78 Years,1249,540,709,967,414,553,62,30,32,17,6,11,12,4,8,191,86,105
LUBBOCK COUNTY,303,79 Years,1216,502,714,920,377,543,52,23,29,10,5,5,14,5,9,220,92,128
LUBBOCK COUNTY,303,80 Years,1130,488,642,846,362,484,45,22,23,10,5,5,13,4,9,216,95,121
LUBBOCK COUNTY,303,81 Years,1096,435,661,821,320,501,46,16,30,18,7,11,7,3,4,204,89,115
LUBBOCK COUNTY,303,82 Years,1073,439,634,801,318,483,43,19,24,12,7,5,7,3,4,210,92,118
LUBBOCK COUNTY,303,83 Years,926,382,544,706,281,425,41,19,22,10,4,6,6,3,3,163,75,88
LUBBOCK COUNTY,303,84 Years,850,340,510,653,265,388,37,12,25,10,4,6,7,2,5,143,57,86
LUBBOCK COUNTY,303,85 Years,785,286,499,620,227,393,29,10,19,8,3,5,4,2,2,124,44,80
LUBBOCK COUNTY,303,86 Years,714,276,438,561,220,341,30,11,19,6,2,4,4,2,2,113,41,72
LUBBOCK COUNTY,303,87 Years,637,238,399,503,191,312,25,7,18,8,3,5,6,2,4,95,35,60
LUBBOCK COUNTY,303,88 Years,553,190,363,438,153,285,25,6,19,6,3,3,3,1,2,81,27,54
LUBBOCK COUNTY,303,89 Years,453,165,288,358,129,229,21,6,15,3,1,2,3,1,2,68,28,40
LUBBOCK COUNTY,303,90 Years,407,136,271,323,107,216,19,6,13,5,1,4,1,1,0,59,21,38
LUBBOCK COUNTY,303,91 Years,352,112,240,278,90,188,15,4,11,1,0,1,3,2,1,55,16,39
LUBBOCK COUNTY,303,92 Years,283,85,198,229,73,156,9,2,7,1,0,1,2,1,1,42,9,33
LUBBOCK COUNTY,303,93 Years,234,75,159,192,62,130,9,2,7,1,0,1,2,1,1,30,10,20
LUBBOCK COUNTY,303,94 Years,185,53,132,154,44,110,8,2,6,1,0,1,0,0,0,22,7,15
LUBBOCK COUNTY,303,95 Years +,435,111,324,345,82,263,26,7,19,5,2,3,2,1,1,57,19,38
LYNN COUNTY,305,All Ages,6045,3112,2933,2821,1407,1414,119,67,52,7,3,4,77,38,39,3021,1597,1424
LYNN COUNTY,305,< 1 Year,83,40,43,34,17,17,0,0,0,0,0,0,2,1,1,47,22,25
LYNN COUNTY,305,1 Years,79,37,42,36,16,20,0,0,0,0,0,0,2,1,1,41,20,21
LYNN COUNTY,305,2 Years,73,36,37,33,14,19,1,1,0,0,0,0,2,1,1,37,20,17
LYNN COUNTY,305,3 Years,72,35,37,32,14,18,1,1,0,0,0,0,0,0,0,39,20,19
LYNN COUNTY,305,4 Years,74,37,37,29,14,15,1,0,1,0,0,0,0,0,0,44,23,21
LYNN COUNTY,305,5 Years,80,41,39,30,16,14,1,1,0,0,0,0,1,0,1,48,24,24
LYNN COUNTY,305,6 Years,77,41,36,30,17,13,1,1,0,0,0,0,0,0,0,46,23,23
LYNN COUNTY,305,7 Years,79,36,43,33,17,16,1,0,1,0,0,0,0,0,0,45,19,26
LYNN COUNTY,305,8 Years,92,58,34,39,25,14,2,2,0,0,0,0,0,0,0,51,31,20
LYNN COUNTY,305,9 Years,96,53,43,39,21,18,2,1,1,0,0,0,2,1,1,53,30,23
LYNN COUNTY,305,10 Years,107,50,57,40,21,19,1,1,0,0,0,0,2,0,2,64,28,36
LYNN COUNTY,305,11 Years,83,43,40,29,17,12,0,0,0,0,0,0,1,1,0,53,25,28
LYNN COUNTY,305,12 Years,83,42,41,30,13,17,0,0,0,0,0,0,1,1,0,52,28,24
LYNN COUNTY,305,13 Years,89,50,39,32,19,13,2,2,0,1,0,1,0,0,0,54,29,25
LYNN COUNTY,305,14 Years,94,51,43,33,19,14,4,4,0,0,0,0,1,0,1,56,28,28
LYNN COUNTY,305,15 Years,82,39,43,31,15,16,1,1,0,0,0,0,5,4,1,45,19,26
LYNN COUNTY,305,16 Years,82,38,44,33,16,17,1,0,1,0,0,0,3,2,1,45,20,25
LYNN COUNTY,305,17 Years,80,45,35,32,16,16,1,0,1,0,0,0,2,1,1,45,28,17
LYNN COUNTY,305,18 Years,79,47,32,24,13,11,1,1,0,0,0,0,3,3,0,51,30,21
LYNN COUNTY,305,19 Years,74,39,35,21,9,12,1,1,0,0,0,0,5,4,1,47,25,22
LYNN COUNTY,305,20 Years,69,34,35,21,7,14,1,0,1,0,0,0,4,2,2,43,25,18
LYNN COUNTY,305,21 Years,60,28,32,17,5,12,1,1,0,0,0,0,5,3,2,37,19,18
LYNN COUNTY,305,22 Years,61,30,31,24,11,13,3,2,1,0,0,0,3,1,2,31,16,15
LYNN COUNTY,305,23 Years,72,36,36,29,14,15,1,1,0,1,1,0,2,0,2,39,20,19
LYNN COUNTY,305,24 Years,95,49,46,39,17,22,6,4,2,0,0,0,1,1,0,49,27,22
LYNN COUNTY,305,25 Years,95,52,43,44,23,21,1,1,0,0,0,0,0,0,0,50,28,22
LYNN COUNTY,305,26 Years,65,37,28,27,16,11,0,0,0,0,0,0,0,0,0,38,21,17
LYNN COUNTY,305,27 Years,78,46,32,31,20,11,1,1,0,0,0,0,2,1,1,44,24,20
LYNN COUNTY,305,28 Years,55,30,25,24,14,10,1,1,0,0,0,0,2,1,1,28,14,14
LYNN COUNTY,305,29 Years,56,28,28,19,8,11,3,1,2,0,0,0,0,0,0,34,19,15
LYNN COUNTY,305,30 Years,69,42,27,35,21,14,1,1,0,0,0,0,0,0,0,33,20,13
LYNN COUNTY,305,31 Years,73,41,32,33,19,14,1,0,1,0,0,0,2,1,1,37,21,16
LYNN COUNTY,305,32 Years,70,39,31,23,10,13,0,0,0,0,0,0,1,0,1,46,29,17
LYNN COUNTY,305,33 Years,79,44,35,39,20,19,1,1,0,0,0,0,0,0,0,39,23,16
LYNN COUNTY,305,34 Years,78,45,33,32,16,16,1,1,0,0,0,0,0,0,0,45,28,17
LYNN COUNTY,305,35 Years,80,44,36,27,14,13,1,0,1,0,0,0,0,0,0,52,30,22
LYNN COUNTY,305,36 Years,74,37,37,25,10,15,3,1,2,0,0,0,1,0,1,45,26,19
LYNN COUNTY,305,37 Years,66,37,29,27,13,14,0,0,0,0,0,0,2,1,1,37,23,14
LYNN COUNTY,305,38 Years,63,34,29,27,13,14,1,1,0,0,0,0,0,0,0,35,20,15
LYNN COUNTY,305,39 Years,73,38,35,35,16,19,1,0,1,0,0,0,1,0,1,36,22,14
LYNN COUNTY,305,40 Years,71,41,30,45,25,20,1,0,1,0,0,0,1,1,0,24,15,9
LYNN COUNTY,305,41 Years,68,38,30,35,20,15,0,0,0,0,0,0,1,0,1,32,18,14
LYNN COUNTY,305,42 Years,65,32,33,33,15,18,1,0,1,1,1,0,1,0,1,29,16,13
LYNN COUNTY,305,43 Years,72,31,41,40,17,23,1,0,1,1,0,1,2,0,2,28,14,14
LYNN COUNTY,305,44 Years,51,31,20,27,16,11,0,0,0,0,0,0,1,1,0,23,14,9
LYNN COUNTY,305,45 Years,53,29,24,28,16,12,1,1,0,0,0,0,0,0,0,24,12,12
LYNN COUNTY,305,46 Years,60,29,31,31,18,13,2,0,2,0,0,0,0,0,0,27,11,16
LYNN COUNTY,305,47 Years,72,33,39,39,21,18,2,1,1,0,0,0,0,0,0,31,11,20
LYNN COUNTY,305,48 Years,70,33,37,35,16,19,1,1,0,0,0,0,0,0,0,34,16,18
LYNN COUNTY,305,49 Years,67,36,31,31,17,14,2,0,2,0,0,0,1,1,0,33,18,15
LYNN COUNTY,305,50 Years,77,45,32,34,18,16,2,2,0,0,0,0,1,0,1,40,25,15
LYNN COUNTY,305,51 Years,77,43,34,35,19,16,1,0,1,1,0,1,0,0,0,40,24,16
LYNN COUNTY,305,52 Years,92,44,48,52,21,31,2,2,0,1,0,1,0,0,0,37,21,16
LYNN COUNTY,305,53 Years,91,39,52,49,20,29,2,2,0,0,0,0,2,0,2,38,17,21
LYNN COUNTY,305,54 Years,100,49,51,57,25,32,2,1,1,0,0,0,2,1,1,39,22,17
LYNN COUNTY,305,55 Years,102,56,46,54,27,27,2,1,1,1,1,0,1,1,0,44,26,18
LYNN COUNTY,305,56 Years,83,45,38,46,25,21,1,1,0,0,0,0,0,0,0,36,19,17
LYNN COUNTY,305,57 Years,88,43,45,45,20,25,0,0,0,0,0,0,0,0,0,43,23,20
LYNN COUNTY,305,58 Years,99,53,46,52,28,24,3,2,1,0,0,0,0,0,0,44,23,21
LYNN COUNTY,305,59 Years,84,46,38,48,30,18,2,1,1,0,0,0,0,0,0,34,15,19
LYNN COUNTY,305,60 Years,78,38,40,44,24,20,1,1,0,0,0,0,0,0,0,33,13,20
LYNN COUNTY,305,61 Years,70,39,31,39,24,15,3,2,1,0,0,0,0,0,0,28,13,15
LYNN COUNTY,305,62 Years,75,38,37,40,22,18,2,1,1,0,0,0,0,0,0,33,15,18
LYNN COUNTY,305,63 Years,73,33,40,40,16,24,3,1,2,0,0,0,0,0,0,30,16,14
LYNN COUNTY,305,64 Years,63,29,34,33,14,19,3,1,2,0,0,0,0,0,0,27,14,13
LYNN COUNTY,305,65 Years,62,38,24,40,21,19,0,0,0,0,0,0,0,0,0,22,17,5
LYNN COUNTY,305,66 Years,65,36,29,35,18,17,0,0,0,0,0,0,0,0,0,30,18,12
LYNN COUNTY,305,67 Years,57,30,27,33,20,13,3,1,2,0,0,0,0,0,0,21,9,12
LYNN COUNTY,305,68 Years,63,34,29,34,20,14,2,1,1,0,0,0,1,1,0,26,12,14
LYNN COUNTY,305,69 Years,49,26,23,26,14,12,2,1,1,0,0,0,0,0,0,21,11,10
LYNN COUNTY,305,70 Years,49,28,21,27,13,14,2,2,0,0,0,0,0,0,0,20,13,7
LYNN COUNTY,305,71 Years,48,22,26,23,8,15,1,1,0,0,0,0,1,0,1,23,13,10
LYNN COUNTY,305,72 Years,46,24,22,23,10,13,1,0,1,0,0,0,0,0,0,22,14,8
LYNN COUNTY,305,73 Years,48,19,29,29,11,18,1,0,1,0,0,0,0,0,0,18,8,10
LYNN COUNTY,305,74 Years,48,22,26,24,9,15,0,0,0,0,0,0,0,0,0,24,13,11
LYNN COUNTY,305,75 Years,44,20,24,29,10,19,1,1,0,0,0,0,0,0,0,14,9,5
LYNN COUNTY,305,76 Years,44,18,26,28,10,18,2,1,1,0,0,0,0,0,0,14,7,7
LYNN COUNTY,305,77 Years,34,15,19,21,10,11,1,0,1,0,0,0,1,0,1,11,5,6
LYNN COUNTY,305,78 Years,45,25,20,30,19,11,1,0,1,0,0,0,1,0,1,13,6,7
LYNN COUNTY,305,79 Years,40,21,19,24,15,9,2,1,1,0,0,0,1,0,1,13,5,8
LYNN COUNTY,305,80 Years,43,17,26,23,11,12,0,0,0,0,0,0,1,1,0,19,5,14
LYNN COUNTY,305,81 Years,34,13,21,17,7,10,2,1,1,0,0,0,0,0,0,15,5,10
LYNN COUNTY,305,82 Years,35,14,21,19,7,12,0,0,0,0,0,0,0,0,0,16,7,9
LYNN COUNTY,305,83 Years,30,13,17,15,8,7,1,0,1,0,0,0,0,0,0,14,5,9
LYNN COUNTY,305,84 Years,23,11,12,10,6,4,1,0,1,0,0,0,0,0,0,12,5,7
LYNN COUNTY,305,85 Years,15,8,7,8,4,4,0,0,0,0,0,0,0,0,0,7,4,3
LYNN COUNTY,305,86 Years,14,8,6,8,3,5,0,0,0,0,0,0,0,0,0,6,5,1
LYNN COUNTY,305,87 Years,20,8,12,12,4,8,0,0,0,0,0,0,0,0,0,8,4,4
LYNN COUNTY,305,88 Years,24,10,14,16,6,10,0,0,0,0,0,0,0,0,0,8,4,4
LYNN COUNTY,305,89 Years,13,8,5,8,4,4,0,0,0,0,0,0,0,0,0,5,4,1
LYNN COUNTY,305,90 Years,15,6,9,9,3,6,1,1,0,0,0,0,0,0,0,5,2,3
LYNN COUNTY,305,91 Years,12,4,8,5,2,3,2,0,2,0,0,0,0,0,0,5,2,3
LYNN COUNTY,305,92 Years,11,4,7,3,1,2,1,0,1,0,0,0,0,0,0,7,3,4
LYNN COUNTY,305,93 Years,8,3,5,3,1,2,0,0,0,0,0,0,0,0,0,5,2,3
LYNN COUNTY,305,94 Years,4,1,3,3,1,2,0,0,0,0,0,0,0,0,0,1,0,1
LYNN COUNTY,305,95 Years +,12,4,8,6,1,5,2,1,1,0,0,0,0,0,0,4,2,2
MCCULLOCH COUNTY,307,All Ages,8330,4182,4148,5338,2630,2708,131,62,69,39,21,18,130,70,60,2692,1399,1293
MCCULLOCH COUNTY,307,< 1 Year,102,48,54,49,24,25,3,1,2,3,2,1,11,6,5,36,15,21
MCCULLOCH COUNTY,307,1 Years,101,48,53,51,24,27,3,2,1,2,1,1,7,4,3,38,17,21
MCCULLOCH COUNTY,307,2 Years,96,48,48,49,26,23,2,0,2,1,1,0,7,4,3,37,17,20
MCCULLOCH COUNTY,307,3 Years,94,50,44,51,28,23,0,0,0,0,0,0,3,2,1,40,20,20
MCCULLOCH COUNTY,307,4 Years,94,51,43,47,28,19,0,0,0,0,0,0,7,4,3,40,19,21
MCCULLOCH COUNTY,307,5 Years,105,56,49,52,30,22,0,0,0,1,0,1,8,4,4,44,22,22
MCCULLOCH COUNTY,307,6 Years,113,60,53,56,31,25,0,0,0,0,0,0,6,2,4,51,27,24
MCCULLOCH COUNTY,307,7 Years,106,57,49,55,30,25,0,0,0,0,0,0,4,1,3,47,26,21
MCCULLOCH COUNTY,307,8 Years,105,63,42,52,30,22,2,2,0,0,0,0,3,3,0,48,28,20
MCCULLOCH COUNTY,307,9 Years,97,54,43,43,21,22,1,1,0,1,1,0,2,2,0,50,29,21
MCCULLOCH COUNTY,307,10 Years,108,61,47,57,31,26,1,1,0,1,1,0,1,1,0,48,27,21
MCCULLOCH COUNTY,307,11 Years,108,63,45,54,30,24,1,1,0,0,0,0,2,1,1,51,31,20
MCCULLOCH COUNTY,307,12 Years,111,57,54,58,30,28,0,0,0,1,1,0,2,1,1,50,25,25
MCCULLOCH COUNTY,307,13 Years,107,57,50,54,29,25,1,1,0,0,0,0,1,0,1,51,27,24
MCCULLOCH COUNTY,307,14 Years,96,51,45,46,25,21,1,0,1,1,0,1,1,1,0,47,25,22
MCCULLOCH COUNTY,307,15 Years,114,68,46,55,33,22,3,1,2,1,1,0,1,1,0,54,32,22
MCCULLOCH COUNTY,307,16 Years,103,58,45,54,30,24,2,1,1,1,0,1,0,0,0,46,27,19
MCCULLOCH COUNTY,307,17 Years,101,55,46,58,33,25,3,1,2,0,0,0,0,0,0,40,21,19
MCCULLOCH COUNTY,307,18 Years,113,61,52,69,39,30,0,0,0,0,0,0,0,0,0,44,22,22
MCCULLOCH COUNTY,307,19 Years,104,54,50,58,32,26,4,1,3,0,0,0,2,0,2,40,21,19
MCCULLOCH COUNTY,307,20 Years,88,45,43,44,22,22,5,2,3,2,1,1,0,0,0,37,20,17
MCCULLOCH COUNTY,307,21 Years,88,45,43,46,21,25,4,2,2,1,1,0,1,1,0,36,20,16
MCCULLOCH COUNTY,307,22 Years,89,44,45,60,28,32,2,1,1,0,0,0,0,0,0,27,15,12
MCCULLOCH COUNTY,307,23 Years,110,52,58,71,32,39,0,0,0,1,1,0,0,0,0,38,19,19
MCCULLOCH COUNTY,307,24 Years,108,63,45,68,39,29,2,0,2,1,1,0,2,2,0,35,21,14
MCCULLOCH COUNTY,307,25 Years,97,59,38,58,35,23,1,0,1,0,0,0,2,1,1,36,23,13
MCCULLOCH COUNTY,307,26 Years,79,41,38,49,25,24,1,0,1,0,0,0,0,0,0,29,16,13
MCCULLOCH COUNTY,307,27 Years,93,46,47,54,26,28,1,0,1,0,0,0,0,0,0,38,20,18
MCCULLOCH COUNTY,307,28 Years,85,37,48,48,21,27,0,0,0,0,0,0,0,0,0,37,16,21
MCCULLOCH COUNTY,307,29 Years,92,47,45,45,23,22,3,3,0,0,0,0,0,0,0,44,21,23
MCCULLOCH COUNTY,307,30 Years,81,36,45,43,21,22,2,1,1,0,0,0,0,0,0,36,14,22
MCCULLOCH COUNTY,307,31 Years,87,41,46,41,19,22,1,1,0,1,1,0,1,0,1,43,20,23
MCCULLOCH COUNTY,307,32 Years,88,50,38,51,34,17,2,1,1,0,0,0,0,0,0,35,15,20
MCCULLOCH COUNTY,307,33 Years,83,51,32,53,30,23,1,1,0,0,0,0,2,1,1,27,19,8
MCCULLOCH COUNTY,307,34 Years,95,49,46,60,25,35,1,0,1,0,0,0,3,2,1,31,22,9
MCCULLOCH COUNTY,307,35 Years,93,51,42,59,29,30,2,1,1,0,0,0,1,1,0,31,20,11
MCCULLOCH COUNTY,307,36 Years,91,45,46,52,25,27,2,2,0,1,0,1,0,0,0,36,18,18
MCCULLOCH COUNTY,307,37 Years,81,40,41,50,26,24,0,0,0,1,0,1,0,0,0,30,14,16
MCCULLOCH COUNTY,307,38 Years,69,35,34,44,23,21,0,0,0,1,1,0,1,1,0,23,10,13
MCCULLOCH COUNTY,307,39 Years,81,44,37,57,31,26,1,0,1,0,0,0,1,0,1,22,13,9
MCCULLOCH COUNTY,307,40 Years,76,32,44,50,22,28,2,0,2,0,0,0,1,0,1,23,10,13
MCCULLOCH COUNTY,307,41 Years,81,41,40,47,20,27,3,2,1,1,1,0,0,0,0,30,18,12
MCCULLOCH COUNTY,307,42 Years,95,52,43,58,26,32,1,0,1,1,1,0,0,0,0,35,25,10
MCCULLOCH COUNTY,307,43 Years,91,45,46,54,22,32,1,0,1,1,1,0,0,0,0,35,22,13
MCCULLOCH COUNTY,307,44 Years,73,34,39,43,19,24,1,0,1,0,0,0,0,0,0,29,15,14
MCCULLOCH COUNTY,307,45 Years,81,46,35,52,30,22,1,0,1,0,0,0,1,1,0,27,15,12
MCCULLOCH COUNTY,307,46 Years,103,52,51,73,38,35,1,0,1,0,0,0,0,0,0,29,14,15
MCCULLOCH COUNTY,307,47 Years,90,47,43,61,33,28,1,0,1,1,1,0,1,0,1,26,13,13
MCCULLOCH COUNTY,307,48 Years,98,47,51,68,37,31,1,1,0,0,0,0,0,0,0,29,9,20
MCCULLOCH COUNTY,307,49 Years,90,35,55,52,23,29,0,0,0,2,0,2,0,0,0,36,12,24
MCCULLOCH COUNTY,307,50 Years,89,39,50,57,26,31,0,0,0,2,0,2,0,0,0,30,13,17
MCCULLOCH COUNTY,307,51 Years,101,45,56,64,30,34,1,0,1,1,0,1,2,2,0,33,13,20
MCCULLOCH COUNTY,307,52 Years,100,59,41,67,39,28,0,0,0,0,0,0,2,1,1,31,19,12
MCCULLOCH COUNTY,307,53 Years,88,47,41,58,29,29,2,2,0,1,1,0,1,0,1,26,15,11
MCCULLOCH COUNTY,307,54 Years,113,54,59,77,36,41,1,1,0,0,0,0,1,0,1,34,17,17
MCCULLOCH COUNTY,307,55 Years,106,49,57,68,33,35,1,1,0,0,0,0,0,0,0,37,15,22
MCCULLOCH COUNTY,307,56 Years,106,54,52,74,36,38,1,1,0,0,0,0,1,1,0,30,16,14
MCCULLOCH COUNTY,307,57 Years,94,47,47,70,30,40,1,1,0,0,0,0,1,1,0,22,15,7
MCCULLOCH COUNTY,307,58 Years,110,50,60,75,31,44,2,0,2,0,0,0,1,0,1,32,19,13
MCCULLOCH COUNTY,307,59 Years,122,60,62,87,39,48,2,1,1,0,0,0,1,0,1,32,20,12
MCCULLOCH COUNTY,307,60 Years,120,60,60,89,43,46,2,1,1,0,0,0,2,1,1,27,15,12
MCCULLOCH COUNTY,307,61 Years,125,57,68,89,37,52,3,2,1,1,1,0,1,0,1,31,17,14
MCCULLOCH COUNTY,307,62 Years,129,61,68,94,42,52,4,1,3,2,1,1,2,2,0,27,15,12
MCCULLOCH COUNTY,307,63 Years,120,64,56,83,44,39,2,1,1,1,0,1,2,2,0,32,17,15
MCCULLOCH COUNTY,307,64 Years,127,62,65,93,45,48,3,2,1,0,0,0,2,1,1,29,14,15
MCCULLOCH COUNTY,307,65 Years,102,47,55,80,34,46,3,2,1,0,0,0,0,0,0,19,11,8
MCCULLOCH COUNTY,307,66 Years,110,57,53,83,41,42,4,2,2,1,0,1,2,2,0,20,12,8
MCCULLOCH COUNTY,307,67 Years,100,53,47,75,38,37,3,2,1,0,0,0,1,1,0,21,12,9
MCCULLOCH COUNTY,307,68 Years,114,55,59,88,43,45,2,1,1,0,0,0,2,1,1,22,10,12
MCCULLOCH COUNTY,307,69 Years,123,59,64,94,46,48,2,1,1,0,0,0,2,0,2,25,12,13
MCCULLOCH COUNTY,307,70 Years,127,62,65,100,49,51,1,0,1,0,0,0,1,0,1,25,13,12
MCCULLOCH COUNTY,307,71 Years,107,52,55,86,43,43,0,0,0,0,0,0,0,0,0,21,9,12
MCCULLOCH COUNTY,307,72 Years,101,47,54,81,38,43,0,0,0,0,0,0,1,0,1,19,9,10
MCCULLOCH COUNTY,307,73 Years,93,48,45,73,38,35,0,0,0,0,0,0,0,0,0,20,10,10
MCCULLOCH COUNTY,307,74 Years,100,46,54,80,39,41,2,1,1,1,0,1,1,0,1,16,6,10
MCCULLOCH COUNTY,307,75 Years,83,41,42,68,35,33,1,0,1,0,0,0,2,1,1,12,5,7
MCCULLOCH COUNTY,307,76 Years,73,37,36,57,29,28,2,2,0,0,0,0,1,1,0,13,5,8
MCCULLOCH COUNTY,307,77 Years,71,36,35,57,30,27,3,1,2,0,0,0,1,1,0,10,4,6
MCCULLOCH COUNTY,307,78 Years,58,27,31,47,22,25,0,0,0,1,0,1,0,0,0,10,5,5
MCCULLOCH COUNTY,307,79 Years,57,27,30,45,21,24,0,0,0,0,0,0,1,1,0,11,5,6
MCCULLOCH COUNTY,307,80 Years,60,30,30,46,23,23,0,0,0,0,0,0,1,0,1,13,7,6
MCCULLOCH COUNTY,307,81 Years,53,25,28,40,19,21,1,0,1,0,0,0,1,0,1,11,6,5
MCCULLOCH COUNTY,307,82 Years,53,21,32,44,16,28,0,0,0,0,0,0,1,1,0,8,4,4
MCCULLOCH COUNTY,307,83 Years,46,20,26,38,17,21,0,0,0,0,0,0,1,0,1,7,3,4
MCCULLOCH COUNTY,307,84 Years,38,16,22,29,13,16,1,1,0,0,0,0,1,0,1,7,2,5
MCCULLOCH COUNTY,307,85 Years,37,17,20,26,11,15,1,1,0,0,0,0,2,2,0,8,3,5
MCCULLOCH COUNTY,307,86 Years,35,14,21,28,11,17,0,0,0,0,0,0,1,1,0,6,2,4
MCCULLOCH COUNTY,307,87 Years,38,11,27,30,9,21,1,0,1,0,0,0,1,0,1,6,2,4
MCCULLOCH COUNTY,307,88 Years,27,7,20,20,4,16,1,0,1,0,0,0,1,0,1,5,3,2
MCCULLOCH COUNTY,307,89 Years,28,12,16,23,10,13,1,0,1,0,0,0,0,0,0,4,2,2
MCCULLOCH COUNTY,307,90 Years,29,11,18,21,9,12,3,0,3,0,0,0,0,0,0,5,2,3
MCCULLOCH COUNTY,307,91 Years,20,5,15,13,3,10,2,1,1,0,0,0,1,0,1,4,1,3
MCCULLOCH COUNTY,307,92 Years,19,7,12,13,4,9,1,1,0,0,0,0,0,0,0,5,2,3
MCCULLOCH COUNTY,307,93 Years,10,4,6,6,2,4,0,0,0,0,0,0,0,0,0,4,2,2
MCCULLOCH COUNTY,307,94 Years,7,1,6,5,1,4,0,0,0,0,0,0,0,0,0,2,0,2
MCCULLOCH COUNTY,307,95 Years +,27,7,20,18,3,15,1,1,0,0,0,0,0,0,0,8,3,5
MCLENNAN COUNTY,309,All Ages,253995,124292,129703,141011,68734,72277,36724,17314,19410,4020,1952,2068,5478,2621,2857,66762,33671,33091
MCLENNAN COUNTY,309,< 1 Year,3529,1780,1749,1366,702,664,657,330,327,32,16,16,146,67,79,1328,665,663
MCLENNAN COUNTY,309,1 Years,3560,1795,1765,1391,712,679,650,324,326,34,16,18,156,77,79,1329,666,663
MCLENNAN COUNTY,309,2 Years,3635,1846,1789,1434,733,701,637,320,317,44,23,21,168,84,84,1352,686,666
MCLENNAN COUNTY,309,3 Years,3688,1887,1801,1459,743,716,639,321,318,48,27,21,185,96,89,1357,700,657
MCLENNAN COUNTY,309,4 Years,3653,1876,1777,1456,742,714,640,324,316,53,31,22,179,91,88,1325,688,637
MCLENNAN COUNTY,309,5 Years,3588,1857,1731,1455,750,705,617,312,305,50,30,20,164,86,78,1302,679,623
MCLENNAN COUNTY,309,6 Years,3572,1820,1752,1461,743,718,604,300,304,50,28,22,149,77,72,1308,672,636
MCLENNAN COUNTY,309,7 Years,3433,1747,1686,1405,724,681,567,282,285,43,20,23,132,68,64,1286,653,633
MCLENNAN COUNTY,309,8 Years,3368,1732,1636,1380,715,665,503,246,257,33,19,14,132,68,64,1320,684,636
MCLENNAN COUNTY,309,9 Years,3438,1768,1670,1383,720,663,512,253,259,42,22,20,135,70,65,1366,703,663
MCLENNAN COUNTY,309,10 Years,3418,1777,1641,1400,749,651,536,272,264,43,19,24,110,57,53,1329,680,649
MCLENNAN COUNTY,309,11 Years,3466,1807,1659,1441,784,657,579,288,291,35,18,17,104,54,50,1307,663,644
MCLENNAN COUNTY,309,12 Years,3426,1722,1704,1422,740,682,533,267,266,31,20,11,102,45,57,1338,650,688
MCLENNAN COUNTY,309,13 Years,3536,1773,1763,1480,740,740,579,297,282,36,23,13,116,49,67,1325,664,661
MCLENNAN COUNTY,309,14 Years,3584,1748,1836,1504,736,768,584,279,305,57,28,29,116,59,57,1323,646,677
MCLENNAN COUNTY,309,15 Years,3899,2002,1897,1710,892,818,581,284,297,59,31,28,118,57,61,1431,738,693
MCLENNAN COUNTY,309,16 Years,4046,2072,1974,1797,926,871,662,332,330,64,28,36,123,64,59,1400,722,678
MCLENNAN COUNTY,309,17 Years,4187,2194,1993,1958,1037,921,692,351,341,76,43,33,118,63,55,1343,700,643
MCLENNAN COUNTY,309,18 Years,5289,2673,2616,2913,1458,1455,721,360,361,144,78,66,147,68,79,1364,709,655
MCLENNAN COUNTY,309,19 Years,5539,2747,2792,3145,1578,1567,674,322,352,199,98,101,166,79,87,1355,670,685
MCLENNAN COUNTY,309,20 Years,5371,2662,2709,3189,1580,1609,649,308,341,172,74,98,134,67,67,1227,633,594
MCLENNAN COUNTY,309,21 Years,5092,2572,2520,2993,1525,1468,634,330,304,176,77,99,119,55,64,1170,585,585
MCLENNAN COUNTY,309,22 Years,4792,2400,2392,2750,1360,1390,659,352,307,107,51,56,97,52,45,1179,585,594
MCLENNAN COUNTY,309,23 Years,3510,1821,1689,1628,873,755,649,352,297,90,40,50,74,38,36,1069,518,551
MCLENNAN COUNTY,309,24 Years,3225,1619,1606,1514,761,753,551,290,261,70,25,45,71,32,39,1019,511,508
MCLENNAN COUNTY,309,25 Years,3007,1522,1485,1295,639,656,562,296,266,41,22,19,90,39,51,1019,526,493
MCLENNAN COUNTY,309,26 Years,3704,1817,1887,1780,888,892,624,305,319,76,36,40,100,42,58,1124,546,578
MCLENNAN COUNTY,309,27 Years,3628,1735,1893,1825,866,959,588,283,305,77,33,44,90,39,51,1048,514,534
MCLENNAN COUNTY,309,28 Years,3443,1667,1776,1762,863,899,522,239,283,81,36,45,74,32,42,1004,497,507
MCLENNAN COUNTY,309,29 Years,3299,1612,1687,1633,815,818,492,210,282,57,29,28,76,35,41,1041,523,518
MCLENNAN COUNTY,309,30 Years,3621,1771,1850,1987,968,1019,489,219,270,36,18,18,72,32,40,1037,534,503
MCLENNAN COUNTY,309,31 Years,3615,1774,1841,2050,1016,1034,473,213,260,24,10,14,59,30,29,1009,505,504
MCLENNAN COUNTY,309,32 Years,3562,1793,1769,1966,969,997,479,238,241,77,35,42,58,24,34,982,527,455
MCLENNAN COUNTY,309,33 Years,3330,1645,1685,1780,866,914,456,215,241,68,32,36,55,26,29,971,506,465
MCLENNAN COUNTY,309,34 Years,3246,1605,1641,1682,838,844,454,198,256,75,36,39,51,29,22,984,504,480
MCLENNAN COUNTY,309,35 Years,3144,1532,1612,1627,808,819,438,192,246,86,41,45,48,24,24,945,467,478
MCLENNAN COUNTY,309,36 Years,3106,1505,1601,1653,807,846,436,187,249,50,29,21,46,21,25,921,461,460
MCLENNAN COUNTY,309,37 Years,3214,1536,1678,1705,837,868,480,199,281,37,16,21,43,16,27,949,468,481
MCLENNAN COUNTY,309,38 Years,2958,1431,1527,1604,800,804,443,191,252,48,23,25,42,15,27,821,402,419
MCLENNAN COUNTY,309,39 Years,2854,1429,1425,1548,782,766,407,196,211,52,30,22,33,11,22,814,410,404
MCLENNAN COUNTY,309,40 Years,2734,1350,1384,1457,728,729,388,171,217,45,26,19,36,15,21,808,410,398
MCLENNAN COUNTY,309,41 Years,2708,1327,1381,1410,705,705,406,172,234,55,29,26,34,16,18,803,405,398
MCLENNAN COUNTY,309,42 Years,2751,1338,1413,1464,737,727,389,168,221,45,24,21,44,22,22,809,387,422
MCLENNAN COUNTY,309,43 Years,2664,1300,1364,1448,700,748,384,164,220,47,31,16,34,14,20,751,391,360
MCLENNAN COUNTY,309,44 Years,2620,1254,1366,1442,706,736,366,158,208,54,32,22,28,13,15,730,345,385
MCLENNAN COUNTY,309,45 Years,2811,1350,1461,1571,756,815,376,179,197,48,25,23,32,10,22,784,380,404
MCLENNAN COUNTY,309,46 Years,2831,1354,1477,1648,791,857,394,176,218,53,27,26,35,15,20,701,345,356
MCLENNAN COUNTY,309,47 Years,2843,1392,1451,1662,805,857,391,183,208,53,24,29,33,17,16,704,363,341
MCLENNAN COUNTY,309,48 Years,2690,1287,1403,1596,757,839,372,173,199,49,23,26,32,16,16,641,318,323
MCLENNAN COUNTY,309,49 Years,2622,1254,1368,1526,733,793,354,162,192,43,22,21,36,16,20,663,321,342
MCLENNAN COUNTY,309,50 Years,2647,1237,1410,1536,733,803,368,159,209,46,23,23,31,14,17,666,308,358
MCLENNAN COUNTY,309,51 Years,2676,1282,1394,1588,750,838,388,184,204,32,15,17,32,12,20,636,321,315
MCLENNAN COUNTY,309,52 Years,3036,1440,1596,1853,869,984,439,206,233,44,22,22,37,18,19,663,325,338
MCLENNAN COUNTY,309,53 Years,2947,1459,1488,1825,900,925,396,177,219,41,22,19,35,16,19,650,344,306
MCLENNAN COUNTY,309,54 Years,2882,1432,1450,1805,897,908,392,181,211,35,23,12,34,16,18,616,315,301
MCLENNAN COUNTY,309,55 Years,3026,1555,1471,1896,950,946,414,212,202,40,27,13,44,22,22,632,344,288
MCLENNAN COUNTY,309,56 Years,3027,1503,1524,1893,945,948,421,188,233,29,14,15,55,26,29,629,330,299
MCLENNAN COUNTY,309,57 Years,3050,1512,1538,1935,948,987,443,217,226,29,9,20,50,27,23,593,311,282
MCLENNAN COUNTY,309,58 Years,2991,1512,1479,1907,951,956,420,204,216,35,19,16,46,27,19,583,311,272
MCLENNAN COUNTY,309,59 Years,2892,1394,1498,1921,931,990,401,174,227,32,15,17,39,19,20,499,255,244
MCLENNAN COUNTY,309,60 Years,2874,1413,1461,1908,939,969,415,185,230,38,23,15,33,11,22,480,255,225
MCLENNAN COUNTY,309,61 Years,2863,1385,1478,1888,907,981,417,187,230,32,16,16,36,19,17,490,256,234
MCLENNAN COUNTY,309,62 Years,2866,1354,1512,1940,924,1016,407,179,228,31,12,19,41,20,21,447,219,228
MCLENNAN COUNTY,309,63 Years,2666,1264,1402,1833,872,961,374,164,210,28,9,19,33,19,14,398,200,198
MCLENNAN COUNTY,309,64 Years,2697,1290,1407,1876,908,968,364,161,203,24,5,19,28,14,14,405,202,203
MCLENNAN COUNTY,309,65 Years,2529,1167,1362,1802,843,959,345,135,210,21,7,14,28,12,16,333,170,163
MCLENNAN COUNTY,309,66 Years,2380,1125,1255,1688,792,896,319,148,171,21,7,14,31,13,18,321,165,156
MCLENNAN COUNTY,309,67 Years,2312,1111,1201,1671,799,872,281,134,147,23,8,15,34,17,17,303,153,150
MCLENNAN COUNTY,309,68 Years,2309,1127,1182,1681,819,862,295,141,154,29,13,16,23,12,11,281,142,139
MCLENNAN COUNTY,309,69 Years,2255,1081,1174,1684,799,885,274,135,139,25,9,16,25,11,14,247,127,120
MCLENNAN COUNTY,309,70 Years,2161,1018,1143,1646,766,880,238,113,125,22,5,17,24,14,10,231,120,111
MCLENNAN COUNTY,309,71 Years,1757,823,934,1306,607,699,197,88,109,19,6,13,24,10,14,211,112,99
MCLENNAN COUNTY,309,72 Years,1687,796,891,1266,595,671,205,94,111,15,6,9,15,5,10,186,96,90
MCLENNAN COUNTY,309,73 Years,1639,760,879,1245,589,656,182,76,106,13,3,10,15,5,10,184,87,97
MCLENNAN COUNTY,309,74 Years,1555,724,831,1198,560,638,172,76,96,14,8,6,14,4,10,157,76,81
MCLENNAN COUNTY,309,75 Years,1440,646,794,1126,509,617,150,60,90,14,6,8,17,6,11,133,65,68
MCLENNAN COUNTY,309,76 Years,1317,576,741,1022,448,574,144,64,80,16,4,12,10,3,7,125,57,68
MCLENNAN COUNTY,309,77 Years,1248,551,697,965,427,538,139,60,79,13,4,9,11,4,7,120,56,64
MCLENNAN COUNTY,309,78 Years,1176,516,660,923,415,508,123,43,80,8,3,5,11,5,6,111,50,61
MCLENNAN COUNTY,309,79 Years,1160,518,642,895,406,489,133,53,80,11,6,5,12,4,8,109,49,60
MCLENNAN COUNTY,309,80 Years,1010,443,567,779,344,435,119,45,74,11,6,5,8,4,4,93,44,49
MCLENNAN COUNTY,309,81 Years,987,405,582,768,321,447,104,39,65,11,3,8,6,3,3,98,39,59
MCLENNAN COUNTY,309,82 Years,927,388,539,732,314,418,91,33,58,9,5,4,3,1,2,92,35,57
MCLENNAN COUNTY,309,83 Years,848,336,512,665,268,397,85,28,57,5,4,1,7,2,5,86,34,52
MCLENNAN COUNTY,309,84 Years,758,295,463,590,231,359,87,29,58,4,2,2,6,2,4,71,31,40
MCLENNAN COUNTY,309,85 Years,671,265,406,527,211,316,69,24,45,4,1,3,8,2,6,63,27,36
MCLENNAN COUNTY,309,86 Years,616,242,374,485,189,296,72,28,44,2,1,1,6,2,4,51,22,29
MCLENNAN COUNTY,309,87 Years,571,217,354,447,168,279,68,24,44,4,2,2,2,1,1,50,22,28
MCLENNAN COUNTY,309,88 Years,532,198,334,416,156,260,65,23,42,3,0,3,4,2,2,44,17,27
MCLENNAN COUNTY,309,89 Years,429,148,281,343,120,223,42,12,30,4,1,3,3,1,2,37,14,23
MCLENNAN COUNTY,309,90 Years,364,125,239,297,102,195,33,10,23,3,1,2,4,1,3,27,11,16
MCLENNAN COUNTY,309,91 Years,325,100,225,262,84,178,34,8,26,4,0,4,3,1,2,22,7,15
MCLENNAN COUNTY,309,92 Years,267,78,189,215,65,150,31,7,24,2,0,2,3,1,2,16,5,11
MCLENNAN COUNTY,309,93 Years,207,60,147,168,50,118,23,6,17,1,0,1,2,1,1,13,3,10
MCLENNAN COUNTY,309,94 Years,159,46,113,128,37,91,16,4,12,2,1,1,1,0,1,12,4,8
MCLENNAN COUNTY,309,95 Years +,410,98,312,312,73,239,57,13,44,6,2,4,2,0,2,33,10,23
MCMULLEN COUNTY,311,All Ages,781,398,383,449,221,228,6,4,2,3,0,3,6,2,4,317,171,146
MCMULLEN COUNTY,311,< 1 Year,7,1,6,1,0,1,0,0,0,0,0,0,1,0,1,5,1,4
MCMULLEN COUNTY,311,1 Years,8,4,4,1,0,1,0,0,0,0,0,0,1,1,0,6,3,3
MCMULLEN COUNTY,311,2 Years,10,4,6,1,0,1,0,0,0,0,0,0,0,0,0,9,4,5
MCMULLEN COUNTY,311,3 Years,8,3,5,1,0,1,0,0,0,0,0,0,0,0,0,7,3,4
MCMULLEN COUNTY,311,4 Years,8,3,5,1,0,1,0,0,0,0,0,0,0,0,0,7,3,4
MCMULLEN COUNTY,311,5 Years,9,5,4,2,0,2,0,0,0,0,0,0,0,0,0,7,5,2
MCMULLEN COUNTY,311,6 Years,7,6,1,1,1,0,0,0,0,0,0,0,0,0,0,6,5,1
MCMULLEN COUNTY,311,7 Years,5,1,4,1,0,1,0,0,0,0,0,0,0,0,0,4,1,3
MCMULLEN COUNTY,311,8 Years,4,2,2,1,0,1,0,0,0,0,0,0,0,0,0,3,2,1
MCMULLEN COUNTY,311,9 Years,6,3,3,4,2,2,0,0,0,0,0,0,0,0,0,2,1,1
MCMULLEN COUNTY,311,10 Years,7,4,3,6,3,3,0,0,0,0,0,0,0,0,0,1,1,0
MCMULLEN COUNTY,311,11 Years,6,4,2,2,1,1,0,0,0,0,0,0,0,0,0,4,3,1
MCMULLEN COUNTY,311,12 Years,8,4,4,4,2,2,0,0,0,0,0,0,0,0,0,4,2,2
MCMULLEN COUNTY,311,13 Years,4,4,0,2,2,0,1,1,0,0,0,0,0,0,0,1,1,0
MCMULLEN COUNTY,311,14 Years,4,2,2,2,1,1,1,1,0,0,0,0,0,0,0,1,0,1
MCMULLEN COUNTY,311,15 Years,7,3,4,2,1,1,0,0,0,0,0,0,0,0,0,5,2,3
MCMULLEN COUNTY,311,16 Years,9,6,3,5,4,1,0,0,0,0,0,0,0,0,0,4,2,2
MCMULLEN COUNTY,311,17 Years,7,5,2,2,2,0,0,0,0,0,0,0,0,0,0,5,3,2
MCMULLEN COUNTY,311,18 Years,13,7,6,5,2,3,0,0,0,0,0,0,0,0,0,8,5,3
MCMULLEN COUNTY,311,19 Years,14,8,6,6,4,2,0,0,0,0,0,0,0,0,0,8,4,4
MCMULLEN COUNTY,311,20 Years,6,2,4,2,1,1,0,0,0,0,0,0,0,0,0,4,1,3
MCMULLEN COUNTY,311,21 Years,5,2,3,1,0,1,0,0,0,0,0,0,0,0,0,4,2,2
MCMULLEN COUNTY,311,22 Years,6,4,2,3,2,1,0,0,0,0,0,0,0,0,0,3,2,1
MCMULLEN COUNTY,311,23 Years,4,2,2,1,0,1,0,0,0,0,0,0,0,0,0,3,2,1
MCMULLEN COUNTY,311,24 Years,6,3,3,4,2,2,0,0,0,0,0,0,0,0,0,2,1,1
MCMULLEN COUNTY,311,25 Years,12,6,6,5,1,4,0,0,0,0,0,0,0,0,0,7,5,2
MCMULLEN COUNTY,311,26 Years,8,4,4,3,0,3,1,1,0,0,0,0,0,0,0,4,3,1
MCMULLEN COUNTY,311,27 Years,9,7,2,3,2,1,0,0,0,0,0,0,0,0,0,6,5,1
MCMULLEN COUNTY,311,28 Years,8,4,4,3,1,2,0,0,0,0,0,0,0,0,0,5,3,2
MCMULLEN COUNTY,311,29 Years,4,2,2,2,0,2,0,0,0,0,0,0,0,0,0,2,2,0
MCMULLEN COUNTY,311,30 Years,7,2,5,1,0,1,0,0,0,0,0,0,0,0,0,6,2,4
MCMULLEN COUNTY,311,31 Years,6,4,2,2,1,1,0,0,0,0,0,0,0,0,0,4,3,1
MCMULLEN COUNTY,311,32 Years,8,6,2,4,2,2,0,0,0,0,0,0,0,0,0,4,4,0
MCMULLEN COUNTY,311,33 Years,8,4,4,6,2,4,0,0,0,0,0,0,0,0,0,2,2,0
MCMULLEN COUNTY,311,34 Years,8,2,6,5,2,3,0,0,0,0,0,0,0,0,0,3,0,3
MCMULLEN COUNTY,311,35 Years,5,1,4,3,1,2,0,0,0,0,0,0,0,0,0,2,0,2
MCMULLEN COUNTY,311,36 Years,4,3,1,2,2,0,0,0,0,0,0,0,0,0,0,2,1,1
MCMULLEN COUNTY,311,37 Years,9,4,5,3,2,1,1,0,1,1,0,1,2,0,2,2,2,0
MCMULLEN COUNTY,311,38 Years,8,5,3,5,3,2,0,0,0,0,0,0,1,0,1,2,2,0
MCMULLEN COUNTY,311,39 Years,7,4,3,4,3,1,0,0,0,0,0,0,0,0,0,3,1,2
MCMULLEN COUNTY,311,40 Years,4,2,2,3,1,2,0,0,0,0,0,0,0,0,0,1,1,0
MCMULLEN COUNTY,311,41 Years,5,2,3,2,1,1,0,0,0,0,0,0,0,0,0,3,1,2
MCMULLEN COUNTY,311,42 Years,5,2,3,3,1,2,0,0,0,0,0,0,0,0,0,2,1,1
MCMULLEN COUNTY,311,43 Years,6,2,4,4,2,2,0,0,0,0,0,0,0,0,0,2,0,2
MCMULLEN COUNTY,311,44 Years,4,2,2,2,1,1,0,0,0,0,0,0,0,0,0,2,1,1
MCMULLEN COUNTY,311,45 Years,7,4,3,3,3,0,0,0,0,0,0,0,0,0,0,4,1,3
MCMULLEN COUNTY,311,46 Years,5,2,3,2,2,0,0,0,0,0,0,0,0,0,0,3,0,3
MCMULLEN COUNTY,311,47 Years,6,1,5,5,1,4,0,0,0,0,0,0,0,0,0,1,0,1
MCMULLEN COUNTY,311,48 Years,10,8,2,5,3,2,0,0,0,0,0,0,0,0,0,5,5,0
MCMULLEN COUNTY,311,49 Years,7,2,5,2,0,2,1,1,0,0,0,0,0,0,0,4,1,3
MCMULLEN COUNTY,311,50 Years,9,3,6,6,3,3,0,0,0,0,0,0,0,0,0,3,0,3
MCMULLEN COUNTY,311,51 Years,12,5,7,7,2,5,0,0,0,1,0,1,0,0,0,4,3,1
MCMULLEN COUNTY,311,52 Years,16,7,9,7,2,5,0,0,0,1,0,1,0,0,0,8,5,3
MCMULLEN COUNTY,311,53 Years,6,3,3,2,1,1,0,0,0,0,0,0,0,0,0,4,2,2
MCMULLEN COUNTY,311,54 Years,6,3,3,4,3,1,0,0,0,0,0,0,0,0,0,2,0,2
MCMULLEN COUNTY,311,55 Years,9,5,4,5,3,2,0,0,0,0,0,0,0,0,0,4,2,2
MCMULLEN COUNTY,311,56 Years,14,6,8,10,4,6,0,0,0,0,0,0,0,0,0,4,2,2
MCMULLEN COUNTY,311,57 Years,11,5,6,8,3,5,0,0,0,0,0,0,0,0,0,3,2,1
MCMULLEN COUNTY,311,58 Years,12,8,4,6,4,2,0,0,0,0,0,0,0,0,0,6,4,2
MCMULLEN COUNTY,311,59 Years,12,7,5,7,5,2,1,0,1,0,0,0,0,0,0,4,2,2
MCMULLEN COUNTY,311,60 Years,9,5,4,4,2,2,0,0,0,0,0,0,0,0,0,5,3,2
MCMULLEN COUNTY,311,61 Years,22,12,10,15,8,7,0,0,0,0,0,0,0,0,0,7,4,3
MCMULLEN COUNTY,311,62 Years,19,11,8,14,8,6,0,0,0,0,0,0,0,0,0,5,3,2
MCMULLEN COUNTY,311,63 Years,12,5,7,8,3,5,0,0,0,0,0,0,0,0,0,4,2,2
MCMULLEN COUNTY,311,64 Years,13,7,6,10,6,4,0,0,0,0,0,0,0,0,0,3,1,2
MCMULLEN COUNTY,311,65 Years,8,2,6,7,2,5,0,0,0,0,0,0,0,0,0,1,0,1
MCMULLEN COUNTY,311,66 Years,9,6,3,7,5,2,0,0,0,0,0,0,0,0,0,2,1,1
MCMULLEN COUNTY,311,67 Years,9,5,4,6,3,3,0,0,0,0,0,0,0,0,0,3,2,1
MCMULLEN COUNTY,311,68 Years,12,6,6,9,4,5,0,0,0,0,0,0,0,0,0,3,2,1
MCMULLEN COUNTY,311,69 Years,7,3,4,6,3,3,0,0,0,0,0,0,0,0,0,1,0,1
MCMULLEN COUNTY,311,70 Years,9,4,5,7,3,4,0,0,0,0,0,0,0,0,0,2,1,1
MCMULLEN COUNTY,311,71 Years,6,1,5,4,1,3,0,0,0,0,0,0,0,0,0,2,0,2
MCMULLEN COUNTY,311,72 Years,14,6,8,8,4,4,0,0,0,0,0,0,0,0,0,6,2,4
MCMULLEN COUNTY,311,73 Years,11,5,6,8,4,4,0,0,0,0,0,0,0,0,0,3,1,2
MCMULLEN COUNTY,311,74 Years,6,2,4,4,2,2,0,0,0,0,0,0,0,0,0,2,0,2
MCMULLEN COUNTY,311,75 Years,13,6,7,9,3,6,0,0,0,0,0,0,0,0,0,4,3,1
MCMULLEN COUNTY,311,76 Years,9,6,3,7,4,3,0,0,0,0,0,0,0,0,0,2,2,0
MCMULLEN COUNTY,311,77 Years,13,13,0,9,9,0,0,0,0,0,0,0,0,0,0,4,4,0
MCMULLEN COUNTY,311,78 Years,8,5,3,4,2,2,0,0,0,0,0,0,0,0,0,4,3,1
MCMULLEN COUNTY,311,79 Years,14,4,10,9,1,8,0,0,0,0,0,0,0,0,0,5,3,2
MCMULLEN COUNTY,311,80 Years,16,6,10,14,5,9,0,0,0,0,0,0,0,0,0,2,1,1
MCMULLEN COUNTY,311,81 Years,10,5,5,10,5,5,0,0,0,0,0,0,0,0,0,0,0,0
MCMULLEN COUNTY,311,82 Years,9,6,3,8,6,2,0,0,0,0,0,0,0,0,0,1,0,1
MCMULLEN COUNTY,311,83 Years,4,3,1,3,3,0,0,0,0,0,0,0,0,0,0,1,0,1
MCMULLEN COUNTY,311,84 Years,11,4,7,9,3,6,0,0,0,0,0,0,0,0,0,2,1,1
MCMULLEN COUNTY,311,85 Years,12,5,7,10,4,6,0,0,0,0,0,0,0,0,0,2,1,1
MCMULLEN COUNTY,311,86 Years,11,6,5,9,5,4,0,0,0,0,0,0,1,1,0,1,0,1
MCMULLEN COUNTY,311,87 Years,6,4,2,6,4,2,0,0,0,0,0,0,0,0,0,0,0,0
MCMULLEN COUNTY,311,88 Years,3,1,2,3,1,2,0,0,0,0,0,0,0,0,0,0,0,0
MCMULLEN COUNTY,311,89 Years,4,3,1,4,3,1,0,0,0,0,0,0,0,0,0,0,0,0
MCMULLEN COUNTY,311,90 Years,4,3,1,3,2,1,0,0,0,0,0,0,0,0,0,1,1,0
MCMULLEN COUNTY,311,91 Years,5,3,2,4,2,2,0,0,0,0,0,0,0,0,0,1,1,0
MCMULLEN COUNTY,311,92 Years,3,3,0,2,2,0,0,0,0,0,0,0,0,0,0,1,1,0
MCMULLEN COUNTY,311,93 Years,1,1,0,0,0,0,0,0,0,0,0,0,0,0,0,1,1,0
MCMULLEN COUNTY,311,94 Years,0,0,0,0,0,0,0,0,0,0,0,0,0,0,0,0,0,0
MCMULLEN COUNTY,311,95 Years +,4,2,2,4,2,2,0,0,0,0,0,0,0,0,0,0,0,0
MADISON COUNTY,313,All Ages,14345,8251,6094,7819,4150,3669,2767,1834,933,83,46,37,308,166,142,3368,2055,1313
MADISON COUNTY,313,< 1 Year,177,93,84,91,48,43,21,11,10,0,0,0,17,8,9,48,26,22
MADISON COUNTY,313,1 Years,171,93,78,82,43,39,21,11,10,0,0,0,20,12,8,48,27,21
MADISON COUNTY,313,2 Years,174,87,87,86,44,42,24,12,12,0,0,0,15,5,10,49,26,23
MADISON COUNTY,313,3 Years,177,94,83,82,43,39,25,13,12,0,0,0,16,10,6,54,28,26
MADISON COUNTY,313,4 Years,187,99,88,80,43,37,27,15,12,2,2,0,16,11,5,62,28,34
MADISON COUNTY,313,5 Years,181,97,84,75,39,36,23,12,11,3,2,1,21,15,6,59,29,30
MADISON COUNTY,313,6 Years,189,98,91,80,42,38,25,13,12,2,1,1,21,12,9,61,30,31
MADISON COUNTY,313,7 Years,193,99,94,92,51,41,24,12,12,0,0,0,13,5,8,64,31,33
MADISON COUNTY,313,8 Years,169,87,82,91,48,43,20,9,11,1,1,0,12,5,7,45,24,21
MADISON COUNTY,313,9 Years,177,88,89,85,43,42,23,11,12,5,1,4,8,3,5,56,30,26
MADISON COUNTY,313,10 Years,178,91,87,87,44,43,30,19,11,2,0,2,7,4,3,52,24,28
MADISON COUNTY,313,11 Years,175,81,94,83,34,49,33,15,18,1,1,0,5,4,1,53,27,26
MADISON COUNTY,313,12 Years,169,87,82,87,44,43,28,15,13,2,0,2,4,3,1,48,25,23
MADISON COUNTY,313,13 Years,162,82,80,85,43,42,29,19,10,2,0,2,4,1,3,42,19,23
MADISON COUNTY,313,14 Years,148,64,84,78,35,43,27,10,17,3,0,3,3,0,3,37,19,18
MADISON COUNTY,313,15 Years,176,90,86,77,42,35,39,25,14,1,0,1,4,3,1,55,20,35
MADISON COUNTY,313,16 Years,172,93,79,75,41,34,39,27,12,0,0,0,5,5,0,53,20,33
MADISON COUNTY,313,17 Years,167,78,89,78,36,42,39,20,19,0,0,0,4,3,1,46,19,27
MADISON COUNTY,313,18 Years,197,108,89,82,45,37,51,25,26,1,1,0,2,2,0,61,35,26
MADISON COUNTY,313,19 Years,200,116,84,80,39,41,57,38,19,1,0,1,4,2,2,58,37,21
MADISON COUNTY,313,20 Years,227,155,72,98,62,36,55,43,12,4,4,0,3,3,0,67,43,24
MADISON COUNTY,313,21 Years,214,148,66,75,45,30,63,50,13,1,1,0,3,2,1,72,50,22
MADISON COUNTY,313,22 Years,233,153,80,95,51,44,53,42,11,1,0,1,2,1,1,82,59,23
MADISON COUNTY,313,23 Years,265,179,86,105,60,45,69,53,16,2,2,0,2,2,0,87,62,25
MADISON COUNTY,313,24 Years,275,187,88,102,62,40,76,58,18,1,1,0,6,5,1,90,61,29
MADISON COUNTY,313,25 Years,288,202,86,109,75,34,75,62,13,0,0,0,3,2,1,101,63,38
MADISON COUNTY,313,26 Years,318,240,78,109,74,35,93,84,9,0,0,0,2,1,1,114,81,33
MADISON COUNTY,313,27 Years,274,199,75,105,71,34,80,68,12,0,0,0,0,0,0,89,60,29
MADISON COUNTY,313,28 Years,268,188,80,108,67,41,74,58,16,0,0,0,1,1,0,85,62,23
MADISON COUNTY,313,29 Years,273,206,67,113,79,34,81,68,13,0,0,0,2,1,1,77,58,19
MADISON COUNTY,313,30 Years,251,180,71,109,69,40,62,52,10,0,0,0,1,1,0,79,58,21
MADISON COUNTY,313,31 Years,226,167,59,97,62,35,56,52,4,0,0,0,1,0,1,72,53,19
MADISON COUNTY,313,32 Years,238,181,57,100,65,35,73,65,8,1,1,0,4,2,2,60,48,12
MADISON COUNTY,313,33 Years,238,161,77,99,56,43,62,51,11,2,2,0,4,2,2,71,50,21
MADISON COUNTY,313,34 Years,226,142,84,96,53,43,60,46,14,1,0,1,3,1,2,66,42,24
MADISON COUNTY,313,35 Years,202,140,62,79,44,35,56,44,12,3,2,1,1,0,1,63,50,13
MADISON COUNTY,313,36 Years,189,125,64,79,44,35,48,37,11,1,1,0,1,0,1,60,43,17
MADISON COUNTY,313,37 Years,223,144,79,101,58,43,49,39,10,3,2,1,1,0,1,69,45,24
MADISON COUNTY,313,38 Years,189,114,75,102,57,45,37,23,14,4,1,3,1,1,0,45,32,13
MADISON COUNTY,313,39 Years,201,132,69,112,63,49,47,36,11,1,1,0,2,2,0,39,30,9
MADISON COUNTY,313,40 Years,154,98,56,90,54,36,27,20,7,2,2,0,1,0,1,34,22,12
MADISON COUNTY,313,41 Years,167,109,58,95,59,36,30,26,4,1,1,0,1,0,1,40,23,17
MADISON COUNTY,313,42 Years,174,115,59,94,62,32,28,19,9,2,1,1,4,3,1,46,30,16
MADISON COUNTY,313,43 Years,162,91,71,96,51,45,28,17,11,1,0,1,0,0,0,37,23,14
MADISON COUNTY,313,44 Years,169,107,62,95,57,38,31,21,10,0,0,0,2,2,0,41,27,14
MADISON COUNTY,313,45 Years,157,88,69,91,49,42,22,15,7,1,0,1,1,0,1,42,24,18
MADISON COUNTY,313,46 Years,161,96,65,91,50,41,25,18,7,3,1,2,3,2,1,39,25,14
MADISON COUNTY,313,47 Years,170,97,73,115,62,53,21,12,9,1,1,0,1,1,0,32,21,11
MADISON COUNTY,313,48 Years,164,91,73,100,55,45,24,12,12,1,1,0,0,0,0,39,23,16
MADISON COUNTY,313,49 Years,151,87,64,89,47,42,20,10,10,2,2,0,3,2,1,37,26,11
MADISON COUNTY,313,50 Years,130,65,65,80,37,43,19,10,9,0,0,0,1,1,0,30,17,13
MADISON COUNTY,313,51 Years,137,69,68,93,45,48,20,10,10,0,0,0,2,1,1,22,13,9
MADISON COUNTY,313,52 Years,142,74,68,83,40,43,31,18,13,1,1,0,0,0,0,27,15,12
MADISON COUNTY,313,53 Years,152,75,77,82,36,46,33,22,11,2,1,1,3,1,2,32,15,17
MADISON COUNTY,313,54 Years,140,76,64,86,45,41,25,14,11,2,1,1,1,1,0,26,15,11
MADISON COUNTY,313,55 Years,137,65,72,97,44,53,16,7,9,1,1,0,0,0,0,23,13,10
MADISON COUNTY,313,56 Years,125,56,69,87,36,51,17,9,8,0,0,0,2,1,1,19,10,9
MADISON COUNTY,313,57 Years,127,57,70,87,37,50,22,10,12,0,0,0,0,0,0,18,10,8
MADISON COUNTY,313,58 Years,144,68,76,106,50,56,19,8,11,1,1,0,0,0,0,18,9,9
MADISON COUNTY,313,59 Years,154,80,74,122,65,57,14,7,7,1,0,1,1,0,1,16,8,8
MADISON COUNTY,313,60 Years,154,74,80,105,56,49,30,9,21,2,1,1,1,0,1,16,8,8
MADISON COUNTY,313,61 Years,138,73,65,99,54,45,24,8,16,0,0,0,0,0,0,15,11,4
MADISON COUNTY,313,62 Years,159,78,81,112,54,58,26,16,10,0,0,0,3,0,3,18,8,10
MADISON COUNTY,313,63 Years,155,75,80,107,54,53,25,10,15,2,1,1,1,1,0,20,9,11
MADISON COUNTY,313,64 Years,137,65,72,99,49,50,21,8,13,1,0,1,0,0,0,16,8,8
MADISON COUNTY,313,65 Years,126,59,67,98,45,53,15,9,6,0,0,0,3,0,3,10,5,5
MADISON COUNTY,313,66 Years,140,66,74,105,48,57,25,15,10,0,0,0,2,0,2,8,3,5
MADISON COUNTY,313,67 Years,134,68,66,106,52,54,18,12,6,0,0,0,1,0,1,9,4,5
MADISON COUNTY,313,68 Years,145,72,73,113,59,54,21,8,13,1,0,1,1,0,1,9,5,4
MADISON COUNTY,313,69 Years,142,72,70,116,57,59,18,10,8,0,0,0,0,0,0,8,5,3
MADISON COUNTY,313,70 Years,138,70,68,114,57,57,11,6,5,2,2,0,3,0,3,8,5,3
MADISON COUNTY,313,71 Years,115,59,56,92,47,45,12,7,5,1,1,0,3,1,2,7,3,4
MADISON COUNTY,313,72 Years,107,49,58,85,39,46,17,8,9,0,0,0,2,1,1,3,1,2
MADISON COUNTY,313,73 Years,104,51,53,90,42,48,10,5,5,0,0,0,0,0,0,4,4,0
MADISON COUNTY,313,74 Years,100,45,55,77,32,45,15,8,7,0,0,0,3,3,0,5,2,3
MADISON COUNTY,313,75 Years,94,47,47,72,38,34,12,5,7,0,0,0,2,0,2,8,4,4
MADISON COUNTY,313,76 Years,88,48,40,75,40,35,6,3,3,0,0,0,2,2,0,5,3,2
MADISON COUNTY,313,77 Years,95,49,46,79,41,38,10,4,6,0,0,0,2,1,1,4,3,1
MADISON COUNTY,313,78 Years,89,42,47,67,35,32,14,4,10,0,0,0,3,1,2,5,2,3
MADISON COUNTY,313,79 Years,75,38,37,60,33,27,7,1,6,0,0,0,1,0,1,7,4,3
MADISON COUNTY,313,80 Years,64,26,38,51,22,29,8,2,6,0,0,0,0,0,0,5,2,3
MADISON COUNTY,313,81 Years,66,30,36,53,24,29,7,4,3,0,0,0,2,0,2,4,2,2
MADISON COUNTY,313,82 Years,54,21,33,45,17,28,7,3,4,0,0,0,1,0,1,1,1,0
MADISON COUNTY,313,83 Years,48,21,27,42,19,23,5,2,3,0,0,0,0,0,0,1,0,1
MADISON COUNTY,313,84 Years,44,21,23,35,17,18,5,2,3,0,0,0,0,0,0,4,2,2
MADISON COUNTY,313,85 Years,39,17,22,30,14,16,8,3,5,0,0,0,0,0,0,1,0,1
MADISON COUNTY,313,86 Years,37,18,19,28,13,15,8,4,4,0,0,0,0,0,0,1,1,0
MADISON COUNTY,313,87 Years,30,15,15,25,12,13,3,1,2,0,0,0,0,0,0,2,2,0
MADISON COUNTY,313,88 Years,27,10,17,24,9,15,3,1,2,0,0,0,0,0,0,0,0,0
MADISON COUNTY,313,89 Years,23,10,13,16,6,10,4,2,2,0,0,0,0,0,0,3,2,1
MADISON COUNTY,313,90 Years,20,6,14,16,6,10,4,0,4,0,0,0,0,0,0,0,0,0
MADISON COUNTY,313,91 Years,17,6,11,11,3,8,4,1,3,0,0,0,1,1,0,1,1,0
MADISON COUNTY,313,92 Years,14,4,10,9,2,7,4,1,3,0,0,0,0,0,0,1,1,0
MADISON COUNTY,313,93 Years,14,3,11,9,2,7,3,1,2,1,0,1,0,0,0,1,0,1
MADISON COUNTY,313,94 Years,11,2,9,8,1,7,3,1,2,0,0,0,0,0,0,0,0,0
MADISON COUNTY,313,95 Years +,28,9,19,18,6,12,8,2,6,0,0,0,1,0,1,1,1,0
MARION COUNTY,315,All Ages,10159,4966,5193,7083,3514,3569,2283,1065,1218,68,34,34,348,168,180,377,185,192
MARION COUNTY,315,< 1 Year,91,47,44,53,26,27,21,13,8,0,0,0,11,5,6,6,3,3
MARION COUNTY,315,1 Years,98,53,45,54,26,28,22,15,7,4,2,2,13,8,5,5,2,3
MARION COUNTY,315,2 Years,99,51,48,56,26,30,23,15,8,5,2,3,11,6,5,4,2,2
MARION COUNTY,315,3 Years,109,53,56,59,26,33,29,16,13,5,2,3,10,6,4,6,3,3
MARION COUNTY,315,4 Years,111,49,62,60,25,35,30,15,15,3,1,2,9,5,4,9,3,6
MARION COUNTY,315,5 Years,112,49,63,57,24,33,29,14,15,3,1,2,9,4,5,14,6,8
MARION COUNTY,315,6 Years,111,53,58,56,27,29,28,13,15,3,2,1,11,4,7,13,7,6
MARION COUNTY,315,7 Years,119,58,61,65,28,37,37,20,17,2,1,1,6,2,4,9,7,2
MARION COUNTY,315,8 Years,105,54,51,59,26,33,32,20,12,1,0,1,5,2,3,8,6,2
MARION COUNTY,315,9 Years,122,60,62,76,38,38,24,11,13,2,2,0,8,5,3,12,4,8
MARION COUNTY,315,10 Years,108,50,58,70,31,39,23,12,11,0,0,0,5,3,2,10,4,6
MARION COUNTY,315,11 Years,104,55,49,63,33,30,28,16,12,1,1,0,4,2,2,8,3,5
MARION COUNTY,315,12 Years,98,44,54,62,27,35,24,12,12,2,2,0,4,1,3,6,2,4
MARION COUNTY,315,13 Years,90,44,46,57,30,27,24,12,12,0,0,0,4,1,3,5,1,4
MARION COUNTY,315,14 Years,94,48,46,67,31,36,22,14,8,0,0,0,1,1,0,4,2,2
MARION COUNTY,315,15 Years,99,48,51,62,33,29,32,14,18,0,0,0,1,1,0,4,0,4
MARION COUNTY,315,16 Years,98,56,42,61,38,23,28,12,16,0,0,0,5,3,2,4,3,1
MARION COUNTY,315,17 Years,99,49,50,56,30,26,33,13,20,0,0,0,6,4,2,4,2,2
MARION COUNTY,315,18 Years,102,55,47,53,30,23,40,19,21,0,0,0,3,2,1,6,4,2
MARION COUNTY,315,19 Years,106,67,39,60,40,20,33,16,17,2,2,0,3,2,1,8,7,1
MARION COUNTY,315,20 Years,92,52,40,60,37,23,20,8,12,0,0,0,7,4,3,5,3,2
MARION COUNTY,315,21 Years,94,53,41,54,31,23,27,13,14,2,2,0,4,2,2,7,5,2
MARION COUNTY,315,22 Years,97,55,42,46,27,19,35,18,17,1,1,0,4,2,2,11,7,4
MARION COUNTY,315,23 Years,102,51,51,59,27,32,28,12,16,0,0,0,6,4,2,9,8,1
MARION COUNTY,315,24 Years,110,59,51,70,38,32,28,13,15,2,2,0,4,2,2,6,4,2
MARION COUNTY,315,25 Years,120,64,56,81,43,38,30,17,13,1,1,0,3,1,2,5,2,3
MARION COUNTY,315,26 Years,114,56,58,83,43,40,23,9,14,0,0,0,3,2,1,5,2,3
MARION COUNTY,315,27 Years,90,41,49,63,31,32,22,9,13,0,0,0,0,0,0,5,1,4
MARION COUNTY,315,28 Years,84,42,42,48,24,24,28,13,15,0,0,0,3,2,1,5,3,2
MARION COUNTY,315,29 Years,104,51,53,67,35,32,24,10,14,0,0,0,5,3,2,8,3,5
MARION COUNTY,315,30 Years,110,50,60,71,35,36,28,10,18,1,1,0,5,2,3,5,2,3
MARION COUNTY,315,31 Years,106,53,53,79,43,36,21,8,13,0,0,0,4,1,3,2,1,1
MARION COUNTY,315,32 Years,86,40,46,71,34,37,14,5,9,0,0,0,1,1,0,0,0,0
MARION COUNTY,315,33 Years,91,45,46,67,34,33,14,7,7,0,0,0,4,1,3,6,3,3
MARION COUNTY,315,34 Years,105,46,59,60,28,32,31,12,19,2,0,2,5,2,3,7,4,3
MARION COUNTY,315,35 Years,103,50,53,68,35,33,28,12,16,0,0,0,2,1,1,5,2,3
MARION COUNTY,315,36 Years,99,51,48,69,36,33,25,13,12,1,0,1,2,2,0,2,0,2
MARION COUNTY,315,37 Years,109,54,55,77,37,40,27,13,14,0,0,0,4,3,1,1,1,0
MARION COUNTY,315,38 Years,94,45,49,70,34,36,19,9,10,0,0,0,2,1,1,3,1,2
MARION COUNTY,315,39 Years,83,36,47,63,28,35,18,7,11,0,0,0,0,0,0,2,1,1
MARION COUNTY,315,40 Years,106,57,49,74,39,35,22,12,10,1,1,0,5,3,2,4,2,2
MARION COUNTY,315,41 Years,105,51,54,76,40,36,21,10,11,0,0,0,2,0,2,6,1,5
MARION COUNTY,315,42 Years,85,39,46,62,28,34,15,7,8,1,1,0,2,1,1,5,2,3
MARION COUNTY,315,43 Years,90,43,47,68,31,37,16,9,7,1,0,1,2,0,2,3,3,0
MARION COUNTY,315,44 Years,103,48,55,73,38,35,21,6,15,0,0,0,2,1,1,7,3,4
MARION COUNTY,315,45 Years,108,36,72,78,28,50,18,4,14,1,0,1,2,0,2,9,4,5
MARION COUNTY,315,46 Years,118,54,64,85,41,44,23,10,13,3,0,3,3,1,2,4,2,2
MARION COUNTY,315,47 Years,107,55,52,77,42,35,22,11,11,1,0,1,2,1,1,5,1,4
MARION COUNTY,315,48 Years,105,49,56,74,36,38,25,12,13,2,0,2,1,0,1,3,1,2
MARION COUNTY,315,49 Years,108,52,56,81,43,38,22,8,14,1,0,1,2,0,2,2,1,1
MARION COUNTY,315,50 Years,122,60,62,91,46,45,25,10,15,0,0,0,3,1,2,3,3,0
MARION COUNTY,315,51 Years,150,72,78,107,53,54,32,14,18,1,1,0,5,1,4,5,3,2
MARION COUNTY,315,52 Years,151,73,78,112,56,56,31,13,18,2,1,1,3,2,1,3,1,2
MARION COUNTY,315,53 Years,150,77,73,114,58,56,30,16,14,0,0,0,4,2,2,2,1,1
MARION COUNTY,315,54 Years,153,74,79,114,55,59,30,15,15,2,0,2,4,3,1,3,1,2
MARION COUNTY,315,55 Years,175,83,92,133,65,68,34,15,19,0,0,0,4,3,1,4,0,4
MARION COUNTY,315,56 Years,183,80,103,139,69,70,33,8,25,0,0,0,7,3,4,4,0,4
MARION COUNTY,315,57 Years,211,113,98,159,91,68,43,18,25,0,0,0,6,4,2,3,0,3
MARION COUNTY,315,58 Years,203,98,105,148,73,75,46,18,28,0,0,0,5,4,1,4,3,1
MARION COUNTY,315,59 Years,178,79,99,130,62,68,37,12,25,0,0,0,6,2,4,5,3,2
MARION COUNTY,315,60 Years,174,95,79,124,67,57,36,18,18,0,0,0,6,3,3,8,7,1
MARION COUNTY,315,61 Years,165,91,74,121,64,57,33,20,13,0,0,0,7,4,3,4,3,1
MARION COUNTY,315,62 Years,168,83,85,126,63,63,33,17,16,1,1,0,5,1,4,3,1,2
MARION COUNTY,315,63 Years,176,73,103,130,55,75,40,17,23,1,1,0,4,0,4,1,0,1
MARION COUNTY,315,64 Years,160,78,82,115,56,59,39,21,18,0,0,0,3,0,3,3,1,2
MARION COUNTY,315,65 Years,153,75,78,119,59,60,30,14,16,0,0,0,3,1,2,1,1,0
MARION COUNTY,315,66 Years,160,74,86,116,57,59,40,16,24,2,0,2,2,1,1,0,0,0
MARION COUNTY,315,67 Years,170,91,79,121,63,58,43,23,20,1,1,0,4,3,1,1,1,0
MARION COUNTY,315,68 Years,169,92,77,127,70,57,33,16,17,0,0,0,5,3,2,4,3,1
MARION COUNTY,315,69 Years,165,77,88,134,62,72,23,10,13,2,2,0,2,1,1,4,2,2
MARION COUNTY,315,70 Years,174,86,88,142,71,71,26,13,13,0,0,0,4,2,2,2,0,2
MARION COUNTY,315,71 Years,143,68,75,113,53,60,24,12,12,0,0,0,4,2,2,2,1,1
MARION COUNTY,315,72 Years,115,58,57,86,43,43,25,13,12,0,0,0,4,2,2,0,0,0
MARION COUNTY,315,73 Years,108,51,57,85,40,45,20,10,10,0,0,0,2,1,1,1,0,1
MARION COUNTY,315,74 Years,105,51,54,83,39,44,19,10,9,0,0,0,3,2,1,0,0,0
MARION COUNTY,315,75 Years,104,54,50,77,40,37,21,12,9,0,0,0,3,0,3,3,2,1
MARION COUNTY,315,76 Years,110,52,58,86,41,45,21,9,12,0,0,0,2,1,1,1,1,0
MARION COUNTY,315,77 Years,95,49,46,76,42,34,17,7,10,0,0,0,1,0,1,1,0,1
MARION COUNTY,315,78 Years,87,42,45,68,35,33,16,7,9,0,0,0,2,0,2,1,0,1
MARION COUNTY,315,79 Years,78,38,40,60,32,28,13,5,8,1,0,1,3,1,2,1,0,1
MARION COUNTY,315,80 Years,63,28,35,47,20,27,13,7,6,0,0,0,2,1,1,1,0,1
MARION COUNTY,315,81 Years,78,33,45,62,26,36,13,6,7,0,0,0,2,1,1,1,0,1
MARION COUNTY,315,82 Years,57,30,27,40,22,18,12,5,7,1,0,1,1,1,0,3,2,1
MARION COUNTY,315,83 Years,57,29,28,42,22,20,12,5,7,0,0,0,2,1,1,1,1,0
MARION COUNTY,315,84 Years,49,21,28,37,15,22,11,5,6,0,0,0,1,1,0,0,0,0
MARION COUNTY,315,85 Years,44,21,23,35,17,18,9,4,5,0,0,0,0,0,0,0,0,0
MARION COUNTY,315,86 Years,38,17,21,29,13,16,9,4,5,0,0,0,0,0,0,0,0,0
MARION COUNTY,315,87 Years,38,13,25,29,10,19,9,3,6,0,0,0,0,0,0,0,0,0
MARION COUNTY,315,88 Years,33,12,21,27,11,16,6,1,5,0,0,0,0,0,0,0,0,0
MARION COUNTY,315,89 Years,33,14,19,25,11,14,7,3,4,0,0,0,0,0,0,1,0,1
MARION COUNTY,315,90 Years,26,9,17,18,7,11,6,2,4,0,0,0,1,0,1,1,0,1
MARION COUNTY,315,91 Years,20,8,12,15,6,9,4,2,2,0,0,0,1,0,1,0,0,0
MARION COUNTY,315,92 Years,19,7,12,14,5,9,4,2,2,0,0,0,1,0,1,0,0,0
MARION COUNTY,315,93 Years,14,6,8,11,4,7,3,2,1,0,0,0,0,0,0,0,0,0
MARION COUNTY,315,94 Years,10,4,6,5,2,3,4,2,2,0,0,0,1,0,1,0,0,0
MARION COUNTY,315,95 Years +,22,6,16,11,2,9,11,4,7,0,0,0,0,0,0,0,0,0
MARTIN COUNTY,317,All Ages,5445,2750,2695,2666,1336,1330,64,35,29,12,4,8,67,35,32,2636,1340,1296
MARTIN COUNTY,317,< 1 Year,87,48,39,40,20,20,1,1,0,0,0,0,2,1,1,44,26,18
MARTIN COUNTY,317,1 Years,83,44,39,35,18,17,1,1,0,0,0,0,1,0,1,46,25,21
MARTIN COUNTY,317,2 Years,98,51,47,43,23,20,0,0,0,0,0,0,2,1,1,53,27,26
MARTIN COUNTY,317,3 Years,98,53,45,40,22,18,0,0,0,0,0,0,2,1,1,56,30,26
MARTIN COUNTY,317,4 Years,94,52,42,40,23,17,0,0,0,0,0,0,3,2,1,51,27,24
MARTIN COUNTY,317,5 Years,81,43,38,32,16,16,0,0,0,0,0,0,1,0,1,48,27,21
MARTIN COUNTY,317,6 Years,76,39,37,32,16,16,0,0,0,0,0,0,1,1,0,43,22,21
MARTIN COUNTY,317,7 Years,87,44,43,35,21,14,4,2,2,0,0,0,0,0,0,48,21,27
MARTIN COUNTY,317,8 Years,84,40,44,31,16,15,3,2,1,0,0,0,3,2,1,47,20,27
MARTIN COUNTY,317,9 Years,77,36,41,26,14,12,3,2,1,0,0,0,1,1,0,47,19,28
MARTIN COUNTY,317,10 Years,83,43,40,30,16,14,2,0,2,0,0,0,3,2,1,48,25,23
MARTIN COUNTY,317,11 Years,80,42,38,29,16,13,2,1,1,0,0,0,1,1,0,48,24,24
MARTIN COUNTY,317,12 Years,83,45,38,31,15,16,2,2,0,0,0,0,0,0,0,50,28,22
MARTIN COUNTY,317,13 Years,82,44,38,35,17,18,2,1,1,0,0,0,0,0,0,45,26,19
MARTIN COUNTY,317,14 Years,83,38,45,36,17,19,1,0,1,0,0,0,0,0,0,46,21,25
MARTIN COUNTY,317,15 Years,69,34,35,30,18,12,0,0,0,0,0,0,2,1,1,37,15,22
MARTIN COUNTY,317,16 Years,84,44,40,37,21,16,1,1,0,0,0,0,2,1,1,44,21,23
MARTIN COUNTY,317,17 Years,84,41,43,40,21,19,1,0,1,0,0,0,2,1,1,41,19,22
MARTIN COUNTY,317,18 Years,79,40,39,34,22,12,2,0,2,0,0,0,3,1,2,40,17,23
MARTIN COUNTY,317,19 Years,75,40,35,35,19,16,0,0,0,0,0,0,2,1,1,38,20,18
MARTIN COUNTY,317,20 Years,74,36,38,39,18,21,0,0,0,0,0,0,0,0,0,35,18,17
MARTIN COUNTY,317,21 Years,75,41,34,36,20,16,0,0,0,0,0,0,0,0,0,39,21,18
MARTIN COUNTY,317,22 Years,73,39,34,34,18,16,0,0,0,0,0,0,0,0,0,39,21,18
MARTIN COUNTY,317,23 Years,79,45,34,31,18,13,0,0,0,0,0,0,3,3,0,45,24,21
MARTIN COUNTY,317,24 Years,106,55,51,51,27,24,1,0,1,0,0,0,1,1,0,53,27,26
MARTIN COUNTY,317,25 Years,89,45,44,33,17,16,0,0,0,0,0,0,3,2,1,53,26,27
MARTIN COUNTY,317,26 Years,75,37,38,30,14,16,1,0,1,0,0,0,2,1,1,42,22,20
MARTIN COUNTY,317,27 Years,86,48,38,23,12,11,3,0,3,0,0,0,0,0,0,60,36,24
MARTIN COUNTY,317,28 Years,77,42,35,21,11,10,1,0,1,0,0,0,0,0,0,55,31,24
MARTIN COUNTY,317,29 Years,64,34,30,22,12,10,1,0,1,0,0,0,0,0,0,41,22,19
MARTIN COUNTY,317,30 Years,83,38,45,23,11,12,2,2,0,0,0,0,0,0,0,58,25,33
MARTIN COUNTY,317,31 Years,80,37,43,27,13,14,3,1,2,0,0,0,0,0,0,50,23,27
MARTIN COUNTY,317,32 Years,83,40,43,30,15,15,1,1,0,0,0,0,0,0,0,52,24,28
MARTIN COUNTY,317,33 Years,82,44,38,33,20,13,1,1,0,1,0,1,0,0,0,47,23,24
MARTIN COUNTY,317,34 Years,68,36,32,32,20,12,1,1,0,1,0,1,0,0,0,34,15,19
MARTIN COUNTY,317,35 Years,54,30,24,30,16,14,1,1,0,0,0,0,0,0,0,23,13,10
MARTIN COUNTY,317,36 Years,37,16,21,20,7,13,0,0,0,0,0,0,1,0,1,16,9,7
MARTIN COUNTY,317,37 Years,51,26,25,27,14,13,0,0,0,0,0,0,1,0,1,23,12,11
MARTIN COUNTY,317,38 Years,57,35,22,26,13,13,1,1,0,0,0,0,0,0,0,30,21,9
MARTIN COUNTY,317,39 Years,51,22,29,23,11,12,0,0,0,0,0,0,0,0,0,28,11,17
MARTIN COUNTY,317,40 Years,49,26,23,22,12,10,1,1,0,0,0,0,0,0,0,26,13,13
MARTIN COUNTY,317,41 Years,48,27,21,22,12,10,0,0,0,0,0,0,0,0,0,26,15,11
MARTIN COUNTY,317,42 Years,49,24,25,27,13,14,1,1,0,0,0,0,0,0,0,21,10,11
MARTIN COUNTY,317,43 Years,57,25,32,27,11,16,1,0,1,0,0,0,0,0,0,29,14,15
MARTIN COUNTY,317,44 Years,59,31,28,32,14,18,0,0,0,0,0,0,0,0,0,27,17,10
MARTIN COUNTY,317,45 Years,65,28,37,31,13,18,1,1,0,0,0,0,1,0,1,32,14,18
MARTIN COUNTY,317,46 Years,61,29,32,34,13,21,2,1,1,0,0,0,0,0,0,25,15,10
MARTIN COUNTY,317,47 Years,56,30,26,37,19,18,0,0,0,0,0,0,1,0,1,18,11,7
MARTIN COUNTY,317,48 Years,60,30,30,28,15,13,0,0,0,0,0,0,1,0,1,31,15,16
MARTIN COUNTY,317,49 Years,69,33,36,29,12,17,1,1,0,0,0,0,0,0,0,39,20,19
MARTIN COUNTY,317,50 Years,58,29,29,22,9,13,0,0,0,0,0,0,0,0,0,36,20,16
MARTIN COUNTY,317,51 Years,67,40,27,29,18,11,0,0,0,0,0,0,1,1,0,37,21,16
MARTIN COUNTY,317,52 Years,64,37,27,34,18,16,0,0,0,0,0,0,1,0,1,29,19,10
MARTIN COUNTY,317,53 Years,77,45,32,42,24,18,0,0,0,1,1,0,0,0,0,34,20,14
MARTIN COUNTY,317,54 Years,71,39,32,34,18,16,0,0,0,1,1,0,1,1,0,35,19,16
MARTIN COUNTY,317,55 Years,69,36,33,41,22,19,2,2,0,0,0,0,1,1,0,25,11,14
MARTIN COUNTY,317,56 Years,61,29,32,42,22,20,0,0,0,0,0,0,2,1,1,17,6,11
MARTIN COUNTY,317,57 Years,71,34,37,42,17,25,0,0,0,0,0,0,1,1,0,28,16,12
MARTIN COUNTY,317,58 Years,55,24,31,36,15,21,1,1,0,0,0,0,0,0,0,18,8,10
MARTIN COUNTY,317,59 Years,65,28,37,45,18,27,0,0,0,0,0,0,0,0,0,20,10,10
MARTIN COUNTY,317,60 Years,66,30,36,44,21,23,0,0,0,0,0,0,0,0,0,22,9,13
MARTIN COUNTY,317,61 Years,60,30,30,38,20,18,1,1,0,0,0,0,0,0,0,21,9,12
MARTIN COUNTY,317,62 Years,59,33,26,36,21,15,1,1,0,1,1,0,1,0,1,20,10,10
MARTIN COUNTY,317,63 Years,59,32,27,42,23,19,0,0,0,0,0,0,0,0,0,17,9,8
MARTIN COUNTY,317,64 Years,54,28,26,39,18,21,0,0,0,0,0,0,2,2,0,13,8,5
MARTIN COUNTY,317,65 Years,48,20,28,32,13,19,1,0,1,1,0,1,1,0,1,13,7,6
MARTIN COUNTY,317,66 Years,45,22,23,27,12,15,0,0,0,0,0,0,2,0,2,16,10,6
MARTIN COUNTY,317,67 Years,50,27,23,34,20,14,0,0,0,0,0,0,1,0,1,15,7,8
MARTIN COUNTY,317,68 Years,49,25,24,32,17,15,1,0,1,1,1,0,1,1,0,14,6,8
MARTIN COUNTY,317,69 Years,46,22,24,30,17,13,0,0,0,1,0,1,1,0,1,14,5,9
MARTIN COUNTY,317,70 Years,45,22,23,29,16,13,1,1,0,1,0,1,1,1,0,13,4,9
MARTIN COUNTY,317,71 Years,42,16,26,22,8,14,1,1,0,0,0,0,1,1,0,18,6,12
MARTIN COUNTY,317,72 Years,49,23,26,30,12,18,0,0,0,0,0,0,0,0,0,19,11,8
MARTIN COUNTY,317,73 Years,47,23,24,29,15,14,1,0,1,1,0,1,1,1,0,15,7,8
MARTIN COUNTY,317,74 Years,38,16,22,21,7,14,1,0,1,0,0,0,0,0,0,16,9,7
MARTIN COUNTY,317,75 Years,30,11,19,21,7,14,0,0,0,0,0,0,0,0,0,9,4,5
MARTIN COUNTY,317,76 Years,28,12,16,18,7,11,1,1,0,0,0,0,0,0,0,9,4,5
MARTIN COUNTY,317,77 Years,26,10,16,17,6,11,0,0,0,1,0,1,0,0,0,8,4,4
MARTIN COUNTY,317,78 Years,29,12,17,20,9,11,0,0,0,1,0,1,0,0,0,8,3,5
MARTIN COUNTY,317,79 Years,25,13,12,18,9,9,0,0,0,0,0,0,0,0,0,7,4,3
MARTIN COUNTY,317,80 Years,26,12,14,17,7,10,0,0,0,0,0,0,0,0,0,9,5,4
MARTIN COUNTY,317,81 Years,22,10,12,14,7,7,0,0,0,0,0,0,0,0,0,8,3,5
MARTIN COUNTY,317,82 Years,20,10,10,14,7,7,0,0,0,0,0,0,0,0,0,6,3,3
MARTIN COUNTY,317,83 Years,17,7,10,14,6,8,0,0,0,0,0,0,0,0,0,3,1,2
MARTIN COUNTY,317,84 Years,14,8,6,11,6,5,0,0,0,0,0,0,0,0,0,3,2,1
MARTIN COUNTY,317,85 Years,12,5,7,10,4,6,0,0,0,0,0,0,0,0,0,2,1,1
MARTIN COUNTY,317,86 Years,12,5,7,10,4,6,0,0,0,0,0,0,1,0,1,1,1,0
MARTIN COUNTY,317,87 Years,13,5,8,9,3,6,1,1,0,0,0,0,0,0,0,3,1,2
MARTIN COUNTY,317,88 Years,12,5,7,9,4,5,0,0,0,0,0,0,0,0,0,3,1,2
MARTIN COUNTY,317,89 Years,11,5,6,8,4,4,1,0,1,0,0,0,0,0,0,2,1,1
MARTIN COUNTY,317,90 Years,9,5,4,7,3,4,0,0,0,0,0,0,0,0,0,2,2,0
MARTIN COUNTY,317,91 Years,6,2,4,5,2,3,1,0,1,0,0,0,0,0,0,0,0,0
MARTIN COUNTY,317,92 Years,8,3,5,6,2,4,0,0,0,0,0,0,0,0,0,2,1,1
MARTIN COUNTY,317,93 Years,7,3,4,4,2,2,0,0,0,0,0,0,1,0,1,2,1,1
MARTIN COUNTY,317,94 Years,5,3,2,3,2,1,0,0,0,0,0,0,1,0,1,1,1,0
MARTIN COUNTY,317,95 Years +,14,4,10,8,2,6,0,0,0,0,0,0,0,0,0,6,2,4
MASON COUNTY,319,All Ages,4119,2040,2079,3015,1467,1548,14,7,7,9,2,7,35,19,16,1046,545,501
MASON COUNTY,319,< 1 Year,41,22,19,21,12,9,0,0,0,0,0,0,0,0,0,20,10,10
MASON COUNTY,319,1 Years,46,25,21,24,13,11,0,0,0,0,0,0,0,0,0,22,12,10
MASON COUNTY,319,2 Years,44,24,20,22,12,10,0,0,0,0,0,0,0,0,0,22,12,10
MASON COUNTY,319,3 Years,43,21,22,23,11,12,0,0,0,0,0,0,0,0,0,20,10,10
MASON COUNTY,319,4 Years,39,18,21,20,10,10,0,0,0,0,0,0,0,0,0,19,8,11
MASON COUNTY,319,5 Years,45,21,24,27,12,15,0,0,0,0,0,0,0,0,0,18,9,9
MASON COUNTY,319,6 Years,43,22,21,26,12,14,0,0,0,0,0,0,0,0,0,17,10,7
MASON COUNTY,319,7 Years,36,20,16,22,11,11,1,1,0,0,0,0,0,0,0,13,8,5
MASON COUNTY,319,8 Years,37,20,17,28,14,14,0,0,0,0,0,0,0,0,0,9,6,3
MASON COUNTY,319,9 Years,48,23,25,30,15,15,0,0,0,0,0,0,1,0,1,17,8,9
MASON COUNTY,319,10 Years,47,27,20,32,16,16,0,0,0,0,0,0,1,1,0,14,10,4
MASON COUNTY,319,11 Years,43,26,17,27,16,11,0,0,0,0,0,0,0,0,0,16,10,6
MASON COUNTY,319,12 Years,44,21,23,26,13,13,0,0,0,1,0,1,0,0,0,17,8,9
MASON COUNTY,319,13 Years,45,22,23,35,17,18,1,0,1,1,0,1,0,0,0,8,5,3
MASON COUNTY,319,14 Years,47,27,20,29,17,12,0,0,0,0,0,0,1,1,0,17,9,8
MASON COUNTY,319,15 Years,56,30,26,42,22,20,0,0,0,0,0,0,0,0,0,14,8,6
MASON COUNTY,319,16 Years,41,20,21,29,15,14,0,0,0,0,0,0,1,1,0,11,4,7
MASON COUNTY,319,17 Years,49,26,23,31,17,14,0,0,0,0,0,0,1,1,0,17,8,9
MASON COUNTY,319,18 Years,57,24,33,36,17,19,0,0,0,0,0,0,0,0,0,21,7,14
MASON COUNTY,319,19 Years,42,20,22,27,12,15,1,0,1,0,0,0,2,1,1,12,7,5
MASON COUNTY,319,20 Years,39,19,20,18,7,11,0,0,0,1,1,0,0,0,0,20,11,9
MASON COUNTY,319,21 Years,43,21,22,20,9,11,0,0,0,0,0,0,1,0,1,22,12,10
MASON COUNTY,319,22 Years,40,24,16,19,11,8,0,0,0,0,0,0,1,0,1,20,13,7
MASON COUNTY,319,23 Years,42,20,22,24,12,12,0,0,0,0,0,0,1,0,1,17,8,9
MASON COUNTY,319,24 Years,39,24,15,21,12,9,0,0,0,0,0,0,1,1,0,17,11,6
MASON COUNTY,319,25 Years,46,23,23,28,10,18,2,2,0,0,0,0,0,0,0,16,11,5
MASON COUNTY,319,26 Years,41,23,18,24,12,12,1,1,0,0,0,0,0,0,0,16,10,6
MASON COUNTY,319,27 Years,23,14,9,15,9,6,0,0,0,0,0,0,0,0,0,8,5,3
MASON COUNTY,319,28 Years,32,20,12,20,14,6,1,0,1,0,0,0,1,1,0,10,5,5
MASON COUNTY,319,29 Years,38,24,14,26,18,8,0,0,0,0,0,0,1,1,0,11,5,6
MASON COUNTY,319,30 Years,44,24,20,27,11,16,0,0,0,0,0,0,0,0,0,17,13,4
MASON COUNTY,319,31 Years,26,15,11,16,8,8,0,0,0,0,0,0,0,0,0,10,7,3
MASON COUNTY,319,32 Years,30,13,17,17,6,11,0,0,0,0,0,0,0,0,0,13,7,6
MASON COUNTY,319,33 Years,28,16,12,19,12,7,0,0,0,0,0,0,0,0,0,9,4,5
MASON COUNTY,319,34 Years,22,9,13,13,5,8,2,0,2,0,0,0,0,0,0,7,4,3
MASON COUNTY,319,35 Years,31,13,18,22,9,13,0,0,0,0,0,0,0,0,0,9,4,5
MASON COUNTY,319,36 Years,39,16,23,29,12,17,0,0,0,1,0,1,0,0,0,9,4,5
MASON COUNTY,319,37 Years,29,13,16,21,9,12,0,0,0,1,0,1,0,0,0,7,4,3
MASON COUNTY,319,38 Years,30,14,16,22,10,12,0,0,0,0,0,0,0,0,0,8,4,4
MASON COUNTY,319,39 Years,33,11,22,27,8,19,0,0,0,0,0,0,0,0,0,6,3,3
MASON COUNTY,319,40 Years,43,18,25,33,14,19,0,0,0,0,0,0,1,1,0,9,3,6
MASON COUNTY,319,41 Years,52,25,27,36,20,16,0,0,0,1,0,1,0,0,0,15,5,10
MASON COUNTY,319,42 Years,34,21,13,23,17,6,0,0,0,0,0,0,0,0,0,11,4,7
MASON COUNTY,319,43 Years,32,16,16,23,12,11,0,0,0,0,0,0,0,0,0,9,4,5
MASON COUNTY,319,44 Years,39,21,18,28,14,14,0,0,0,1,1,0,0,0,0,10,6,4
MASON COUNTY,319,45 Years,44,21,23,38,18,20,1,1,0,0,0,0,0,0,0,5,2,3
MASON COUNTY,319,46 Years,43,19,24,28,12,16,0,0,0,0,0,0,1,0,1,14,7,7
MASON COUNTY,319,47 Years,50,25,25,35,18,17,0,0,0,0,0,0,2,2,0,13,5,8
MASON COUNTY,319,48 Years,44,24,20,31,17,14,0,0,0,0,0,0,0,0,0,13,7,6
MASON COUNTY,319,49 Years,40,20,20,29,14,15,0,0,0,0,0,0,0,0,0,11,6,5
MASON COUNTY,319,50 Years,46,21,25,28,15,13,0,0,0,0,0,0,1,0,1,17,6,11
MASON COUNTY,319,51 Years,51,27,24,32,17,15,1,0,1,0,0,0,0,0,0,18,10,8
MASON COUNTY,319,52 Years,43,18,25,27,11,16,0,0,0,0,0,0,0,0,0,16,7,9
MASON COUNTY,319,53 Years,42,19,23,29,13,16,0,0,0,0,0,0,0,0,0,13,6,7
MASON COUNTY,319,54 Years,60,27,33,40,17,23,0,0,0,1,0,1,0,0,0,19,10,9
MASON COUNTY,319,55 Years,64,32,32,47,24,23,1,1,0,0,0,0,1,0,1,15,7,8
MASON COUNTY,319,56 Years,69,38,31,47,24,23,1,1,0,0,0,0,1,1,0,20,12,8
MASON COUNTY,319,57 Years,64,40,24,50,34,16,0,0,0,0,0,0,0,0,0,14,6,8
MASON COUNTY,319,58 Years,55,33,22,46,27,19,0,0,0,0,0,0,0,0,0,9,6,3
MASON COUNTY,319,59 Years,67,32,35,53,27,26,0,0,0,0,0,0,0,0,0,14,5,9
MASON COUNTY,319,60 Years,71,35,36,61,31,30,0,0,0,0,0,0,0,0,0,10,4,6
MASON COUNTY,319,61 Years,63,30,33,44,19,25,0,0,0,0,0,0,0,0,0,19,11,8
MASON COUNTY,319,62 Years,55,26,29,44,19,25,0,0,0,0,0,0,0,0,0,11,7,4
MASON COUNTY,319,63 Years,68,35,33,57,28,29,0,0,0,0,0,0,0,0,0,11,7,4
MASON COUNTY,319,64 Years,67,32,35,57,27,30,0,0,0,0,0,0,0,0,0,10,5,5
MASON COUNTY,319,65 Years,67,33,34,61,29,32,0,0,0,0,0,0,0,0,0,6,4,2
MASON COUNTY,319,66 Years,65,31,34,57,26,31,0,0,0,0,0,0,0,0,0,8,5,3
MASON COUNTY,319,67 Years,66,33,33,61,30,31,0,0,0,0,0,0,0,0,0,5,3,2
MASON COUNTY,319,68 Years,75,30,45,67,25,42,0,0,0,0,0,0,1,1,0,7,4,3
MASON COUNTY,319,69 Years,61,29,32,54,25,29,0,0,0,0,0,0,1,0,1,6,4,2
MASON COUNTY,319,70 Years,78,41,37,67,36,31,0,0,0,0,0,0,0,0,0,11,5,6
MASON COUNTY,319,71 Years,62,29,33,50,27,23,0,0,0,0,0,0,1,0,1,11,2,9
MASON COUNTY,319,72 Years,59,30,29,51,27,24,0,0,0,0,0,0,0,0,0,8,3,5
MASON COUNTY,319,73 Years,63,28,35,54,25,29,0,0,0,0,0,0,1,0,1,8,3,5
MASON COUNTY,319,74 Years,55,21,34,49,19,30,0,0,0,1,0,1,0,0,0,5,2,3
MASON COUNTY,319,75 Years,66,31,35,57,25,32,0,0,0,0,0,0,1,1,0,8,5,3
MASON COUNTY,319,76 Years,59,32,27,52,28,24,0,0,0,0,0,0,1,1,0,6,3,3
MASON COUNTY,319,77 Years,63,29,34,54,22,32,0,0,0,0,0,0,1,1,0,8,6,2
MASON COUNTY,319,78 Years,48,25,23,44,22,22,0,0,0,0,0,0,0,0,0,4,3,1
MASON COUNTY,319,79 Years,40,18,22,35,16,19,0,0,0,0,0,0,1,0,1,4,2,2
MASON COUNTY,319,80 Years,42,22,20,38,20,18,0,0,0,0,0,0,0,0,0,4,2,2
MASON COUNTY,319,81 Years,38,22,16,29,16,13,0,0,0,0,0,0,1,1,0,8,5,3
MASON COUNTY,319,82 Years,35,15,20,30,11,19,0,0,0,0,0,0,1,1,0,4,3,1
MASON COUNTY,319,83 Years,30,16,14,26,13,13,0,0,0,0,0,0,1,1,0,3,2,1
MASON COUNTY,319,84 Years,20,10,10,17,8,9,0,0,0,0,0,0,0,0,0,3,2,1
MASON COUNTY,319,85 Years,21,6,15,18,5,13,0,0,0,0,0,0,0,0,0,3,1,2
MASON COUNTY,319,86 Years,15,6,9,13,6,7,0,0,0,0,0,0,0,0,0,2,0,2
MASON COUNTY,319,87 Years,18,6,12,15,6,9,0,0,0,0,0,0,1,0,1,2,0,2
MASON COUNTY,319,88 Years,13,4,9,11,4,7,0,0,0,0,0,0,2,0,2,0,0,0
MASON COUNTY,319,89 Years,18,6,12,15,5,10,0,0,0,0,0,0,1,0,1,2,1,1
MASON COUNTY,319,90 Years,12,5,7,9,3,6,0,0,0,0,0,0,0,0,0,3,2,1
MASON COUNTY,319,91 Years,9,3,6,6,2,4,0,0,0,0,0,0,0,0,0,3,1,2
MASON COUNTY,319,92 Years,8,4,4,7,4,3,0,0,0,0,0,0,0,0,0,1,0,1
MASON COUNTY,319,93 Years,5,2,3,4,2,2,0,0,0,0,0,0,0,0,0,1,0,1
MASON COUNTY,319,94 Years,5,1,4,4,1,3,1,0,1,0,0,0,0,0,0,0,0,0
MASON COUNTY,319,95 Years +,9,2,7,9,2,7,0,0,0,0,0,0,0,0,0,0,0,0
MATAGORDA COUNTY,321,All Ages,36639,18252,18387,16132,8000,8132,3954,1832,2122,720,362,358,478,245,233,15355,7813,7542
MATAGORDA COUNTY,321,< 1 Year,521,270,251,144,72,72,58,27,31,3,1,2,2,1,1,314,169,145
MATAGORDA COUNTY,321,1 Years,514,266,248,145,72,73,52,25,27,3,2,1,1,1,0,313,166,147
MATAGORDA COUNTY,321,2 Years,521,270,251,148,77,71,55,25,30,4,2,2,1,1,0,313,165,148
MATAGORDA COUNTY,321,3 Years,515,269,246,149,77,72,53,26,27,4,3,1,2,1,1,307,162,145
MATAGORDA COUNTY,321,4 Years,508,262,246,152,80,72,55,25,30,4,3,1,2,1,1,295,153,142
MATAGORDA COUNTY,321,5 Years,496,250,246,155,78,77,50,24,26,4,3,1,1,0,1,286,145,141
MATAGORDA COUNTY,321,6 Years,502,245,257,153,74,79,59,28,31,3,2,1,2,1,1,285,140,145
MATAGORDA COUNTY,321,7 Years,481,224,257,142,76,66,58,23,35,4,1,3,2,0,2,275,124,151
MATAGORDA COUNTY,321,8 Years,496,266,230,144,74,70,49,25,24,6,3,3,16,8,8,281,156,125
MATAGORDA COUNTY,321,9 Years,508,250,258,163,77,86,48,24,24,4,2,2,10,4,6,283,143,140
MATAGORDA COUNTY,321,10 Years,531,270,261,149,73,76,65,34,31,7,4,3,9,5,4,301,154,147
MATAGORDA COUNTY,321,11 Years,505,256,249,141,78,63,50,23,27,9,3,6,9,3,6,296,149,147
MATAGORDA COUNTY,321,12 Years,492,253,239,144,72,72,47,23,24,9,5,4,9,5,4,283,148,135
MATAGORDA COUNTY,321,13 Years,462,237,225,140,68,72,43,23,20,7,4,3,11,7,4,261,135,126
MATAGORDA COUNTY,321,14 Years,509,274,235,172,98,74,49,24,25,11,7,4,12,5,7,265,140,125
MATAGORDA COUNTY,321,15 Years,474,260,214,161,87,74,55,33,22,11,4,7,9,3,6,238,133,105
MATAGORDA COUNTY,321,16 Years,496,268,228,162,84,78,52,32,20,15,8,7,10,6,4,257,138,119
MATAGORDA COUNTY,321,17 Years,501,271,230,152,78,74,55,35,20,15,8,7,11,6,5,268,144,124
MATAGORDA COUNTY,321,18 Years,470,252,218,142,77,65,63,33,30,17,9,8,13,8,5,235,125,110
MATAGORDA COUNTY,321,19 Years,447,241,206,134,68,66,57,33,24,12,7,5,8,4,4,236,129,107
MATAGORDA COUNTY,321,20 Years,423,217,206,127,66,61,61,29,32,9,4,5,9,4,5,217,114,103
MATAGORDA COUNTY,321,21 Years,447,225,222,129,62,67,61,28,33,15,8,7,9,5,4,233,122,111
MATAGORDA COUNTY,321,22 Years,456,248,208,154,81,73,61,29,32,14,9,5,5,2,3,222,127,95
MATAGORDA COUNTY,321,23 Years,480,244,236,161,78,83,65,33,32,15,7,8,7,4,3,232,122,110
MATAGORDA COUNTY,321,24 Years,554,286,268,197,101,96,75,40,35,17,11,6,7,3,4,258,131,127
MATAGORDA COUNTY,321,25 Years,532,270,262,197,92,105,61,36,25,12,6,6,9,6,3,253,130,123
MATAGORDA COUNTY,321,26 Years,506,276,230,184,104,80,62,35,27,10,6,4,8,5,3,242,126,116
MATAGORDA COUNTY,321,27 Years,502,252,250,194,95,99,66,35,31,7,6,1,6,3,3,229,113,116
MATAGORDA COUNTY,321,28 Years,488,231,257,187,98,89,65,27,38,3,2,1,5,3,2,228,101,127
MATAGORDA COUNTY,321,29 Years,488,228,260,192,99,93,53,19,34,8,4,4,7,2,5,228,104,124
MATAGORDA COUNTY,321,30 Years,444,220,224,180,88,92,37,18,19,9,4,5,5,2,3,213,108,105
MATAGORDA COUNTY,321,31 Years,434,220,214,171,89,82,52,26,26,5,2,3,4,2,2,202,101,101
MATAGORDA COUNTY,321,32 Years,451,219,232,204,90,114,42,24,18,4,2,2,7,2,5,194,101,93
MATAGORDA COUNTY,321,33 Years,437,209,228,179,87,92,51,25,26,11,5,6,6,2,4,190,90,100
MATAGORDA COUNTY,321,34 Years,416,208,208,157,76,81,46,21,25,7,3,4,3,2,1,203,106,97
MATAGORDA COUNTY,321,35 Years,423,216,207,173,97,76,35,12,23,5,1,4,4,2,2,206,104,102
MATAGORDA COUNTY,321,36 Years,422,218,204,174,93,81,39,16,23,6,2,4,2,0,2,201,107,94
MATAGORDA COUNTY,321,37 Years,463,244,219,181,100,81,40,13,27,6,3,3,4,3,1,232,125,107
MATAGORDA COUNTY,321,38 Years,417,206,211,146,74,72,37,19,18,8,4,4,5,4,1,221,105,116
MATAGORDA COUNTY,321,39 Years,406,202,204,155,74,81,30,16,14,6,2,4,5,4,1,210,106,104
MATAGORDA COUNTY,321,40 Years,408,204,204,159,81,78,33,15,18,5,1,4,4,2,2,207,105,102
MATAGORDA COUNTY,321,41 Years,397,193,204,152,71,81,40,21,19,6,2,4,4,3,1,195,96,99
MATAGORDA COUNTY,321,42 Years,385,183,202,146,63,83,39,19,20,9,5,4,3,1,2,188,95,93
MATAGORDA COUNTY,321,43 Years,357,160,197,139,59,80,36,13,23,10,6,4,2,0,2,170,82,88
MATAGORDA COUNTY,321,44 Years,374,163,211,144,61,83,31,11,20,9,4,5,3,0,3,187,87,100
MATAGORDA COUNTY,321,45 Years,396,194,202,165,82,83,36,16,20,12,5,7,6,4,2,177,87,90
MATAGORDA COUNTY,321,46 Years,401,197,204,173,87,86,31,18,13,16,6,10,5,4,1,176,82,94
MATAGORDA COUNTY,321,47 Years,399,186,213,185,80,105,31,17,14,11,5,6,2,1,1,170,83,87
MATAGORDA COUNTY,321,48 Years,416,195,221,196,90,106,42,18,24,15,7,8,3,1,2,160,79,81
MATAGORDA COUNTY,321,49 Years,387,185,202,179,84,95,44,17,27,9,4,5,3,1,2,152,79,73
MATAGORDA COUNTY,321,50 Years,419,207,212,173,88,85,53,19,34,14,6,8,3,2,1,176,92,84
MATAGORDA COUNTY,321,51 Years,427,207,220,179,83,96,61,27,34,13,8,5,4,3,1,170,86,84
MATAGORDA COUNTY,321,52 Years,462,234,228,221,107,114,47,21,26,8,6,2,10,4,6,176,96,80
MATAGORDA COUNTY,321,53 Years,514,275,239,249,125,124,53,28,25,12,6,6,11,5,6,189,111,78
MATAGORDA COUNTY,321,54 Years,512,252,260,259,128,131,62,29,33,11,4,7,9,5,4,171,86,85
MATAGORDA COUNTY,321,55 Years,550,255,295,301,148,153,60,22,38,14,7,7,7,5,2,168,73,95
MATAGORDA COUNTY,321,56 Years,509,250,259,277,136,141,59,23,36,11,6,5,7,3,4,155,82,73
MATAGORDA COUNTY,321,57 Years,534,271,263,300,156,144,60,23,37,15,9,6,7,4,3,152,79,73
MATAGORDA COUNTY,321,58 Years,517,263,254,289,149,140,56,23,33,17,9,8,5,3,2,150,79,71
MATAGORDA COUNTY,321,59 Years,514,263,251,302,151,151,54,24,30,17,9,8,9,3,6,132,76,56
MATAGORDA COUNTY,321,60 Years,542,280,262,307,164,143,74,32,42,10,5,5,8,4,4,143,75,68
MATAGORDA COUNTY,321,61 Years,503,256,247,307,156,151,56,23,33,8,5,3,7,4,3,125,68,57
MATAGORDA COUNTY,321,62 Years,494,257,237,286,147,139,52,29,23,12,6,6,6,2,4,138,73,65
MATAGORDA COUNTY,321,63 Years,494,254,240,301,162,139,46,21,25,6,2,4,10,6,4,131,63,68
MATAGORDA COUNTY,321,64 Years,473,229,244,297,144,153,42,16,26,7,3,4,6,4,2,121,62,59
MATAGORDA COUNTY,321,65 Years,446,212,234,270,126,144,46,23,23,8,4,4,7,3,4,115,56,59
MATAGORDA COUNTY,321,66 Years,406,215,191,244,130,114,38,18,20,9,4,5,7,5,2,108,58,50
MATAGORDA COUNTY,321,67 Years,430,241,189,275,153,122,43,23,20,9,5,4,7,4,3,96,56,40
MATAGORDA COUNTY,321,68 Years,389,208,181,246,128,118,38,19,19,9,3,6,6,4,2,90,54,36
MATAGORDA COUNTY,321,69 Years,375,179,196,249,118,131,36,15,21,8,5,3,6,3,3,76,38,38
MATAGORDA COUNTY,321,70 Years,343,162,181,229,115,114,35,12,23,7,4,3,4,2,2,68,29,39
MATAGORDA COUNTY,321,71 Years,303,141,162,194,94,100,37,17,20,3,1,2,3,2,1,66,27,39
MATAGORDA COUNTY,321,72 Years,278,138,140,189,94,95,25,14,11,2,1,1,3,2,1,59,27,32
MATAGORDA COUNTY,321,73 Years,274,127,147,188,86,102,27,10,17,4,4,0,2,2,0,53,25,28
MATAGORDA COUNTY,321,74 Years,267,120,147,179,80,99,29,12,17,4,4,0,4,2,2,51,22,29
MATAGORDA COUNTY,321,75 Years,255,115,140,169,79,90,24,8,16,3,0,3,4,2,2,55,26,29
MATAGORDA COUNTY,321,76 Years,227,106,121,155,77,78,19,7,12,3,2,1,4,3,1,46,17,29
MATAGORDA COUNTY,321,77 Years,214,98,116,144,78,66,20,7,13,2,0,2,3,1,2,45,12,33
MATAGORDA COUNTY,321,78 Years,215,98,117,155,77,78,18,7,11,2,0,2,1,1,0,39,13,26
MATAGORDA COUNTY,321,79 Years,212,101,111,143,76,67,16,6,10,6,2,4,0,0,0,47,17,30
MATAGORDA COUNTY,321,80 Years,200,85,115,137,58,79,21,8,13,5,2,3,0,0,0,37,17,20
MATAGORDA COUNTY,321,81 Years,167,72,95,104,47,57,22,6,16,3,2,1,2,0,2,36,17,19
MATAGORDA COUNTY,321,82 Years,152,63,89,97,42,55,17,5,12,4,2,2,3,1,2,31,13,18
MATAGORDA COUNTY,321,83 Years,138,53,85,91,37,54,16,5,11,5,1,4,2,1,1,24,9,15
MATAGORDA COUNTY,321,84 Years,115,46,69,76,34,42,14,4,10,3,1,2,1,0,1,21,7,14
MATAGORDA COUNTY,321,85 Years,103,43,60,71,32,39,12,4,8,2,1,1,1,1,0,17,5,12
MATAGORDA COUNTY,321,86 Years,100,40,60,68,29,39,13,4,9,4,2,2,1,1,0,14,4,10
MATAGORDA COUNTY,321,87 Years,95,43,52,67,31,36,10,4,6,2,1,1,1,0,1,15,7,8
MATAGORDA COUNTY,321,88 Years,80,31,49,53,23,30,12,4,8,0,0,0,2,0,2,13,4,9
MATAGORDA COUNTY,321,89 Years,67,24,43,48,16,32,8,3,5,1,1,0,1,1,0,9,3,6
MATAGORDA COUNTY,321,90 Years,54,19,35,36,13,23,11,3,8,2,1,1,0,0,0,5,2,3
MATAGORDA COUNTY,321,91 Years,47,15,32,32,11,21,8,2,6,1,0,1,0,0,0,6,2,4
MATAGORDA COUNTY,321,92 Years,40,14,26,29,10,19,5,2,3,0,0,0,1,0,1,5,2,3
MATAGORDA COUNTY,321,93 Years,30,11,19,21,7,14,4,2,2,0,0,0,0,0,0,5,2,3
MATAGORDA COUNTY,321,94 Years,25,9,16,15,5,10,5,2,3,0,0,0,0,0,0,5,2,3
MATAGORDA COUNTY,321,95 Years +,70,17,53,38,8,30,15,5,10,3,1,2,1,0,1,13,3,10
MAVERICK COUNTY,323,All Ages,57648,28797,28851,1816,997,819,80,47,33,139,72,67,689,340,349,54924,27341,27583
MAVERICK COUNTY,323,< 1 Year,1011,535,476,39,22,17,0,0,0,1,1,0,21,12,9,950,500,450
MAVERICK COUNTY,323,1 Years,1027,535,492,49,29,20,1,0,1,1,0,1,19,10,9,957,496,461
MAVERICK COUNTY,323,2 Years,1055,545,510,52,28,24,0,0,0,1,0,1,19,10,9,983,507,476
MAVERICK COUNTY,323,3 Years,1060,534,526,52,27,25,1,1,0,1,0,1,18,10,8,988,496,492
MAVERICK COUNTY,323,4 Years,1042,521,521,43,25,18,0,0,0,0,0,0,14,6,8,985,490,495
MAVERICK COUNTY,323,5 Years,999,511,488,33,22,11,0,0,0,0,0,0,15,4,11,951,485,466
MAVERICK COUNTY,323,6 Years,973,499,474,29,21,8,0,0,0,0,0,0,13,5,8,931,473,458
MAVERICK COUNTY,323,7 Years,864,443,421,22,11,11,0,0,0,1,0,1,12,2,10,829,430,399
MAVERICK COUNTY,323,8 Years,890,463,427,23,13,10,1,1,0,1,0,1,10,6,4,855,443,412
MAVERICK COUNTY,323,9 Years,911,470,441,19,12,7,1,1,0,1,0,1,17,9,8,873,448,425
MAVERICK COUNTY,323,10 Years,941,470,471,23,14,9,1,1,0,1,1,0,18,12,6,898,442,456
MAVERICK COUNTY,323,11 Years,987,492,495,30,16,14,1,1,0,4,3,1,17,11,6,935,461,474
MAVERICK COUNTY,323,12 Years,999,500,499,27,16,11,1,0,1,2,1,1,22,14,8,947,469,478
MAVERICK COUNTY,323,13 Years,970,479,491,31,12,19,2,0,2,1,0,1,19,11,8,917,456,461
MAVERICK COUNTY,323,14 Years,947,475,472,27,14,13,0,0,0,2,0,2,15,11,4,903,450,453
MAVERICK COUNTY,323,15 Years,1026,526,500,23,10,13,3,0,3,3,2,1,16,9,7,981,505,476
MAVERICK COUNTY,323,16 Years,971,513,458,22,9,13,2,0,2,2,1,1,15,7,8,930,496,434
MAVERICK COUNTY,323,17 Years,946,505,441,15,4,11,2,1,1,0,0,0,11,7,4,918,493,425
MAVERICK COUNTY,323,18 Years,967,522,445,18,8,10,1,1,0,0,0,0,9,4,5,939,509,430
MAVERICK COUNTY,323,19 Years,871,474,397,14,7,7,0,0,0,2,1,1,12,4,8,843,462,381
MAVERICK COUNTY,323,20 Years,889,498,391,12,8,4,1,0,1,2,1,1,15,9,6,859,480,379
MAVERICK COUNTY,323,21 Years,933,519,414,13,8,5,2,0,2,1,1,0,8,7,1,909,503,406
MAVERICK COUNTY,323,22 Years,927,509,418,19,11,8,1,0,1,1,1,0,9,6,3,897,491,406
MAVERICK COUNTY,323,23 Years,975,543,432,22,15,7,0,0,0,2,1,1,13,6,7,938,521,417
MAVERICK COUNTY,323,24 Years,1039,581,458,22,13,9,0,0,0,1,0,1,9,7,2,1007,561,446
MAVERICK COUNTY,323,25 Years,939,518,421,16,9,7,1,1,0,0,0,0,11,7,4,911,501,410
MAVERICK COUNTY,323,26 Years,915,505,410,17,11,6,1,0,1,2,2,0,9,5,4,886,487,399
MAVERICK COUNTY,323,27 Years,814,429,385,15,8,7,2,1,1,2,2,0,8,5,3,787,413,374
MAVERICK COUNTY,323,28 Years,776,393,383,11,5,6,0,0,0,2,1,1,9,6,3,754,381,373
MAVERICK COUNTY,323,29 Years,771,409,362,17,8,9,0,0,0,2,2,0,13,5,8,739,394,345
MAVERICK COUNTY,323,30 Years,762,433,329,25,16,9,1,0,1,3,2,1,10,4,6,723,411,312
MAVERICK COUNTY,323,31 Years,743,423,320,33,22,11,2,2,0,4,1,3,10,7,3,694,391,303
MAVERICK COUNTY,323,32 Years,721,398,323,37,22,15,2,2,0,2,1,1,11,8,3,669,365,304
MAVERICK COUNTY,323,33 Years,706,374,332,33,16,17,2,1,1,1,1,0,10,4,6,660,352,308
MAVERICK COUNTY,323,34 Years,690,352,338,28,16,12,2,2,0,1,1,0,14,5,9,645,328,317
MAVERICK COUNTY,323,35 Years,640,317,323,29,17,12,3,3,0,5,3,2,7,3,4,596,291,305
MAVERICK COUNTY,323,36 Years,657,319,338,26,16,10,1,1,0,3,2,1,7,4,3,620,296,324
MAVERICK COUNTY,323,37 Years,662,326,336,21,12,9,1,1,0,0,0,0,11,4,7,629,309,320
MAVERICK COUNTY,323,38 Years,636,324,312,24,15,9,1,0,1,3,2,1,8,4,4,600,303,297
MAVERICK COUNTY,323,39 Years,625,314,311,17,10,7,1,1,0,3,2,1,6,3,3,598,298,300
MAVERICK COUNTY,323,40 Years,627,279,348,15,7,8,3,1,2,2,0,2,8,4,4,599,267,332
MAVERICK COUNTY,323,41 Years,656,311,345,22,10,12,1,0,1,1,0,1,10,5,5,622,296,326
MAVERICK COUNTY,323,42 Years,680,316,364,18,7,11,0,0,0,4,2,2,3,1,2,655,306,349
MAVERICK COUNTY,323,43 Years,683,322,361,24,12,12,1,1,0,1,1,0,5,3,2,652,305,347
MAVERICK COUNTY,323,44 Years,701,342,359,19,14,5,0,0,0,2,2,0,7,3,4,673,323,350
MAVERICK COUNTY,323,45 Years,677,312,365,20,11,9,1,1,0,4,3,1,5,1,4,647,296,351
MAVERICK COUNTY,323,46 Years,653,297,356,18,9,9,1,1,0,3,3,0,3,1,2,628,283,345
MAVERICK COUNTY,323,47 Years,641,305,336,18,11,7,0,0,0,3,1,2,4,2,2,616,291,325
MAVERICK COUNTY,323,48 Years,667,327,340,13,6,7,2,2,0,3,0,3,10,3,7,639,316,323
MAVERICK COUNTY,323,49 Years,642,313,329,13,5,8,1,1,0,2,0,2,10,5,5,616,302,314
MAVERICK COUNTY,323,50 Years,615,288,327,14,6,8,1,1,0,3,2,1,9,3,6,588,276,312
MAVERICK COUNTY,323,51 Years,604,278,326,26,13,13,1,1,0,3,1,2,5,2,3,569,261,308
MAVERICK COUNTY,323,52 Years,606,301,305,21,13,8,3,1,2,1,1,0,7,2,5,574,284,290
MAVERICK COUNTY,323,53 Years,609,297,312,17,9,8,1,0,1,4,2,2,5,1,4,582,285,297
MAVERICK COUNTY,323,54 Years,589,278,311,14,8,6,1,1,0,5,3,2,6,4,2,563,262,301
MAVERICK COUNTY,323,55 Years,550,259,291,17,11,6,0,0,0,3,1,2,5,3,2,525,244,281
MAVERICK COUNTY,323,56 Years,563,276,287,18,9,9,1,1,0,3,1,2,8,3,5,533,262,271
MAVERICK COUNTY,323,57 Years,565,281,284,13,7,6,1,1,0,3,1,2,4,2,2,544,270,274
MAVERICK COUNTY,323,58 Years,560,258,302,16,8,8,0,0,0,4,1,3,4,1,3,536,248,288
MAVERICK COUNTY,323,59 Years,528,242,286,13,7,6,2,2,0,3,2,1,2,1,1,508,230,278
MAVERICK COUNTY,323,60 Years,532,225,307,17,6,11,1,0,1,1,0,1,2,0,2,511,219,292
MAVERICK COUNTY,323,61 Years,524,251,273,22,11,11,2,2,0,2,1,1,5,1,4,493,236,257
MAVERICK COUNTY,323,62 Years,555,255,300,22,10,12,2,2,0,3,1,2,2,0,2,526,242,284
MAVERICK COUNTY,323,63 Years,541,241,300,22,10,12,2,2,0,2,1,1,2,1,1,513,227,286
MAVERICK COUNTY,323,64 Years,530,243,287,20,11,9,0,0,0,1,1,0,2,0,2,507,231,276
MAVERICK COUNTY,323,65 Years,501,240,261,20,10,10,1,0,1,1,1,0,5,0,5,474,229,245
MAVERICK COUNTY,323,66 Years,515,244,271,21,8,13,1,0,1,0,0,0,2,1,1,491,235,256
MAVERICK COUNTY,323,67 Years,505,240,265,20,7,13,0,0,0,0,0,0,1,1,0,484,232,252
MAVERICK COUNTY,323,68 Years,433,199,234,22,12,10,0,0,0,2,1,1,2,1,1,407,185,222
MAVERICK COUNTY,323,69 Years,423,180,243,16,8,8,0,0,0,3,2,1,1,1,0,403,169,234
MAVERICK COUNTY,323,70 Years,423,188,235,18,11,7,0,0,0,0,0,0,1,0,1,404,177,227
MAVERICK COUNTY,323,71 Years,395,183,212,17,14,3,0,0,0,0,0,0,6,1,5,372,168,204
MAVERICK COUNTY,323,72 Years,378,167,211,17,9,8,0,0,0,1,0,1,3,2,1,357,156,201
MAVERICK COUNTY,323,73 Years,330,151,179,16,8,8,0,0,0,1,0,1,4,3,1,309,140,169
MAVERICK COUNTY,323,74 Years,314,143,171,18,11,7,1,1,0,0,0,0,2,1,1,293,130,163
MAVERICK COUNTY,323,75 Years,290,110,180,17,10,7,0,0,0,0,0,0,1,0,1,272,100,172
MAVERICK COUNTY,323,76 Years,278,123,155,16,11,5,0,0,0,1,1,0,2,1,1,259,110,149
MAVERICK COUNTY,323,77 Years,253,120,133,14,10,4,1,0,1,0,0,0,1,0,1,237,110,127
MAVERICK COUNTY,323,78 Years,223,96,127,11,7,4,1,0,1,0,0,0,1,0,1,210,89,121
MAVERICK COUNTY,323,79 Years,223,97,126,7,3,4,1,0,1,0,0,0,4,0,4,211,94,117
MAVERICK COUNTY,323,80 Years,213,95,118,8,6,2,0,0,0,0,0,0,3,0,3,202,89,113
MAVERICK COUNTY,323,81 Years,191,89,102,9,7,2,0,0,0,0,0,0,1,0,1,181,82,99
MAVERICK COUNTY,323,82 Years,184,86,98,8,7,1,0,0,0,0,0,0,1,1,0,175,78,97
MAVERICK COUNTY,323,83 Years,170,69,101,8,4,4,0,0,0,0,0,0,0,0,0,162,65,97
MAVERICK COUNTY,323,84 Years,140,55,85,12,4,8,0,0,0,0,0,0,0,0,0,128,51,77
MAVERICK COUNTY,323,85 Years,123,46,77,7,4,3,1,0,1,0,0,0,0,0,0,115,42,73
MAVERICK COUNTY,323,86 Years,128,51,77,7,4,3,1,0,1,0,0,0,0,0,0,120,47,73
MAVERICK COUNTY,323,87 Years,133,52,81,5,2,3,1,1,0,0,0,0,2,1,1,125,48,77
MAVERICK COUNTY,323,88 Years,113,45,68,5,3,2,1,1,0,0,0,0,0,0,0,107,41,66
MAVERICK COUNTY,323,89 Years,91,34,57,3,2,1,0,0,0,0,0,0,2,1,1,86,31,55
MAVERICK COUNTY,323,90 Years,69,22,47,2,1,1,0,0,0,0,0,0,0,0,0,67,21,46
MAVERICK COUNTY,323,91 Years,59,22,37,3,1,2,1,1,0,0,0,0,0,0,0,55,20,35
MAVERICK COUNTY,323,92 Years,52,17,35,2,1,1,0,0,0,0,0,0,1,0,1,49,16,33
MAVERICK COUNTY,323,93 Years,34,13,21,2,2,0,0,0,0,0,0,0,0,0,0,32,11,21
MAVERICK COUNTY,323,94 Years,26,9,17,1,0,1,0,0,0,0,0,0,0,0,0,25,9,16
MAVERICK COUNTY,323,95 Years +,63,18,45,4,1,3,0,0,0,0,0,0,0,0,0,59,17,42
MEDINA COUNTY,325,All Ages,52372,27220,25152,22938,11512,11426,970,833,137,309,163,146,676,351,325,27479,14361,13118
MEDINA COUNTY,325,< 1 Year,659,338,321,231,119,112,2,1,1,3,1,2,16,7,9,407,210,197
MEDINA COUNTY,325,1 Years,662,334,328,232,118,114,2,1,1,2,1,1,17,8,9,409,206,203
MEDINA COUNTY,325,2 Years,666,342,324,235,120,115,2,1,1,3,1,2,15,8,7,411,212,199
MEDINA COUNTY,325,3 Years,648,333,315,229,115,114,1,1,0,1,1,0,12,8,4,405,208,197
MEDINA COUNTY,325,4 Years,626,340,286,223,120,103,1,1,0,2,2,0,10,5,5,390,212,178
MEDINA COUNTY,325,5 Years,594,318,276,206,106,100,0,0,0,1,1,0,11,6,5,376,205,171
MEDINA COUNTY,325,6 Years,606,322,284,213,108,105,1,1,0,2,0,2,13,6,7,377,207,170
MEDINA COUNTY,325,7 Years,662,356,306,230,121,109,1,0,1,1,0,1,11,7,4,419,228,191
MEDINA COUNTY,325,8 Years,689,347,342,237,135,102,3,0,3,1,1,0,12,2,10,436,209,227
MEDINA COUNTY,325,9 Years,642,307,335,216,114,102,2,1,1,2,1,1,10,5,5,412,186,226
MEDINA COUNTY,325,10 Years,691,343,348,231,112,119,5,1,4,1,0,1,9,7,2,445,223,222
MEDINA COUNTY,325,11 Years,725,379,346,246,128,118,4,2,2,2,1,1,9,4,5,464,244,220
MEDINA COUNTY,325,12 Years,694,342,352,233,117,116,2,1,1,0,0,0,9,3,6,450,221,229
MEDINA COUNTY,325,13 Years,689,331,358,234,117,117,6,3,3,0,0,0,14,10,4,435,201,234
MEDINA COUNTY,325,14 Years,756,367,389,253,120,133,11,5,6,1,0,1,15,7,8,476,235,241
MEDINA COUNTY,325,15 Years,734,387,347,266,134,132,6,4,2,3,2,1,15,11,4,444,236,208
MEDINA COUNTY,325,16 Years,723,367,356,256,127,129,4,2,2,3,2,1,16,10,6,444,226,218
MEDINA COUNTY,325,17 Years,733,393,340,245,124,121,19,15,4,3,2,1,12,7,5,454,245,209
MEDINA COUNTY,325,18 Years,764,450,314,246,127,119,24,19,5,5,4,1,12,8,4,477,292,185
MEDINA COUNTY,325,19 Years,721,432,289,212,112,100,43,39,4,5,4,1,12,6,6,449,271,178
MEDINA COUNTY,325,20 Years,765,485,280,216,131,85,67,64,3,7,4,3,9,4,5,466,282,184
MEDINA COUNTY,325,21 Years,772,479,293,226,134,92,56,53,3,9,7,2,13,7,6,468,278,190
MEDINA COUNTY,325,22 Years,720,419,301,220,114,106,23,21,2,5,4,1,11,5,6,461,275,186
MEDINA COUNTY,325,23 Years,773,477,296,248,128,120,41,38,3,15,15,0,8,6,2,461,290,171
MEDINA COUNTY,325,24 Years,849,519,330,289,167,122,30,28,2,20,20,0,11,6,5,499,298,201
MEDINA COUNTY,325,25 Years,834,486,348,273,138,135,55,55,0,22,22,0,9,4,5,475,267,208
MEDINA COUNTY,325,26 Years,771,461,310,256,136,120,33,32,1,13,12,1,10,4,6,459,277,182
MEDINA COUNTY,325,27 Years,734,443,291,249,147,102,21,20,1,7,6,1,9,6,3,448,264,184
MEDINA COUNTY,325,28 Years,731,453,278,250,152,98,46,45,1,2,0,2,7,5,2,426,251,175
MEDINA COUNTY,325,29 Years,626,337,289,247,130,117,14,13,1,1,0,1,2,2,0,362,192,170
MEDINA COUNTY,325,30 Years,665,374,291,192,98,94,65,64,1,1,1,0,3,0,3,404,211,193
MEDINA COUNTY,325,31 Years,608,348,260,209,123,86,10,9,1,2,2,0,5,1,4,382,213,169
MEDINA COUNTY,325,32 Years,606,336,270,224,123,101,6,5,1,3,2,1,3,1,2,370,205,165
MEDINA COUNTY,325,33 Years,600,305,295,248,122,126,4,3,1,4,1,3,7,3,4,337,176,161
MEDINA COUNTY,325,34 Years,574,281,293,246,111,135,12,12,0,2,1,1,9,4,5,305,153,152
MEDINA COUNTY,325,35 Years,637,337,300,262,125,137,20,20,0,2,1,1,6,4,2,347,187,160
MEDINA COUNTY,325,36 Years,530,269,261,228,109,119,4,3,1,3,2,1,5,3,2,290,152,138
MEDINA COUNTY,325,37 Years,642,354,288,249,128,121,5,5,0,2,2,0,5,2,3,381,217,164
MEDINA COUNTY,325,38 Years,543,273,270,230,117,113,4,2,2,1,0,1,5,1,4,303,153,150
MEDINA COUNTY,325,39 Years,555,270,285,242,118,124,25,23,2,3,0,3,5,3,2,280,126,154
MEDINA COUNTY,325,40 Years,535,265,270,224,118,106,5,4,1,2,1,1,9,5,4,295,137,158
MEDINA COUNTY,325,41 Years,586,312,274,239,130,109,27,27,0,2,1,1,3,1,2,315,153,162
MEDINA COUNTY,325,42 Years,576,312,264,246,129,117,13,13,0,2,1,1,3,1,2,312,168,144
MEDINA COUNTY,325,43 Years,570,267,303,242,101,141,5,4,1,1,1,0,7,3,4,315,158,157
MEDINA COUNTY,325,44 Years,631,300,331,271,118,153,16,15,1,4,0,4,9,4,5,331,163,168
MEDINA COUNTY,325,45 Years,622,308,314,284,129,155,5,2,3,4,2,2,5,1,4,324,174,150
MEDINA COUNTY,325,46 Years,724,406,318,306,161,145,38,37,1,4,3,1,5,1,4,371,204,167
MEDINA COUNTY,325,47 Years,712,356,356,304,146,158,19,18,1,15,1,14,5,3,2,369,188,181
MEDINA COUNTY,325,48 Years,687,330,357,309,140,169,7,5,2,7,1,6,6,4,2,358,180,178
MEDINA COUNTY,325,49 Years,629,309,320,292,146,146,4,3,1,4,1,3,10,3,7,319,156,163
MEDINA COUNTY,325,50 Years,583,285,298,267,127,140,11,9,2,3,2,1,8,5,3,294,142,152
MEDINA COUNTY,325,51 Years,667,347,320,322,163,159,5,3,2,4,2,2,6,4,2,330,175,155
MEDINA COUNTY,325,52 Years,674,342,332,322,164,158,6,1,5,5,2,3,8,3,5,333,172,161
MEDINA COUNTY,325,53 Years,700,374,326,333,178,155,14,11,3,2,1,1,9,4,5,342,180,162
MEDINA COUNTY,325,54 Years,729,400,329,360,186,174,9,6,3,2,0,2,10,5,5,348,203,145
MEDINA COUNTY,325,55 Years,716,370,346,364,179,185,10,7,3,5,1,4,10,7,3,327,176,151
MEDINA COUNTY,325,56 Years,730,365,365,386,200,186,2,1,1,6,1,5,10,4,6,326,159,167
MEDINA COUNTY,325,57 Years,774,368,406,418,207,211,9,5,4,7,2,5,8,4,4,332,150,182
MEDINA COUNTY,325,58 Years,697,363,334,374,186,188,16,13,3,4,2,2,6,4,2,297,158,139
MEDINA COUNTY,325,59 Years,692,317,375,373,173,200,3,0,3,4,0,4,11,3,8,301,141,160
MEDINA COUNTY,325,60 Years,710,350,360,398,191,207,3,0,3,6,2,4,9,3,6,294,154,140
MEDINA COUNTY,325,61 Years,696,331,365,413,200,213,1,0,1,3,0,3,6,1,5,273,130,143
MEDINA COUNTY,325,62 Years,643,318,325,382,194,188,2,1,1,1,0,1,9,5,4,249,118,131
MEDINA COUNTY,325,63 Years,591,290,301,343,173,170,1,0,1,2,0,2,7,3,4,238,114,124
MEDINA COUNTY,325,64 Years,606,296,310,355,174,181,3,0,3,4,1,3,4,2,2,240,119,121
MEDINA COUNTY,325,65 Years,594,283,311,345,166,179,3,1,2,5,2,3,7,6,1,234,108,126
MEDINA COUNTY,325,66 Years,573,275,298,335,165,170,3,1,2,3,0,3,5,3,2,227,106,121
MEDINA COUNTY,325,67 Years,542,262,280,318,156,162,6,3,3,1,0,1,5,3,2,212,100,112
MEDINA COUNTY,325,68 Years,586,300,286,348,176,172,4,3,1,2,0,2,7,5,2,225,116,109
MEDINA COUNTY,325,69 Years,612,304,308,365,175,190,4,2,2,1,0,1,9,6,3,233,121,112
MEDINA COUNTY,325,70 Years,594,286,308,359,177,182,3,1,2,4,0,4,6,3,3,222,105,117
MEDINA COUNTY,325,71 Years,467,238,229,290,153,137,2,1,1,2,1,1,2,1,1,171,82,89
MEDINA COUNTY,325,72 Years,435,220,215,272,141,131,1,0,1,1,1,0,4,3,1,157,75,82
MEDINA COUNTY,325,73 Years,425,197,228,260,124,136,1,1,0,1,0,1,7,5,2,156,67,89
MEDINA COUNTY,325,74 Years,405,186,219,258,118,140,2,2,0,1,0,1,5,2,3,139,64,75
MEDINA COUNTY,325,75 Years,355,162,193,218,103,115,2,1,1,2,0,2,4,3,1,129,55,74
MEDINA COUNTY,325,76 Years,304,143,161,196,95,101,2,1,1,2,0,2,5,3,2,99,44,55
MEDINA COUNTY,325,77 Years,291,157,134,175,86,89,7,7,0,1,0,1,3,3,0,105,61,44
MEDINA COUNTY,325,78 Years,271,131,140,161,86,75,3,3,0,3,0,3,6,2,4,98,40,58
MEDINA COUNTY,325,79 Years,261,119,142,161,82,79,0,0,0,2,0,2,6,1,5,92,36,56
MEDINA COUNTY,325,80 Years,220,97,123,138,67,71,0,0,0,2,0,2,3,1,2,77,29,48
MEDINA COUNTY,325,81 Years,231,107,124,145,72,73,3,1,2,1,0,1,4,3,1,78,31,47
MEDINA COUNTY,325,82 Years,198,96,102,128,62,66,2,1,1,2,2,0,1,1,0,65,30,35
MEDINA COUNTY,325,83 Years,185,87,98,121,58,63,1,0,1,1,1,0,2,1,1,60,27,33
MEDINA COUNTY,325,84 Years,169,83,86,105,51,54,0,0,0,0,0,0,2,2,0,62,30,32
MEDINA COUNTY,325,85 Years,148,65,83,98,41,57,1,1,0,1,1,0,0,0,0,48,22,26
MEDINA COUNTY,325,86 Years,140,57,83,97,38,59,1,1,0,0,0,0,2,1,1,40,17,23
MEDINA COUNTY,325,87 Years,130,50,80,89,34,55,0,0,0,0,0,0,1,1,0,40,15,25
MEDINA COUNTY,325,88 Years,113,49,64,74,35,39,1,1,0,1,0,1,1,0,1,36,13,23
MEDINA COUNTY,325,89 Years,89,35,54,61,23,38,0,0,0,1,0,1,1,1,0,26,11,15
MEDINA COUNTY,325,90 Years,75,32,43,50,19,31,2,2,0,1,1,0,0,0,0,22,10,12
MEDINA COUNTY,325,91 Years,56,21,35,37,13,24,0,0,0,0,0,0,1,1,0,18,7,11
MEDINA COUNTY,325,92 Years,45,18,27,29,11,18,0,0,0,0,0,0,1,1,0,15,6,9
MEDINA COUNTY,325,93 Years,42,13,29,26,8,18,0,0,0,0,0,0,0,0,0,16,5,11
MEDINA COUNTY,325,94 Years,34,9,25,22,6,16,0,0,0,0,0,0,0,0,0,12,3,9
MEDINA COUNTY,325,95 Years +,83,23,60,52,13,39,2,1,1,0,0,0,1,0,1,28,9,19
MENARD COUNTY,327,All Ages,2156,1076,1080,1241,595,646,9,6,3,4,2,2,11,4,7,891,469,422
MENARD COUNTY,327,< 1 Year,20,12,8,4,3,1,0,0,0,0,0,0,0,0,0,16,9,7
MENARD COUNTY,327,1 Years,18,11,7,4,2,2,0,0,0,0,0,0,0,0,0,14,9,5
MENARD COUNTY,327,2 Years,20,13,7,4,3,1,0,0,0,0,0,0,0,0,0,16,10,6
MENARD COUNTY,327,3 Years,25,18,7,7,4,3,0,0,0,0,0,0,0,0,0,18,14,4
MENARD COUNTY,327,4 Years,26,17,9,7,4,3,0,0,0,0,0,0,0,0,0,19,13,6
MENARD COUNTY,327,5 Years,24,13,11,8,3,5,0,0,0,0,0,0,0,0,0,16,10,6
MENARD COUNTY,327,6 Years,18,8,10,6,2,4,0,0,0,0,0,0,0,0,0,12,6,6
MENARD COUNTY,327,7 Years,21,13,8,7,5,2,0,0,0,0,0,0,0,0,0,14,8,6
MENARD COUNTY,327,8 Years,28,17,11,15,9,6,0,0,0,0,0,0,0,0,0,13,8,5
MENARD COUNTY,327,9 Years,28,13,15,15,8,7,0,0,0,0,0,0,0,0,0,13,5,8
MENARD COUNTY,327,10 Years,22,7,15,10,3,7,0,0,0,0,0,0,0,0,0,12,4,8
MENARD COUNTY,327,11 Years,27,16,11,13,10,3,0,0,0,0,0,0,0,0,0,14,6,8
MENARD COUNTY,327,12 Years,28,19,9,16,12,4,0,0,0,0,0,0,0,0,0,12,7,5
MENARD COUNTY,327,13 Years,21,15,6,9,8,1,0,0,0,0,0,0,0,0,0,12,7,5
MENARD COUNTY,327,14 Years,20,12,8,10,6,4,0,0,0,0,0,0,0,0,0,10,6,4
MENARD COUNTY,327,15 Years,18,8,10,8,3,5,0,0,0,0,0,0,0,0,0,10,5,5
MENARD COUNTY,327,16 Years,19,10,9,8,3,5,0,0,0,0,0,0,0,0,0,11,7,4
MENARD COUNTY,327,17 Years,22,13,9,10,7,3,0,0,0,0,0,0,0,0,0,12,6,6
MENARD COUNTY,327,18 Years,25,11,14,11,6,5,0,0,0,0,0,0,0,0,0,14,5,9
MENARD COUNTY,327,19 Years,23,14,9,11,5,6,0,0,0,0,0,0,0,0,0,12,9,3
MENARD COUNTY,327,20 Years,18,14,4,7,5,2,0,0,0,0,0,0,0,0,0,11,9,2
MENARD COUNTY,327,21 Years,23,11,12,8,4,4,0,0,0,0,0,0,0,0,0,15,7,8
MENARD COUNTY,327,22 Years,25,12,13,7,4,3,0,0,0,0,0,0,0,0,0,18,8,10
MENARD COUNTY,327,23 Years,16,9,7,8,4,4,1,1,0,0,0,0,0,0,0,7,4,3
MENARD COUNTY,327,24 Years,24,12,12,8,4,4,0,0,0,0,0,0,1,0,1,15,8,7
MENARD COUNTY,327,25 Years,23,12,11,8,5,3,0,0,0,0,0,0,1,0,1,14,7,7
MENARD COUNTY,327,26 Years,20,9,11,8,3,5,1,1,0,0,0,0,0,0,0,11,5,6
MENARD COUNTY,327,27 Years,15,9,6,5,3,2,1,0,1,0,0,0,0,0,0,9,6,3
MENARD COUNTY,327,28 Years,17,9,8,3,2,1,1,0,1,0,0,0,0,0,0,13,7,6
MENARD COUNTY,327,29 Years,14,9,5,5,2,3,0,0,0,0,0,0,0,0,0,9,7,2
MENARD COUNTY,327,30 Years,18,7,11,10,3,7,0,0,0,0,0,0,0,0,0,8,4,4
MENARD COUNTY,327,31 Years,16,11,5,8,5,3,0,0,0,0,0,0,0,0,0,8,6,2
MENARD COUNTY,327,32 Years,15,11,4,7,5,2,0,0,0,0,0,0,0,0,0,8,6,2
MENARD COUNTY,327,33 Years,23,12,11,13,5,8,0,0,0,1,1,0,0,0,0,9,6,3
MENARD COUNTY,327,34 Years,20,9,11,10,3,7,0,0,0,1,1,0,0,0,0,9,5,4
MENARD COUNTY,327,35 Years,21,9,12,9,4,5,0,0,0,0,0,0,1,0,1,11,5,6
MENARD COUNTY,327,36 Years,23,10,13,12,4,8,0,0,0,0,0,0,0,0,0,11,6,5
MENARD COUNTY,327,37 Years,19,8,11,8,2,6,0,0,0,0,0,0,0,0,0,11,6,5
MENARD COUNTY,327,38 Years,13,6,7,7,3,4,0,0,0,0,0,0,1,1,0,5,2,3
MENARD COUNTY,327,39 Years,14,9,5,6,3,3,0,0,0,0,0,0,0,0,0,8,6,2
MENARD COUNTY,327,40 Years,13,6,7,6,3,3,0,0,0,0,0,0,0,0,0,7,3,4
MENARD COUNTY,327,41 Years,19,7,12,11,3,8,0,0,0,0,0,0,0,0,0,8,4,4
MENARD COUNTY,327,42 Years,22,10,12,14,5,9,0,0,0,0,0,0,0,0,0,8,5,3
MENARD COUNTY,327,43 Years,14,7,7,11,6,5,0,0,0,0,0,0,0,0,0,3,1,2
MENARD COUNTY,327,44 Years,17,6,11,14,6,8,0,0,0,0,0,0,0,0,0,3,0,3
MENARD COUNTY,327,45 Years,14,4,10,12,4,8,0,0,0,0,0,0,0,0,0,2,0,2
MENARD COUNTY,327,46 Years,15,4,11,10,2,8,0,0,0,0,0,0,0,0,0,5,2,3
MENARD COUNTY,327,47 Years,17,7,10,7,2,5,0,0,0,0,0,0,0,0,0,10,5,5
MENARD COUNTY,327,48 Years,22,9,13,10,5,5,0,0,0,0,0,0,0,0,0,12,4,8
MENARD COUNTY,327,49 Years,22,12,10,11,6,5,1,1,0,0,0,0,0,0,0,10,5,5
MENARD COUNTY,327,50 Years,23,10,13,16,7,9,0,0,0,0,0,0,0,0,0,7,3,4
MENARD COUNTY,327,51 Years,20,8,12,11,4,7,0,0,0,0,0,0,0,0,0,9,4,5
MENARD COUNTY,327,52 Years,18,8,10,9,3,6,0,0,0,0,0,0,0,0,0,9,5,4
MENARD COUNTY,327,53 Years,23,13,10,12,6,6,0,0,0,0,0,0,0,0,0,11,7,4
MENARD COUNTY,327,54 Years,32,10,22,19,6,13,0,0,0,0,0,0,0,0,0,13,4,9
MENARD COUNTY,327,55 Years,39,18,21,24,10,14,0,0,0,0,0,0,0,0,0,15,8,7
MENARD COUNTY,327,56 Years,38,19,19,25,13,12,0,0,0,1,0,1,0,0,0,12,6,6
MENARD COUNTY,327,57 Years,36,17,19,27,13,14,0,0,0,1,0,1,0,0,0,8,4,4
MENARD COUNTY,327,58 Years,43,21,22,27,14,13,0,0,0,0,0,0,0,0,0,16,7,9
MENARD COUNTY,327,59 Years,34,15,19,21,10,11,2,1,1,0,0,0,0,0,0,11,4,7
MENARD COUNTY,327,60 Years,32,14,18,25,10,15,0,0,0,0,0,0,0,0,0,7,4,3
MENARD COUNTY,327,61 Years,35,18,17,22,13,9,0,0,0,0,0,0,0,0,0,13,5,8
MENARD COUNTY,327,62 Years,34,17,17,24,13,11,0,0,0,0,0,0,0,0,0,10,4,6
MENARD COUNTY,327,63 Years,35,17,18,23,9,14,1,1,0,0,0,0,1,1,0,10,6,4
MENARD COUNTY,327,64 Years,34,15,19,25,10,15,0,0,0,0,0,0,1,0,1,8,5,3
MENARD COUNTY,327,65 Years,28,17,11,20,13,7,0,0,0,0,0,0,1,0,1,7,4,3
MENARD COUNTY,327,66 Years,36,18,18,27,13,14,0,0,0,0,0,0,0,0,0,9,5,4
MENARD COUNTY,327,67 Years,37,13,24,28,10,18,0,0,0,0,0,0,0,0,0,9,3,6
MENARD COUNTY,327,68 Years,41,18,23,26,9,17,1,1,0,0,0,0,0,0,0,14,8,6
MENARD COUNTY,327,69 Years,37,21,16,25,13,12,0,0,0,0,0,0,0,0,0,12,8,4
MENARD COUNTY,327,70 Years,36,17,19,27,12,15,0,0,0,0,0,0,0,0,0,9,5,4
MENARD COUNTY,327,71 Years,28,13,15,21,10,11,0,0,0,0,0,0,0,0,0,7,3,4
MENARD COUNTY,327,72 Years,33,17,16,25,14,11,0,0,0,0,0,0,1,0,1,7,3,4
MENARD COUNTY,327,73 Years,36,22,14,25,15,10,0,0,0,0,0,0,0,0,0,11,7,4
MENARD COUNTY,327,74 Years,36,20,16,28,16,12,0,0,0,0,0,0,1,1,0,7,3,4
MENARD COUNTY,327,75 Years,29,14,15,19,10,9,0,0,0,0,0,0,0,0,0,10,4,6
MENARD COUNTY,327,76 Years,24,12,12,16,8,8,0,0,0,0,0,0,0,0,0,8,4,4
MENARD COUNTY,327,77 Years,26,13,13,21,10,11,0,0,0,0,0,0,0,0,0,5,3,2
MENARD COUNTY,327,78 Years,19,11,8,17,9,8,0,0,0,0,0,0,0,0,0,2,2,0
MENARD COUNTY,327,79 Years,21,12,9,14,8,6,0,0,0,0,0,0,0,0,0,7,4,3
MENARD COUNTY,327,80 Years,22,10,12,16,8,8,0,0,0,0,0,0,0,0,0,6,2,4
MENARD COUNTY,327,81 Years,18,8,10,14,7,7,0,0,0,0,0,0,0,0,0,4,1,3
MENARD COUNTY,327,82 Years,13,5,8,10,5,5,0,0,0,0,0,0,0,0,0,3,0,3
MENARD COUNTY,327,83 Years,20,7,13,14,5,9,0,0,0,0,0,0,0,0,0,6,2,4
MENARD COUNTY,327,84 Years,18,8,10,12,5,7,0,0,0,0,0,0,0,0,0,6,3,3
MENARD COUNTY,327,85 Years,14,7,7,12,6,6,0,0,0,0,0,0,0,0,0,2,1,1
MENARD COUNTY,327,86 Years,14,8,6,10,5,5,0,0,0,0,0,0,0,0,0,4,3,1
MENARD COUNTY,327,87 Years,14,5,9,10,4,6,0,0,0,0,0,0,1,0,1,3,1,2
MENARD COUNTY,327,88 Years,12,5,7,8,3,5,0,0,0,0,0,0,0,0,0,4,2,2
MENARD COUNTY,327,89 Years,11,4,7,7,3,4,0,0,0,0,0,0,0,0,0,4,1,3
MENARD COUNTY,327,90 Years,12,6,6,7,3,4,0,0,0,0,0,0,1,1,0,4,2,2
MENARD COUNTY,327,91 Years,10,5,5,5,2,3,0,0,0,0,0,0,0,0,0,5,3,2
MENARD COUNTY,327,92 Years,8,3,5,5,2,3,0,0,0,0,0,0,0,0,0,3,1,2
MENARD COUNTY,327,93 Years,6,2,4,3,1,2,0,0,0,0,0,0,0,0,0,3,1,2
MENARD COUNTY,327,94 Years,5,3,2,4,2,2,0,0,0,0,0,0,0,0,0,1,1,0
MENARD COUNTY,327,95 Years +,11,2,9,9,2,7,0,0,0,0,0,0,0,0,0,2,0,2
MIDLAND COUNTY,329,All Ages,164771,83757,81014,74196,37213,36983,10061,5172,4889,2819,1448,1371,2921,1500,1421,74774,38424,36350
MIDLAND COUNTY,329,< 1 Year,2585,1331,1254,1002,523,479,165,86,79,26,14,12,84,39,45,1308,669,639
MIDLAND COUNTY,329,1 Years,2706,1400,1306,1025,534,491,167,87,80,36,19,17,94,47,47,1384,713,671
MIDLAND COUNTY,329,2 Years,2809,1446,1363,1032,534,498,166,86,80,45,23,22,94,46,48,1472,757,715
MIDLAND COUNTY,329,3 Years,2843,1448,1395,1035,528,507,160,80,80,53,27,26,92,46,46,1503,767,736
MIDLAND COUNTY,329,4 Years,2758,1403,1355,1000,499,501,152,79,73,52,26,26,80,41,39,1474,758,716
MIDLAND COUNTY,329,5 Years,2668,1359,1309,963,483,480,142,69,73,52,28,24,80,43,37,1431,736,695
MIDLAND COUNTY,329,6 Years,2567,1331,1236,903,457,446,141,71,70,47,25,22,66,35,31,1410,743,667
MIDLAND COUNTY,329,7 Years,2440,1266,1174,832,438,394,135,62,73,39,21,18,59,30,29,1375,715,660
MIDLAND COUNTY,329,8 Years,2623,1369,1254,887,464,423,154,86,68,33,25,8,71,32,39,1478,762,716
MIDLAND COUNTY,329,9 Years,2661,1366,1295,899,474,425,158,76,82,32,18,14,69,28,41,1503,770,733
MIDLAND COUNTY,329,10 Years,2600,1343,1257,835,430,405,171,81,90,31,15,16,68,31,37,1495,786,709
MIDLAND COUNTY,329,11 Years,2476,1292,1184,810,427,383,173,104,69,39,22,17,61,26,35,1393,713,680
MIDLAND COUNTY,329,12 Years,2399,1237,1162,782,424,358,160,86,74,37,19,18,63,33,30,1357,675,682
MIDLAND COUNTY,329,13 Years,2356,1230,1126,768,409,359,157,80,77,43,21,22,62,39,23,1326,681,645
MIDLAND COUNTY,329,14 Years,2278,1179,1099,746,384,362,158,83,75,32,16,16,45,29,16,1297,667,630
MIDLAND COUNTY,329,15 Years,2266,1166,1100,739,393,346,154,80,74,45,30,15,55,29,26,1273,634,639
MIDLAND COUNTY,329,16 Years,2324,1185,1139,777,394,383,153,72,81,48,29,19,65,34,31,1281,656,625
MIDLAND COUNTY,329,17 Years,2365,1208,1157,806,418,388,162,77,85,48,26,22,50,30,20,1299,657,642
MIDLAND COUNTY,329,18 Years,2294,1219,1075,784,419,365,143,73,70,44,19,25,42,28,14,1281,680,601
MIDLAND COUNTY,329,19 Years,2144,1143,1001,700,384,316,115,57,58,35,17,18,38,26,12,1256,659,597
MIDLAND COUNTY,329,20 Years,2143,1155,988,718,393,325,131,68,63,43,24,19,27,12,15,1224,658,566
MIDLAND COUNTY,329,21 Years,2236,1214,1022,792,416,376,115,58,57,37,19,18,36,21,15,1256,700,556
MIDLAND COUNTY,329,22 Years,2449,1294,1155,922,492,430,123,65,58,28,14,14,33,23,10,1343,700,643
MIDLAND COUNTY,329,23 Years,2635,1409,1226,1059,568,491,128,74,54,44,28,16,38,27,11,1366,712,654
MIDLAND COUNTY,329,24 Years,2775,1478,1297,1144,621,523,156,87,69,32,19,13,40,26,14,1403,725,678
MIDLAND COUNTY,329,25 Years,3047,1618,1429,1312,716,596,178,90,88,34,18,16,46,28,18,1477,766,711
MIDLAND COUNTY,329,26 Years,3293,1750,1543,1397,755,642,216,101,115,38,19,19,59,30,29,1583,845,738
MIDLAND COUNTY,329,27 Years,3056,1577,1479,1310,683,627,197,108,89,25,6,19,42,18,24,1482,762,720
MIDLAND COUNTY,329,28 Years,2869,1467,1402,1245,626,619,141,86,55,21,13,8,41,23,18,1421,719,702
MIDLAND COUNTY,329,29 Years,2785,1450,1335,1182,607,575,139,87,52,31,17,14,36,16,20,1397,723,674
MIDLAND COUNTY,329,30 Years,2939,1547,1392,1264,650,614,170,93,77,34,17,17,44,23,21,1427,764,663
MIDLAND COUNTY,329,31 Years,2951,1522,1429,1339,696,643,188,96,92,34,16,18,34,15,19,1356,699,657
MIDLAND COUNTY,329,32 Years,2851,1488,1363,1286,676,610,163,92,71,45,24,21,31,13,18,1326,683,643
MIDLAND COUNTY,329,33 Years,2804,1510,1294,1241,649,592,156,89,67,58,27,31,42,14,28,1307,731,576
MIDLAND COUNTY,329,34 Years,2798,1474,1324,1272,672,600,140,82,58,68,41,27,39,15,24,1279,664,615
MIDLAND COUNTY,329,35 Years,2681,1379,1302,1181,612,569,144,76,68,43,23,20,51,22,29,1262,646,616
MIDLAND COUNTY,329,36 Years,2484,1298,1186,1106,574,532,130,63,67,40,20,20,44,26,18,1164,615,549
MIDLAND COUNTY,329,37 Years,2412,1285,1127,1093,596,497,146,70,76,43,24,19,27,17,10,1103,578,525
MIDLAND COUNTY,329,38 Years,2151,1141,1010,962,529,433,124,64,60,40,17,23,24,11,13,1001,520,481
MIDLAND COUNTY,329,39 Years,2099,1078,1021,907,469,438,105,61,44,44,17,27,24,8,16,1019,523,496
MIDLAND COUNTY,329,40 Years,2012,1075,937,843,423,420,109,64,45,40,19,21,27,20,7,993,549,444
MIDLAND COUNTY,329,41 Years,1870,1013,857,769,402,367,114,63,51,51,26,25,30,17,13,906,505,401
MIDLAND COUNTY,329,42 Years,1929,1019,910,814,409,405,108,55,53,37,19,18,26,15,11,944,521,423
MIDLAND COUNTY,329,43 Years,1849,965,884,765,398,367,87,46,41,45,25,20,25,16,9,927,480,447
MIDLAND COUNTY,329,44 Years,1824,964,860,766,399,367,111,66,45,31,11,20,18,9,9,898,479,419
MIDLAND COUNTY,329,45 Years,1866,976,890,810,417,393,108,66,42,35,14,21,17,6,11,896,473,423
MIDLAND COUNTY,329,46 Years,1845,896,949,826,399,427,110,47,63,54,20,34,23,14,9,832,416,416
MIDLAND COUNTY,329,47 Years,1790,914,876,815,430,385,109,53,56,63,29,34,28,12,16,775,390,385
MIDLAND COUNTY,329,48 Years,1758,886,872,808,402,406,112,60,52,48,23,25,21,7,14,769,394,375
MIDLAND COUNTY,329,49 Years,1674,842,832,754,368,386,115,65,50,37,19,18,17,8,9,751,382,369
MIDLAND COUNTY,329,50 Years,1622,814,808,762,364,398,110,63,47,36,19,17,16,11,5,698,357,341
MIDLAND COUNTY,329,51 Years,1649,842,807,768,382,386,109,62,47,40,21,19,15,12,3,717,365,352
MIDLAND COUNTY,329,52 Years,1683,872,811,799,397,402,118,68,50,34,24,10,16,9,7,716,374,342
MIDLAND COUNTY,329,53 Years,1757,866,891,880,413,467,136,71,65,36,21,15,22,11,11,683,350,333
MIDLAND COUNTY,329,54 Years,1878,934,944,993,487,506,136,68,68,35,15,20,25,10,15,689,354,335
MIDLAND COUNTY,329,55 Years,1926,943,983,1091,532,559,123,63,60,34,16,18,18,8,10,660,324,336
MIDLAND COUNTY,329,56 Years,1930,906,1024,1110,504,606,136,69,67,37,18,19,22,10,12,625,305,320
MIDLAND COUNTY,329,57 Years,1963,970,993,1157,562,595,129,67,62,49,27,22,25,9,16,603,305,298
MIDLAND COUNTY,329,58 Years,1893,930,963,1162,558,604,126,64,62,34,23,11,23,7,16,548,278,270
MIDLAND COUNTY,329,59 Years,1849,926,923,1164,564,600,123,65,58,24,18,6,22,12,10,516,267,249
MIDLAND COUNTY,329,60 Years,1859,944,915,1147,576,571,125,62,63,31,15,16,31,19,12,525,272,253
MIDLAND COUNTY,329,61 Years,1793,872,921,1103,536,567,120,58,62,32,15,17,25,13,12,513,250,263
MIDLAND COUNTY,329,62 Years,1667,818,849,1078,526,552,105,47,58,33,15,18,22,12,10,429,218,211
MIDLAND COUNTY,329,63 Years,1561,771,790,979,480,499,117,62,55,33,15,18,28,17,11,404,197,207
MIDLAND COUNTY,329,64 Years,1441,701,740,911,456,455,102,54,48,35,16,19,29,17,12,364,158,206
MIDLAND COUNTY,329,65 Years,1310,642,668,838,413,425,110,54,56,18,9,9,21,11,10,323,155,168
MIDLAND COUNTY,329,66 Years,1216,573,643,769,369,400,96,46,50,27,14,13,26,11,15,298,133,165
MIDLAND COUNTY,329,67 Years,1135,534,601,697,336,361,77,35,42,33,16,17,20,9,11,308,138,170
MIDLAND COUNTY,329,68 Years,1011,490,521,642,316,326,64,35,29,29,15,14,18,11,7,258,113,145
MIDLAND COUNTY,329,69 Years,943,447,496,610,301,309,62,23,39,19,7,12,16,8,8,236,108,128
MIDLAND COUNTY,329,70 Years,923,428,495,624,295,329,54,22,32,13,5,8,22,9,13,210,97,113
MIDLAND COUNTY,329,71 Years,744,360,384,482,235,247,52,28,24,14,8,6,13,7,6,183,82,101
MIDLAND COUNTY,329,72 Years,678,292,386,444,195,249,44,17,27,10,5,5,13,8,5,167,67,100
MIDLAND COUNTY,329,73 Years,671,292,379,454,203,251,42,16,26,7,4,3,9,5,4,159,64,95
MIDLAND COUNTY,329,74 Years,648,284,364,436,196,240,45,22,23,7,4,3,8,3,5,152,59,93
MIDLAND COUNTY,329,75 Years,598,248,350,407,168,239,43,20,23,9,7,2,9,5,4,130,48,82
MIDLAND COUNTY,329,76 Years,531,220,311,349,144,205,38,14,24,7,5,2,8,4,4,129,53,76
MIDLAND COUNTY,329,77 Years,507,192,315,348,131,217,38,15,23,8,4,4,9,5,4,104,37,67
MIDLAND COUNTY,329,78 Years,483,186,297,331,126,205,29,15,14,9,3,6,9,5,4,105,37,68
MIDLAND COUNTY,329,79 Years,493,189,304,354,129,225,28,13,15,6,2,4,6,3,3,99,42,57
MIDLAND COUNTY,329,80 Years,463,184,279,331,126,205,33,10,23,5,2,3,5,2,3,89,44,45
MIDLAND COUNTY,329,81 Years,450,188,262,319,128,191,30,13,17,5,1,4,4,1,3,92,45,47
MIDLAND COUNTY,329,82 Years,439,184,255,309,128,181,29,11,18,3,2,1,5,2,3,93,41,52
MIDLAND COUNTY,329,83 Years,386,157,229,288,123,165,22,5,17,3,2,1,2,1,1,71,26,45
MIDLAND COUNTY,329,84 Years,360,137,223,275,112,163,21,6,15,1,1,0,3,1,2,60,17,43
MIDLAND COUNTY,329,85 Years,345,122,223,260,94,166,23,6,17,2,0,2,4,1,3,56,21,35
MIDLAND COUNTY,329,86 Years,314,115,199,242,88,154,18,5,13,4,1,3,4,1,3,46,20,26
MIDLAND COUNTY,329,87 Years,277,110,167,212,84,128,12,4,8,3,1,2,3,1,2,47,20,27
MIDLAND COUNTY,329,88 Years,266,95,171,201,73,128,16,4,12,2,1,1,3,2,1,44,15,29
MIDLAND COUNTY,329,89 Years,236,87,149,188,73,115,9,3,6,2,0,2,3,1,2,34,10,24
MIDLAND COUNTY,329,90 Years,205,77,128,163,62,101,6,2,4,3,1,2,4,1,3,29,11,18
MIDLAND COUNTY,329,91 Years,165,59,106,128,48,80,12,3,9,2,0,2,1,0,1,22,8,14
MIDLAND COUNTY,329,92 Years,132,42,90,104,33,71,8,3,5,1,1,0,2,0,2,17,5,12
MIDLAND COUNTY,329,93 Years,100,33,67,79,24,55,5,2,3,2,1,1,2,1,1,12,5,7
MIDLAND COUNTY,329,94 Years,69,23,46,57,19,38,5,2,3,0,0,0,1,0,1,6,2,4
MIDLAND COUNTY,329,95 Years +,165,53,112,124,41,83,16,5,11,2,0,2,1,0,1,22,7,15
MILAM COUNTY,331,All Ages,25097,12433,12664,15361,7570,7791,2262,1043,1219,113,56,57,380,195,185,6981,3569,3412
MILAM COUNTY,331,< 1 Year,313,161,152,142,79,63,28,13,15,1,0,1,12,7,5,130,62,68
MILAM COUNTY,331,1 Years,314,160,154,139,76,63,30,13,17,2,1,1,12,6,6,131,64,67
MILAM COUNTY,331,2 Years,334,172,162,140,74,66,35,18,17,3,1,2,16,10,6,140,69,71
MILAM COUNTY,331,3 Years,333,171,162,135,68,67,37,20,17,2,1,1,15,9,6,144,73,71
MILAM COUNTY,331,4 Years,330,166,164,129,64,65,36,18,18,2,1,1,15,7,8,148,76,72
MILAM COUNTY,331,5 Years,325,166,159,130,68,62,34,15,19,1,1,0,9,4,5,151,78,73
MILAM COUNTY,331,6 Years,322,166,156,122,65,57,32,14,18,2,1,1,11,7,4,155,79,76
MILAM COUNTY,331,7 Years,334,175,159,127,79,48,33,15,18,3,1,2,10,6,4,161,74,87
MILAM COUNTY,331,8 Years,344,184,160,145,82,63,31,16,15,2,1,1,7,3,4,159,82,77
MILAM COUNTY,331,9 Years,355,191,164,159,87,72,41,20,21,1,1,0,8,5,3,146,78,68
MILAM COUNTY,331,10 Years,366,181,185,161,81,80,42,20,22,2,1,1,7,6,1,154,73,81
MILAM COUNTY,331,11 Years,327,173,154,159,79,80,32,19,13,1,0,1,9,5,4,126,70,56
MILAM COUNTY,331,12 Years,357,182,175,170,83,87,32,18,14,3,1,2,7,4,3,145,76,69
MILAM COUNTY,331,13 Years,349,180,169,166,85,81,26,13,13,1,1,0,6,4,2,150,77,73
MILAM COUNTY,331,14 Years,322,170,152,145,76,69,28,13,15,1,1,0,6,5,1,142,75,67
MILAM COUNTY,331,15 Years,374,209,165,182,101,81,28,15,13,0,0,0,9,4,5,155,89,66
MILAM COUNTY,331,16 Years,372,198,174,177,95,82,38,21,17,0,0,0,7,4,3,150,78,72
MILAM COUNTY,331,17 Years,352,201,151,172,103,69,35,22,13,0,0,0,6,2,4,139,74,65
MILAM COUNTY,331,18 Years,279,153,126,140,80,60,21,11,10,0,0,0,6,2,4,112,60,52
MILAM COUNTY,331,19 Years,241,129,112,122,71,51,23,10,13,0,0,0,5,4,1,91,44,47
MILAM COUNTY,331,20 Years,260,135,125,133,76,57,27,15,12,0,0,0,7,4,3,93,40,53
MILAM COUNTY,331,21 Years,265,143,122,135,75,60,26,15,11,2,0,2,7,4,3,95,49,46
MILAM COUNTY,331,22 Years,281,147,134,138,69,69,36,20,16,4,2,2,6,4,2,97,52,45
MILAM COUNTY,331,23 Years,306,145,161,146,67,79,40,22,18,2,2,0,6,3,3,112,51,61
MILAM COUNTY,331,24 Years,316,152,164,153,75,78,40,21,19,1,0,1,7,1,6,115,55,60
MILAM COUNTY,331,25 Years,326,154,172,177,85,92,33,11,22,1,0,1,5,2,3,110,56,54
MILAM COUNTY,331,26 Years,290,126,164,156,69,87,27,8,19,1,1,0,4,2,2,102,46,56
MILAM COUNTY,331,27 Years,260,122,138,136,65,71,28,11,17,2,2,0,2,1,1,92,43,49
MILAM COUNTY,331,28 Years,269,123,146,138,58,80,26,10,16,1,1,0,2,1,1,102,53,49
MILAM COUNTY,331,29 Years,255,124,131,149,68,81,21,7,14,1,1,0,1,0,1,83,48,35
MILAM COUNTY,331,30 Years,237,116,121,141,70,71,22,9,13,1,0,1,4,2,2,69,35,34
MILAM COUNTY,331,31 Years,250,126,124,144,67,77,18,7,11,1,0,1,2,2,0,85,50,35
MILAM COUNTY,331,32 Years,261,127,134,141,66,75,19,8,11,1,0,1,3,2,1,97,51,46
MILAM COUNTY,331,33 Years,261,139,122,135,82,53,17,6,11,2,0,2,1,0,1,106,51,55
MILAM COUNTY,331,34 Years,285,149,136,160,86,74,18,8,10,4,2,2,2,1,1,101,52,49
MILAM COUNTY,331,35 Years,256,132,124,146,71,75,17,7,10,2,1,1,1,1,0,90,52,38
MILAM COUNTY,331,36 Years,254,127,127,151,73,78,16,6,10,0,0,0,1,0,1,86,48,38
MILAM COUNTY,331,37 Years,264,128,136,155,73,82,20,9,11,1,0,1,3,2,1,85,44,41
MILAM COUNTY,331,38 Years,251,110,141,153,61,92,16,6,10,0,0,0,3,2,1,79,41,38
MILAM COUNTY,331,39 Years,261,118,143,158,70,88,17,3,14,2,2,0,1,1,0,83,42,41
MILAM COUNTY,331,40 Years,258,122,136,149,72,77,22,8,14,1,1,0,0,0,0,86,41,45
MILAM COUNTY,331,41 Years,294,148,146,160,83,77,31,13,18,2,2,0,2,1,1,99,49,50
MILAM COUNTY,331,42 Years,256,121,135,153,70,83,22,9,13,2,1,1,3,0,3,76,41,35
MILAM COUNTY,331,43 Years,263,120,143,152,70,82,26,9,17,1,0,1,3,1,2,81,40,41
MILAM COUNTY,331,44 Years,254,124,130,166,82,84,20,7,13,1,0,1,2,1,1,65,34,31
MILAM COUNTY,331,45 Years,277,139,138,188,90,98,24,13,11,1,0,1,4,3,1,60,33,27
MILAM COUNTY,331,46 Years,299,164,135,195,111,84,22,11,11,2,0,2,2,1,1,78,41,37
MILAM COUNTY,331,47 Years,292,149,143,184,95,89,23,9,14,3,0,3,3,2,1,79,43,36
MILAM COUNTY,331,48 Years,276,129,147,177,83,94,21,9,12,3,2,1,3,2,1,72,33,39
MILAM COUNTY,331,49 Years,279,141,138,192,97,95,17,8,9,2,2,0,3,2,1,65,32,33
MILAM COUNTY,331,50 Years,287,142,145,194,98,96,26,9,17,2,2,0,2,1,1,63,32,31
MILAM COUNTY,331,51 Years,306,142,164,201,97,104,28,10,18,3,2,1,3,1,2,71,32,39
MILAM COUNTY,331,52 Years,307,157,150,207,106,101,26,12,14,1,0,1,2,0,2,71,39,32
MILAM COUNTY,331,53 Years,317,155,162,217,108,109,29,12,17,0,0,0,1,0,1,70,35,35
MILAM COUNTY,331,54 Years,358,174,184,248,122,126,30,12,18,3,2,1,5,3,2,72,35,37
MILAM COUNTY,331,55 Years,324,155,169,226,105,121,32,13,19,3,1,2,5,2,3,58,34,24
MILAM COUNTY,331,56 Years,343,174,169,233,117,116,41,24,17,2,1,1,3,1,2,64,31,33
MILAM COUNTY,331,57 Years,364,175,189,251,122,129,46,22,24,1,1,0,3,2,1,63,28,35
MILAM COUNTY,331,58 Years,329,165,164,236,112,124,38,19,19,0,0,0,6,4,2,49,30,19
MILAM COUNTY,331,59 Years,346,170,176,240,110,130,29,16,13,2,2,0,4,2,2,71,40,31
MILAM COUNTY,331,60 Years,355,170,185,264,124,140,29,14,15,2,2,0,3,2,1,57,28,29
MILAM COUNTY,331,61 Years,369,190,179,271,132,139,30,16,14,1,1,0,5,3,2,62,38,24
MILAM COUNTY,331,62 Years,351,164,187,262,124,138,32,12,20,0,0,0,6,1,5,51,27,24
MILAM COUNTY,331,63 Years,360,174,186,281,141,140,33,15,18,0,0,0,2,0,2,44,18,26
MILAM COUNTY,331,64 Years,341,157,184,273,122,151,23,9,14,0,0,0,2,1,1,43,25,18
MILAM COUNTY,331,65 Years,334,157,177,266,125,141,22,7,15,1,0,1,3,2,1,42,23,19
MILAM COUNTY,331,66 Years,361,169,192,288,130,158,27,16,11,1,1,0,4,2,2,41,20,21
MILAM COUNTY,331,67 Years,322,155,167,254,124,130,26,14,12,2,1,1,3,1,2,37,15,22
MILAM COUNTY,331,68 Years,305,151,154,236,115,121,25,14,11,3,1,2,2,0,2,39,21,18
MILAM COUNTY,331,69 Years,303,156,147,237,120,117,27,14,13,1,0,1,2,0,2,36,22,14
MILAM COUNTY,331,70 Years,343,169,174,275,131,144,23,12,11,1,1,0,2,1,1,42,24,18
MILAM COUNTY,331,71 Years,266,140,126,212,114,98,21,11,10,0,0,0,1,0,1,32,15,17
MILAM COUNTY,331,72 Years,271,141,130,213,111,102,18,8,10,3,2,1,1,1,0,36,19,17
MILAM COUNTY,331,73 Years,243,119,124,193,96,97,18,8,10,1,0,1,4,2,2,27,13,14
MILAM COUNTY,331,74 Years,233,117,116,192,96,96,18,9,9,0,0,0,5,2,3,18,10,8
MILAM COUNTY,331,75 Years,213,108,105,174,89,85,18,9,9,0,0,0,3,1,2,18,9,9
MILAM COUNTY,331,76 Years,195,95,100,156,81,75,16,6,10,0,0,0,2,0,2,21,8,13
MILAM COUNTY,331,77 Years,177,84,93,143,69,74,12,3,9,0,0,0,2,1,1,20,11,9
MILAM COUNTY,331,78 Years,163,74,89,130,59,71,15,5,10,0,0,0,2,1,1,16,9,7
MILAM COUNTY,331,79 Years,171,78,93,134,63,71,13,6,7,1,0,1,3,1,2,20,8,12
MILAM COUNTY,331,80 Years,161,64,97,128,53,75,14,6,8,1,0,1,2,1,1,16,4,12
MILAM COUNTY,331,81 Years,149,73,76,118,56,62,11,6,5,0,0,0,2,1,1,18,10,8
MILAM COUNTY,331,82 Years,126,62,64,98,45,53,10,7,3,0,0,0,1,0,1,17,10,7
MILAM COUNTY,331,83 Years,123,55,68,96,42,54,13,6,7,0,0,0,1,1,0,13,6,7
MILAM COUNTY,331,84 Years,108,48,60,86,39,47,11,5,6,2,0,2,1,0,1,8,4,4
MILAM COUNTY,331,85 Years,96,40,56,76,31,45,9,5,4,0,0,0,1,0,1,10,4,6
MILAM COUNTY,331,86 Years,95,38,57,74,31,43,10,4,6,0,0,0,1,0,1,10,3,7
MILAM COUNTY,331,87 Years,82,34,48,63,26,37,10,3,7,0,0,0,0,0,0,9,5,4
MILAM COUNTY,331,88 Years,81,34,47,61,27,34,9,3,6,0,0,0,1,0,1,10,4,6
MILAM COUNTY,331,89 Years,66,26,40,48,18,30,8,3,5,0,0,0,1,1,0,9,4,5
MILAM COUNTY,331,90 Years,55,21,34,40,14,26,6,3,3,1,0,1,1,1,0,7,3,4
MILAM COUNTY,331,91 Years,46,16,30,33,11,22,5,1,4,1,1,0,0,0,0,7,3,4
MILAM COUNTY,331,92 Years,41,17,24,30,11,19,5,2,3,0,0,0,0,0,0,6,4,2
MILAM COUNTY,331,93 Years,31,14,17,24,10,14,3,0,3,0,0,0,0,0,0,4,4,0
MILAM COUNTY,331,94 Years,25,8,17,18,6,12,3,0,3,0,0,0,1,0,1,3,2,1
MILAM COUNTY,331,95 Years +,56,18,38,38,12,26,10,3,7,0,0,0,0,0,0,8,3,5
MILLS COUNTY,333,All Ages,4912,2420,2492,3852,1860,1992,27,15,12,9,3,6,71,40,31,953,502,451
MILLS COUNTY,333,< 1 Year,52,28,24,33,19,14,0,0,0,0,0,0,0,0,0,19,9,10
MILLS COUNTY,333,1 Years,46,25,21,28,16,12,0,0,0,0,0,0,0,0,0,18,9,9
MILLS COUNTY,333,2 Years,57,32,25,32,18,14,0,0,0,0,0,0,2,1,1,23,13,10
MILLS COUNTY,333,3 Years,58,33,25,34,19,15,0,0,0,0,0,0,2,1,1,22,13,9
MILLS COUNTY,333,4 Years,63,36,27,39,20,19,0,0,0,0,0,0,3,2,1,21,14,7
MILLS COUNTY,333,5 Years,54,32,22,33,19,14,0,0,0,0,0,0,2,1,1,19,12,7
MILLS COUNTY,333,6 Years,55,29,26,32,15,17,0,0,0,0,0,0,0,0,0,23,14,9
MILLS COUNTY,333,7 Years,62,32,30,37,14,23,0,0,0,0,0,0,1,1,0,24,17,7
MILLS COUNTY,333,8 Years,55,32,23,36,21,15,0,0,0,0,0,0,2,2,0,17,9,8
MILLS COUNTY,333,9 Years,67,29,38,46,20,26,0,0,0,0,0,0,1,1,0,20,8,12
MILLS COUNTY,333,10 Years,67,28,39,46,22,24,0,0,0,0,0,0,2,1,1,19,5,14
MILLS COUNTY,333,11 Years,65,35,30,48,28,20,1,1,0,0,0,0,0,0,0,16,6,10
MILLS COUNTY,333,12 Years,53,25,28,38,18,20,0,0,0,0,0,0,1,0,1,14,7,7
MILLS COUNTY,333,13 Years,53,30,23,37,21,16,0,0,0,0,0,0,2,2,0,14,7,7
MILLS COUNTY,333,14 Years,48,25,23,35,17,18,1,1,0,0,0,0,2,2,0,10,5,5
MILLS COUNTY,333,15 Years,52,31,21,40,22,18,1,1,0,1,1,0,0,0,0,10,7,3
MILLS COUNTY,333,16 Years,64,37,27,51,30,21,2,0,2,0,0,0,1,1,0,10,6,4
MILLS COUNTY,333,17 Years,66,36,30,49,29,20,4,2,2,0,0,0,0,0,0,13,5,8
MILLS COUNTY,333,18 Years,57,27,30,37,18,19,4,3,1,0,0,0,1,0,1,15,6,9
MILLS COUNTY,333,19 Years,49,21,28,31,14,17,5,2,3,0,0,0,0,0,0,13,5,8
MILLS COUNTY,333,20 Years,51,25,26,31,15,16,2,1,1,0,0,0,0,0,0,18,9,9
MILLS COUNTY,333,21 Years,53,29,24,29,15,14,2,2,0,0,0,0,0,0,0,22,12,10
MILLS COUNTY,333,22 Years,49,25,24,30,14,16,0,0,0,0,0,0,1,0,1,18,11,7
MILLS COUNTY,333,23 Years,59,28,31,37,17,20,1,0,1,0,0,0,2,2,0,19,9,10
MILLS COUNTY,333,24 Years,64,36,28,44,23,21,0,0,0,0,0,0,1,1,0,19,12,7
MILLS COUNTY,333,25 Years,64,34,30,48,24,24,0,0,0,0,0,0,0,0,0,16,10,6
MILLS COUNTY,333,26 Years,46,19,27,35,12,23,0,0,0,0,0,0,0,0,0,11,7,4
MILLS COUNTY,333,27 Years,39,20,19,25,13,12,0,0,0,0,0,0,2,0,2,12,7,5
MILLS COUNTY,333,28 Years,37,18,19,27,11,16,0,0,0,0,0,0,1,0,1,9,7,2
MILLS COUNTY,333,29 Years,39,18,21,27,10,17,0,0,0,0,0,0,0,0,0,12,8,4
MILLS COUNTY,333,30 Years,35,17,18,25,13,12,0,0,0,1,0,1,0,0,0,9,4,5
MILLS COUNTY,333,31 Years,31,17,14,25,14,11,0,0,0,1,0,1,0,0,0,5,3,2
MILLS COUNTY,333,32 Years,38,18,20,30,14,16,0,0,0,0,0,0,0,0,0,8,4,4
MILLS COUNTY,333,33 Years,37,20,17,27,14,13,0,0,0,0,0,0,0,0,0,10,6,4
MILLS COUNTY,333,34 Years,42,16,26,30,9,21,0,0,0,1,0,1,0,0,0,11,7,4
MILLS COUNTY,333,35 Years,47,13,34,39,11,28,0,0,0,0,0,0,1,0,1,7,2,5
MILLS COUNTY,333,36 Years,44,17,27,36,13,23,0,0,0,0,0,0,0,0,0,8,4,4
MILLS COUNTY,333,37 Years,52,25,27,42,20,22,0,0,0,0,0,0,2,2,0,8,3,5
MILLS COUNTY,333,38 Years,51,25,26,38,16,22,0,0,0,0,0,0,1,1,0,12,8,4
MILLS COUNTY,333,39 Years,44,19,25,34,14,20,0,0,0,0,0,0,0,0,0,10,5,5
MILLS COUNTY,333,40 Years,46,24,22,37,19,18,0,0,0,1,1,0,1,1,0,7,3,4
MILLS COUNTY,333,41 Years,47,19,28,36,16,20,1,0,1,1,0,1,1,0,1,8,3,5
MILLS COUNTY,333,42 Years,32,15,17,23,11,12,0,0,0,0,0,0,0,0,0,9,4,5
MILLS COUNTY,333,43 Years,40,21,19,29,16,13,0,0,0,0,0,0,1,1,0,10,4,6
MILLS COUNTY,333,44 Years,44,23,21,34,17,17,0,0,0,0,0,0,0,0,0,10,6,4
MILLS COUNTY,333,45 Years,44,17,27,29,13,16,0,0,0,0,0,0,1,0,1,14,4,10
MILLS COUNTY,333,46 Years,58,23,35,42,16,26,0,0,0,0,0,0,2,2,0,14,5,9
MILLS COUNTY,333,47 Years,63,31,32,49,24,25,0,0,0,0,0,0,1,1,0,13,6,7
MILLS COUNTY,333,48 Years,59,34,25,48,28,20,0,0,0,0,0,0,1,1,0,10,5,5
MILLS COUNTY,333,49 Years,52,26,26,43,20,23,0,0,0,0,0,0,0,0,0,9,6,3
MILLS COUNTY,333,50 Years,63,32,31,52,25,27,0,0,0,0,0,0,0,0,0,11,7,4
MILLS COUNTY,333,51 Years,62,31,31,48,25,23,0,0,0,0,0,0,1,0,1,13,6,7
MILLS COUNTY,333,52 Years,72,40,32,54,27,27,0,0,0,0,0,0,2,2,0,16,11,5
MILLS COUNTY,333,53 Years,60,30,30,49,24,25,0,0,0,0,0,0,1,0,1,10,6,4
MILLS COUNTY,333,54 Years,61,29,32,47,20,27,1,1,0,0,0,0,1,0,1,12,8,4
MILLS COUNTY,333,55 Years,64,33,31,53,25,28,1,1,0,0,0,0,1,0,1,9,7,2
MILLS COUNTY,333,56 Years,75,36,39,61,29,32,0,0,0,0,0,0,2,1,1,12,6,6
MILLS COUNTY,333,57 Years,62,33,29,56,30,26,0,0,0,0,0,0,0,0,0,6,3,3
MILLS COUNTY,333,58 Years,55,25,30,49,23,26,0,0,0,0,0,0,0,0,0,6,2,4
MILLS COUNTY,333,59 Years,68,30,38,60,27,33,0,0,0,1,0,1,1,0,1,6,3,3
MILLS COUNTY,333,60 Years,74,34,40,62,27,35,0,0,0,2,1,1,2,1,1,8,5,3
MILLS COUNTY,333,61 Years,82,36,46,71,30,41,0,0,0,0,0,0,1,0,1,10,6,4
MILLS COUNTY,333,62 Years,86,46,40,74,39,35,1,0,1,0,0,0,1,1,0,10,6,4
MILLS COUNTY,333,63 Years,74,36,38,65,31,34,0,0,0,0,0,0,1,1,0,8,4,4
MILLS COUNTY,333,64 Years,75,34,41,64,29,35,0,0,0,0,0,0,1,0,1,10,5,5
MILLS COUNTY,333,65 Years,70,29,41,61,26,35,0,0,0,0,0,0,0,0,0,9,3,6
MILLS COUNTY,333,66 Years,76,41,35,67,37,30,0,0,0,0,0,0,1,1,0,8,3,5
MILLS COUNTY,333,67 Years,79,37,42,70,33,37,0,0,0,0,0,0,1,1,0,8,3,5
MILLS COUNTY,333,68 Years,77,32,45,67,29,38,0,0,0,0,0,0,1,0,1,9,3,6
MILLS COUNTY,333,69 Years,67,35,32,62,33,29,0,0,0,0,0,0,1,0,1,4,2,2
MILLS COUNTY,333,70 Years,68,36,32,64,33,31,0,0,0,0,0,0,0,0,0,4,3,1
MILLS COUNTY,333,71 Years,66,33,33,63,32,31,0,0,0,0,0,0,1,0,1,2,1,1
MILLS COUNTY,333,72 Years,71,32,39,64,29,35,0,0,0,0,0,0,1,0,1,6,3,3
MILLS COUNTY,333,73 Years,72,38,34,69,37,32,0,0,0,0,0,0,1,0,1,2,1,1
MILLS COUNTY,333,74 Years,73,40,33,67,37,30,0,0,0,0,0,0,0,0,0,6,3,3
MILLS COUNTY,333,75 Years,67,36,31,66,35,31,0,0,0,0,0,0,0,0,0,1,1,0
MILLS COUNTY,333,76 Years,56,34,22,51,32,19,0,0,0,0,0,0,0,0,0,5,2,3
MILLS COUNTY,333,77 Years,43,26,17,38,22,16,0,0,0,0,0,0,1,1,0,4,3,1
MILLS COUNTY,333,78 Years,52,23,29,44,19,25,0,0,0,0,0,0,1,1,0,7,3,4
MILLS COUNTY,333,79 Years,42,19,23,38,17,21,0,0,0,0,0,0,1,1,0,3,1,2
MILLS COUNTY,333,80 Years,36,19,17,34,17,17,0,0,0,0,0,0,1,1,0,1,1,0
MILLS COUNTY,333,81 Years,33,19,14,29,17,12,0,0,0,0,0,0,0,0,0,4,2,2
MILLS COUNTY,333,82 Years,23,12,11,20,10,10,0,0,0,0,0,0,0,0,0,3,2,1
MILLS COUNTY,333,83 Years,29,11,18,26,10,16,0,0,0,0,0,0,0,0,0,3,1,2
MILLS COUNTY,333,84 Years,30,14,16,25,11,14,0,0,0,0,0,0,0,0,0,5,3,2
MILLS COUNTY,333,85 Years,29,13,16,26,12,14,0,0,0,0,0,0,0,0,0,3,1,2
MILLS COUNTY,333,86 Years,27,9,18,24,8,16,0,0,0,0,0,0,0,0,0,3,1,2
MILLS COUNTY,333,87 Years,21,6,15,19,5,14,0,0,0,0,0,0,1,1,0,1,0,1
MILLS COUNTY,333,88 Years,17,5,12,14,4,10,0,0,0,0,0,0,1,0,1,2,1,1
MILLS COUNTY,333,89 Years,20,6,14,17,4,13,0,0,0,0,0,0,1,0,1,2,2,0
MILLS COUNTY,333,90 Years,20,7,13,18,7,11,0,0,0,0,0,0,0,0,0,2,0,2
MILLS COUNTY,333,91 Years,14,7,7,12,7,5,0,0,0,0,0,0,0,0,0,2,0,2
MILLS COUNTY,333,92 Years,14,6,8,12,5,7,0,0,0,0,0,0,0,0,0,2,1,1
MILLS COUNTY,333,93 Years,9,4,5,7,3,4,0,0,0,0,0,0,0,0,0,2,1,1
MILLS COUNTY,333,94 Years,6,4,2,4,2,2,0,0,0,0,0,0,0,0,0,2,2,0
MILLS COUNTY,333,95 Years +,22,7,15,18,4,14,0,0,0,0,0,0,1,0,1,3,3,0
MITCHELL COUNTY,335,All Ages,8449,5061,3388,4120,2182,1938,913,802,111,28,14,14,106,56,50,3282,2007,1275
MITCHELL COUNTY,335,< 1 Year,98,50,48,37,21,16,1,0,1,1,0,1,2,1,1,57,28,29
MITCHELL COUNTY,335,1 Years,95,46,49,40,22,18,1,0,1,0,0,0,2,1,1,52,23,29
MITCHELL COUNTY,335,2 Years,89,42,47,41,21,20,0,0,0,0,0,0,0,0,0,48,21,27
MITCHELL COUNTY,335,3 Years,87,40,47,37,19,18,1,0,1,0,0,0,2,1,1,47,20,27
MITCHELL COUNTY,335,4 Years,93,45,48,37,20,17,0,0,0,0,0,0,3,1,2,53,24,29
MITCHELL COUNTY,335,5 Years,97,49,48,38,23,15,0,0,0,1,0,1,5,2,3,53,24,29
MITCHELL COUNTY,335,6 Years,98,47,51,39,21,18,0,0,0,0,0,0,4,2,2,55,24,31
MITCHELL COUNTY,335,7 Years,85,42,43,37,14,23,1,0,1,0,0,0,3,1,2,44,27,17
MITCHELL COUNTY,335,8 Years,87,40,47,42,18,24,3,1,2,0,0,0,1,0,1,41,21,20
MITCHELL COUNTY,335,9 Years,88,41,47,40,20,20,2,1,1,0,0,0,4,1,3,42,19,23
MITCHELL COUNTY,335,10 Years,88,44,44,40,22,18,3,0,3,1,1,0,1,0,1,43,21,22
MITCHELL COUNTY,335,11 Years,83,40,43,40,20,20,2,1,1,0,0,0,1,0,1,40,19,21
MITCHELL COUNTY,335,12 Years,68,40,28,27,17,10,3,2,1,0,0,0,2,1,1,36,20,16
MITCHELL COUNTY,335,13 Years,88,44,44,43,21,22,5,2,3,0,0,0,2,1,1,38,20,18
MITCHELL COUNTY,335,14 Years,83,43,40,38,19,19,6,2,4,1,0,1,1,0,1,37,22,15
MITCHELL COUNTY,335,15 Years,79,42,37,40,21,19,8,5,3,0,0,0,0,0,0,31,16,15
MITCHELL COUNTY,335,16 Years,92,46,46,49,24,25,5,4,1,0,0,0,0,0,0,38,18,20
MITCHELL COUNTY,335,17 Years,95,52,43,48,23,25,3,2,1,0,0,0,1,1,0,43,26,17
MITCHELL COUNTY,335,18 Years,115,74,41,52,33,19,11,9,2,1,1,0,2,2,0,49,29,20
MITCHELL COUNTY,335,19 Years,123,82,41,54,34,20,20,18,2,0,0,0,0,0,0,49,30,19
MITCHELL COUNTY,335,20 Years,143,107,36,54,32,22,25,24,1,0,0,0,2,2,0,62,49,13
MITCHELL COUNTY,335,21 Years,166,129,37,52,34,18,45,45,0,0,0,0,2,1,1,67,49,18
MITCHELL COUNTY,335,22 Years,195,145,50,64,38,26,45,45,0,0,0,0,4,3,1,82,59,23
MITCHELL COUNTY,335,23 Years,189,138,51,65,41,24,39,36,3,1,0,1,1,1,0,83,60,23
MITCHELL COUNTY,335,24 Years,180,141,39,63,46,17,37,33,4,2,2,0,2,2,0,76,58,18
MITCHELL COUNTY,335,25 Years,169,129,40,54,35,19,49,47,2,1,0,1,1,0,1,64,47,17
MITCHELL COUNTY,335,26 Years,183,147,36,61,43,18,42,40,2,0,0,0,2,1,1,78,63,15
MITCHELL COUNTY,335,27 Years,147,110,37,43,29,14,32,29,3,0,0,0,0,0,0,72,52,20
MITCHELL COUNTY,335,28 Years,154,121,33,47,31,16,40,37,3,0,0,0,1,0,1,66,53,13
MITCHELL COUNTY,335,29 Years,139,108,31,44,33,11,28,26,2,0,0,0,3,3,0,64,46,18
MITCHELL COUNTY,335,30 Years,120,89,31,34,18,16,32,32,0,0,0,0,1,1,0,53,38,15
MITCHELL COUNTY,335,31 Years,117,89,28,40,23,17,25,25,0,0,0,0,2,1,1,50,40,10
MITCHELL COUNTY,335,32 Years,124,85,39,44,27,17,22,21,1,0,0,0,1,0,1,57,37,20
MITCHELL COUNTY,335,33 Years,124,89,35,43,27,16,23,23,0,3,1,2,2,2,0,53,36,17
MITCHELL COUNTY,335,34 Years,125,90,35,44,23,21,22,22,0,1,1,0,0,0,0,58,44,14
MITCHELL COUNTY,335,35 Years,119,86,33,45,25,20,21,20,1,0,0,0,3,3,0,50,38,12
MITCHELL COUNTY,335,36 Years,128,86,42,55,28,27,23,23,0,0,0,0,0,0,0,50,35,15
MITCHELL COUNTY,335,37 Years,123,76,47,56,26,30,20,19,1,1,0,1,1,0,1,45,31,14
MITCHELL COUNTY,335,38 Years,126,89,37,57,34,23,19,17,2,0,0,0,2,0,2,48,38,10
MITCHELL COUNTY,335,39 Years,106,77,29,53,32,21,10,9,1,0,0,0,2,1,1,41,35,6
MITCHELL COUNTY,335,40 Years,99,64,35,55,29,26,11,11,0,0,0,0,0,0,0,33,24,9
MITCHELL COUNTY,335,41 Years,93,67,26,38,23,15,13,13,0,0,0,0,1,1,0,41,30,11
MITCHELL COUNTY,335,42 Years,103,75,28,44,26,18,16,16,0,1,1,0,1,1,0,41,31,10
MITCHELL COUNTY,335,43 Years,110,79,31,51,29,22,21,19,2,1,1,0,1,1,0,36,29,7
MITCHELL COUNTY,335,44 Years,105,73,32,47,27,20,14,13,1,1,1,0,0,0,0,43,32,11
MITCHELL COUNTY,335,45 Years,96,62,34,41,23,18,9,9,0,2,2,0,0,0,0,44,28,16
MITCHELL COUNTY,335,46 Years,102,57,45,49,23,26,8,8,0,0,0,0,0,0,0,45,26,19
MITCHELL COUNTY,335,47 Years,116,67,49,55,30,25,10,8,2,0,0,0,1,1,0,50,28,22
MITCHELL COUNTY,335,48 Years,92,57,35,47,26,21,13,11,2,0,0,0,0,0,0,32,20,12
MITCHELL COUNTY,335,49 Years,80,54,26,38,24,14,6,6,0,1,1,0,1,0,1,34,23,11
MITCHELL COUNTY,335,50 Years,92,53,39,44,24,20,11,9,2,0,0,0,3,2,1,34,18,16
MITCHELL COUNTY,335,51 Years,97,58,39,54,32,22,7,4,3,2,1,1,1,1,0,33,20,13
MITCHELL COUNTY,335,52 Years,100,57,43,54,30,24,12,9,3,1,0,1,1,1,0,32,17,15
MITCHELL COUNTY,335,53 Years,87,50,37,44,23,21,10,8,2,0,0,0,2,2,0,31,17,14
MITCHELL COUNTY,335,54 Years,96,57,39,54,30,24,6,6,0,0,0,0,1,0,1,35,21,14
MITCHELL COUNTY,335,55 Years,86,45,41,57,29,28,3,1,2,1,0,1,1,1,0,24,14,10
MITCHELL COUNTY,335,56 Years,76,39,37,46,24,22,1,0,1,0,0,0,0,0,0,29,15,14
MITCHELL COUNTY,335,57 Years,93,49,44,66,34,32,2,1,1,0,0,0,0,0,0,25,14,11
MITCHELL COUNTY,335,58 Years,97,53,44,65,36,29,1,0,1,0,0,0,3,1,2,28,16,12
MITCHELL COUNTY,335,59 Years,94,44,50,65,32,33,2,1,1,0,0,0,0,0,0,27,11,16
MITCHELL COUNTY,335,60 Years,78,37,41,57,26,31,2,1,1,0,0,0,0,0,0,19,10,9
MITCHELL COUNTY,335,61 Years,79,37,42,54,25,29,3,0,3,0,0,0,1,1,0,21,11,10
MITCHELL COUNTY,335,62 Years,92,47,45,65,34,31,2,0,2,1,1,0,1,0,1,23,12,11
MITCHELL COUNTY,335,63 Years,102,49,53,73,35,38,3,2,1,1,0,1,2,1,1,23,11,12
MITCHELL COUNTY,335,64 Years,94,48,46,64,33,31,3,2,1,0,0,0,1,1,0,26,12,14
MITCHELL COUNTY,335,65 Years,95,47,48,65,33,32,5,2,3,0,0,0,1,0,1,24,12,12
MITCHELL COUNTY,335,66 Years,91,35,56,60,27,33,3,1,2,0,0,0,2,0,2,26,7,19
MITCHELL COUNTY,335,67 Years,86,41,45,59,28,31,3,2,1,0,0,0,0,0,0,24,11,13
MITCHELL COUNTY,335,68 Years,73,35,38,49,23,26,2,1,1,0,0,0,0,0,0,22,11,11
MITCHELL COUNTY,335,69 Years,74,37,37,51,25,26,1,1,0,0,0,0,0,0,0,22,11,11
MITCHELL COUNTY,335,70 Years,82,41,41,63,30,33,0,0,0,0,0,0,0,0,0,19,11,8
MITCHELL COUNTY,335,71 Years,69,31,38,52,20,32,1,0,1,0,0,0,0,0,0,16,11,5
MITCHELL COUNTY,335,72 Years,67,30,37,49,22,27,1,0,1,1,0,1,1,0,1,15,8,7
MITCHELL COUNTY,335,73 Years,65,26,39,43,17,26,3,0,3,1,0,1,1,1,0,17,8,9
MITCHELL COUNTY,335,74 Years,60,24,36,41,15,26,3,2,1,0,0,0,0,0,0,16,7,9
MITCHELL COUNTY,335,75 Years,57,30,27,41,25,16,2,1,1,0,0,0,0,0,0,14,4,10
MITCHELL COUNTY,335,76 Years,57,24,33,39,17,22,1,1,0,0,0,0,3,1,2,14,5,9
MITCHELL COUNTY,335,77 Years,40,16,24,27,9,18,1,1,0,0,0,0,1,0,1,11,6,5
MITCHELL COUNTY,335,78 Years,41,17,24,29,13,16,2,1,1,0,0,0,1,0,1,9,3,6
MITCHELL COUNTY,335,79 Years,41,15,26,30,12,18,1,1,0,0,0,0,0,0,0,10,2,8
MITCHELL COUNTY,335,80 Years,44,20,24,31,15,16,2,1,1,0,0,0,0,0,0,11,4,7
MITCHELL COUNTY,335,81 Years,41,23,18,25,14,11,3,2,1,0,0,0,1,1,0,12,6,6
MITCHELL COUNTY,335,82 Years,36,13,23,25,8,17,2,1,1,0,0,0,1,0,1,8,4,4
MITCHELL COUNTY,335,83 Years,24,8,16,16,5,11,0,0,0,0,0,0,0,0,0,8,3,5
MITCHELL COUNTY,335,84 Years,28,11,17,15,8,7,3,1,2,0,0,0,0,0,0,10,2,8
MITCHELL COUNTY,335,85 Years,27,13,14,17,9,8,1,0,1,0,0,0,2,1,1,7,3,4
MITCHELL COUNTY,335,86 Years,33,14,19,22,8,14,3,2,1,0,0,0,2,1,1,6,3,3
MITCHELL COUNTY,335,87 Years,24,8,16,19,5,14,1,1,0,0,0,0,0,0,0,4,2,2
MITCHELL COUNTY,335,88 Years,18,7,11,14,5,9,0,0,0,0,0,0,0,0,0,4,2,2
MITCHELL COUNTY,335,89 Years,22,10,12,16,7,9,0,0,0,0,0,0,0,0,0,6,3,3
MITCHELL COUNTY,335,90 Years,18,6,12,14,5,9,0,0,0,0,0,0,0,0,0,4,1,3
MITCHELL COUNTY,335,91 Years,16,4,12,12,4,8,1,0,1,0,0,0,0,0,0,3,0,3
MITCHELL COUNTY,335,92 Years,16,6,10,9,3,6,3,1,2,0,0,0,0,0,0,4,2,2
MITCHELL COUNTY,335,93 Years,10,4,6,6,2,4,0,0,0,0,0,0,0,0,0,4,2,2
MITCHELL COUNTY,335,94 Years,7,2,5,4,1,3,0,0,0,0,0,0,0,0,0,3,1,2
MITCHELL COUNTY,335,95 Years +,20,5,15,13,2,11,2,1,1,0,0,0,0,0,0,5,2,3
MONTAGUE COUNTY,337,All Ages,19604,9673,9931,16880,8312,8568,57,37,20,63,27,36,391,190,201,2213,1107,1106
MONTAGUE COUNTY,337,< 1 Year,246,123,123,184,89,95,4,2,2,0,0,0,4,1,3,54,31,23
MONTAGUE COUNTY,337,1 Years,241,116,125,178,85,93,4,2,2,0,0,0,5,2,3,54,27,27
MONTAGUE COUNTY,337,2 Years,244,123,121,178,88,90,0,0,0,0,0,0,6,4,2,60,31,29
MONTAGUE COUNTY,337,3 Years,234,119,115,173,87,86,0,0,0,0,0,0,7,5,2,54,27,27
MONTAGUE COUNTY,337,4 Years,234,122,112,174,89,85,4,2,2,0,0,0,7,5,2,49,26,23
MONTAGUE COUNTY,337,5 Years,231,117,114,173,89,84,4,2,2,1,0,1,5,2,3,48,24,24
MONTAGUE COUNTY,337,6 Years,245,131,114,187,102,85,0,0,0,0,0,0,4,2,2,54,27,27
MONTAGUE COUNTY,337,7 Years,265,141,124,199,115,84,2,1,1,0,0,0,4,2,2,60,23,37
MONTAGUE COUNTY,337,8 Years,246,128,118,186,98,88,2,2,0,0,0,0,4,2,2,54,26,28
MONTAGUE COUNTY,337,9 Years,249,132,117,196,101,95,1,1,0,0,0,0,7,4,3,45,26,19
MONTAGUE COUNTY,337,10 Years,245,135,110,193,104,89,1,1,0,1,0,1,7,4,3,43,26,17
MONTAGUE COUNTY,337,11 Years,217,120,97,164,90,74,1,0,1,2,2,0,6,3,3,44,25,19
MONTAGUE COUNTY,337,12 Years,234,127,107,178,94,84,2,1,1,1,1,0,7,5,2,46,26,20
MONTAGUE COUNTY,337,13 Years,252,128,124,190,93,97,1,0,1,2,1,1,9,4,5,50,30,20
MONTAGUE COUNTY,337,14 Years,234,126,108,178,94,84,0,0,0,1,1,0,7,2,5,48,29,19
MONTAGUE COUNTY,337,15 Years,253,146,107,186,104,82,2,2,0,1,0,1,8,3,5,56,37,19
MONTAGUE COUNTY,337,16 Years,248,121,127,196,94,102,1,0,1,1,0,1,7,3,4,43,24,19
MONTAGUE COUNTY,337,17 Years,212,95,117,165,79,86,1,0,1,1,1,0,4,2,2,41,13,28
MONTAGUE COUNTY,337,18 Years,218,114,104,170,89,81,0,0,0,1,1,0,8,5,3,39,19,20
MONTAGUE COUNTY,337,19 Years,199,97,102,161,78,83,2,0,2,1,1,0,5,3,2,30,15,15
MONTAGUE COUNTY,337,20 Years,180,83,97,145,69,76,2,1,1,1,1,0,6,4,2,26,8,18
MONTAGUE COUNTY,337,21 Years,172,79,93,138,67,71,1,1,0,0,0,0,8,3,5,25,8,17
MONTAGUE COUNTY,337,22 Years,175,83,92,138,66,72,1,0,1,0,0,0,8,4,4,28,13,15
MONTAGUE COUNTY,337,23 Years,191,97,94,149,77,72,2,2,0,0,0,0,4,2,2,36,16,20
MONTAGUE COUNTY,337,24 Years,218,113,105,172,88,84,0,0,0,1,0,1,11,6,5,34,19,15
MONTAGUE COUNTY,337,25 Years,232,114,118,192,98,94,3,3,0,0,0,0,7,2,5,30,11,19
MONTAGUE COUNTY,337,26 Years,208,112,96,161,93,68,0,0,0,1,1,0,4,2,2,42,16,26
MONTAGUE COUNTY,337,27 Years,236,119,117,200,100,100,0,0,0,0,0,0,1,1,0,35,18,17
MONTAGUE COUNTY,337,28 Years,245,116,129,210,102,108,0,0,0,1,0,1,1,1,0,33,13,20
MONTAGUE COUNTY,337,29 Years,226,98,128,193,81,112,0,0,0,1,0,1,3,2,1,29,15,14
MONTAGUE COUNTY,337,30 Years,211,93,118,176,77,99,0,0,0,0,0,0,5,2,3,30,14,16
MONTAGUE COUNTY,337,31 Years,220,125,95,192,107,85,0,0,0,0,0,0,3,2,1,25,16,9
MONTAGUE COUNTY,337,32 Years,202,109,93,166,88,78,1,1,0,0,0,0,1,1,0,34,19,15
MONTAGUE COUNTY,337,33 Years,210,99,111,171,79,92,1,1,0,1,0,1,2,1,1,35,18,17
MONTAGUE COUNTY,337,34 Years,215,109,106,177,88,89,1,1,0,1,1,0,8,6,2,28,13,15
MONTAGUE COUNTY,337,35 Years,207,102,105,171,83,88,0,0,0,2,1,1,4,3,1,30,15,15
MONTAGUE COUNTY,337,36 Years,219,106,113,191,92,99,0,0,0,2,1,1,4,2,2,22,11,11
MONTAGUE COUNTY,337,37 Years,218,115,103,185,99,86,0,0,0,2,0,2,4,2,2,27,14,13
MONTAGUE COUNTY,337,38 Years,187,98,89,159,84,75,0,0,0,1,0,1,2,0,2,25,14,11
MONTAGUE COUNTY,337,39 Years,204,107,97,175,89,86,0,0,0,3,2,1,2,1,1,24,15,9
MONTAGUE COUNTY,337,40 Years,198,92,106,166,76,90,0,0,0,1,0,1,4,1,3,27,15,12
MONTAGUE COUNTY,337,41 Years,197,98,99,169,83,86,0,0,0,2,1,1,4,2,2,22,12,10
MONTAGUE COUNTY,337,42 Years,209,97,112,178,83,95,0,0,0,1,1,0,1,1,0,29,12,17
MONTAGUE COUNTY,337,43 Years,214,103,111,179,91,88,1,1,0,1,0,1,4,1,3,29,10,19
MONTAGUE COUNTY,337,44 Years,230,132,98,195,119,76,1,1,0,1,0,1,4,1,3,29,11,18
MONTAGUE COUNTY,337,45 Years,210,114,96,185,102,83,0,0,0,0,0,0,3,2,1,22,10,12
MONTAGUE COUNTY,337,46 Years,234,121,113,208,112,96,0,0,0,3,0,3,3,1,2,20,8,12
MONTAGUE COUNTY,337,47 Years,215,108,107,193,98,95,1,0,1,0,0,0,2,1,1,19,9,10
MONTAGUE COUNTY,337,48 Years,234,109,125,199,97,102,1,1,0,3,0,3,5,3,2,26,8,18
MONTAGUE COUNTY,337,49 Years,210,97,113,180,86,94,1,1,0,5,1,4,2,1,1,22,8,14
MONTAGUE COUNTY,337,50 Years,236,123,113,214,112,102,0,0,0,2,1,1,2,2,0,18,8,10
MONTAGUE COUNTY,337,51 Years,268,137,131,241,125,116,0,0,0,0,0,0,6,3,3,21,9,12
MONTAGUE COUNTY,337,52 Years,264,130,134,233,119,114,0,0,0,0,0,0,5,1,4,26,10,16
MONTAGUE COUNTY,337,53 Years,244,116,128,218,108,110,0,0,0,0,0,0,2,0,2,24,8,16
MONTAGUE COUNTY,337,54 Years,262,130,132,236,118,118,0,0,0,1,1,0,5,2,3,20,9,11
MONTAGUE COUNTY,337,55 Years,292,153,139,256,134,122,1,1,0,2,1,1,10,5,5,23,12,11
MONTAGUE COUNTY,337,56 Years,304,147,157,269,129,140,0,0,0,1,0,1,8,3,5,26,15,11
MONTAGUE COUNTY,337,57 Years,320,159,161,288,142,146,0,0,0,1,1,0,6,3,3,25,13,12
MONTAGUE COUNTY,337,58 Years,281,138,143,257,124,133,0,0,0,0,0,0,8,3,5,16,11,5
MONTAGUE COUNTY,337,59 Years,291,142,149,270,131,139,1,0,1,0,0,0,3,1,2,17,10,7
MONTAGUE COUNTY,337,60 Years,303,148,155,274,132,142,1,1,0,1,1,0,7,3,4,20,11,9
MONTAGUE COUNTY,337,61 Years,274,136,138,250,120,130,1,1,0,1,1,0,7,4,3,15,10,5
MONTAGUE COUNTY,337,62 Years,277,132,145,258,122,136,1,1,0,0,0,0,6,2,4,12,7,5
MONTAGUE COUNTY,337,63 Years,270,124,146,253,115,138,0,0,0,1,0,1,5,3,2,11,6,5
MONTAGUE COUNTY,337,64 Years,241,110,131,232,106,126,0,0,0,1,0,1,2,1,1,6,3,3
MONTAGUE COUNTY,337,65 Years,253,126,127,245,120,125,0,0,0,0,0,0,3,2,1,5,4,1
MONTAGUE COUNTY,337,66 Years,249,125,124,240,120,120,1,1,0,0,0,0,1,1,0,7,3,4
MONTAGUE COUNTY,337,67 Years,254,117,137,245,112,133,1,1,0,1,1,0,1,1,0,6,2,4
MONTAGUE COUNTY,337,68 Years,271,117,154,258,113,145,0,0,0,0,0,0,5,2,3,8,2,6
MONTAGUE COUNTY,337,69 Years,277,131,146,264,126,138,0,0,0,1,1,0,4,1,3,8,3,5
MONTAGUE COUNTY,337,70 Years,267,138,129,250,127,123,1,1,0,1,1,0,7,4,3,8,5,3
MONTAGUE COUNTY,337,71 Years,234,115,119,221,107,114,0,0,0,0,0,0,6,3,3,7,5,2
MONTAGUE COUNTY,337,72 Years,212,92,120,204,88,116,0,0,0,0,0,0,3,1,2,5,3,2
MONTAGUE COUNTY,337,73 Years,224,110,114,214,103,111,0,0,0,0,0,0,3,2,1,7,5,2
MONTAGUE COUNTY,337,74 Years,213,100,113,203,93,110,0,0,0,0,0,0,3,2,1,7,5,2
MONTAGUE COUNTY,337,75 Years,197,94,103,186,85,101,0,0,0,0,0,0,3,2,1,8,7,1
MONTAGUE COUNTY,337,76 Years,168,90,78,161,85,76,0,0,0,0,0,0,3,3,0,4,2,2
MONTAGUE COUNTY,337,77 Years,142,73,69,134,68,66,0,0,0,0,0,0,3,2,1,5,3,2
MONTAGUE COUNTY,337,78 Years,144,71,73,140,68,72,0,0,0,0,0,0,0,0,0,4,3,1
MONTAGUE COUNTY,337,79 Years,158,69,89,155,68,87,0,0,0,0,0,0,2,1,1,1,0,1
MONTAGUE COUNTY,337,80 Years,150,68,82,146,67,79,0,0,0,0,0,0,2,0,2,2,1,1
MONTAGUE COUNTY,337,81 Years,135,58,77,126,54,72,0,0,0,0,0,0,4,1,3,5,3,2
MONTAGUE COUNTY,337,82 Years,114,49,65,106,46,60,0,0,0,0,0,0,4,1,3,4,2,2
MONTAGUE COUNTY,337,83 Years,107,50,57,103,50,53,0,0,0,0,0,0,2,0,2,2,0,2
MONTAGUE COUNTY,337,84 Years,104,48,56,100,47,53,0,0,0,0,0,0,2,0,2,2,1,1
MONTAGUE COUNTY,337,85 Years,93,40,53,88,39,49,0,0,0,1,0,1,1,0,1,3,1,2
MONTAGUE COUNTY,337,86 Years,80,34,46,75,32,43,0,0,0,0,0,0,2,1,1,3,1,2
MONTAGUE COUNTY,337,87 Years,64,24,40,61,23,38,0,0,0,0,0,0,0,0,0,3,1,2
MONTAGUE COUNTY,337,88 Years,58,23,35,56,23,33,0,0,0,0,0,0,0,0,0,2,0,2
MONTAGUE COUNTY,337,89 Years,47,20,27,46,19,27,0,0,0,0,0,0,0,0,0,1,1,0
MONTAGUE COUNTY,337,90 Years,43,16,27,41,15,26,0,0,0,0,0,0,1,0,1,1,1,0
MONTAGUE COUNTY,337,91 Years,34,13,21,33,13,20,0,0,0,0,0,0,1,0,1,0,0,0
MONTAGUE COUNTY,337,92 Years,23,7,16,22,7,15,0,0,0,0,0,0,1,0,1,0,0,0
MONTAGUE COUNTY,337,93 Years,23,6,17,21,6,15,0,0,0,1,0,1,1,0,1,0,0,0
MONTAGUE COUNTY,337,94 Years,18,5,13,18,5,13,0,0,0,0,0,0,0,0,0,0,0,0
MONTAGUE COUNTY,337,95 Years +,47,10,37,47,10,37,0,0,0,0,0,0,0,0,0,0,0,0
MONTGOMERY COUNTY,339,All Ages,563911,279246,284665,373915,184318,189597,26337,12924,13413,15374,7037,8337,12115,5858,6257,136170,69109,67061
MONTGOMERY COUNTY,339,< 1 Year,7017,3568,3449,3627,1860,1767,351,171,180,132,67,65,269,134,135,2638,1336,1302
MONTGOMERY COUNTY,339,1 Years,7262,3697,3565,3754,1907,1847,357,176,181,157,82,75,282,141,141,2712,1391,1321
MONTGOMERY COUNTY,339,2 Years,7490,3836,3654,3934,2002,1932,352,180,172,174,92,82,294,147,147,2736,1415,1321
MONTGOMERY COUNTY,339,3 Years,7528,3844,3684,4014,2034,1980,341,177,164,197,107,90,306,155,151,2670,1371,1299
MONTGOMERY COUNTY,339,4 Years,7432,3763,3669,3994,2012,1982,328,173,155,185,98,87,289,148,141,2636,1332,1304
MONTGOMERY COUNTY,339,5 Years,7461,3778,3683,4060,2041,2019,323,170,153,182,96,86,274,139,135,2622,1332,1290
MONTGOMERY COUNTY,339,6 Years,7607,3851,3756,4104,2051,2053,333,180,153,177,87,90,254,124,130,2739,1409,1330
MONTGOMERY COUNTY,339,7 Years,7519,3943,3576,4032,2132,1900,325,158,167,178,101,77,229,117,112,2755,1435,1320
MONTGOMERY COUNTY,339,8 Years,8198,4233,3965,4466,2334,2132,368,182,186,191,100,91,274,141,133,2899,1476,1423
MONTGOMERY COUNTY,339,9 Years,8483,4350,4133,4658,2430,2228,415,207,208,201,104,97,270,133,137,2939,1476,1463
MONTGOMERY COUNTY,339,10 Years,8603,4365,4238,4746,2421,2325,409,219,190,209,113,96,257,132,125,2982,1480,1502
MONTGOMERY COUNTY,339,11 Years,8540,4389,4151,4694,2453,2241,435,205,230,218,104,114,269,141,128,2924,1486,1438
MONTGOMERY COUNTY,339,12 Years,8448,4285,4163,4663,2378,2285,386,202,184,197,108,89,293,133,160,2909,1464,1445
MONTGOMERY COUNTY,339,13 Years,8461,4366,4095,4757,2468,2289,413,218,195,214,110,104,295,149,146,2782,1421,1361
MONTGOMERY COUNTY,339,14 Years,8509,4417,4092,4842,2524,2318,457,235,222,211,93,118,258,137,121,2741,1428,1313
MONTGOMERY COUNTY,339,15 Years,8419,4318,4101,4755,2466,2289,459,231,228,213,89,124,263,149,114,2729,1383,1346
MONTGOMERY COUNTY,339,16 Years,8431,4337,4094,4734,2443,2291,464,261,203,232,97,135,260,137,123,2741,1399,1342
MONTGOMERY COUNTY,339,17 Years,8253,4229,4024,4747,2468,2279,445,229,216,220,101,119,245,121,124,2596,1310,1286
MONTGOMERY COUNTY,339,18 Years,7660,3995,3665,4374,2288,2086,449,225,224,172,81,91,225,109,116,2440,1292,1148
MONTGOMERY COUNTY,339,19 Years,6800,3540,3260,3859,1991,1868,414,216,198,160,81,79,208,103,105,2159,1149,1010
MONTGOMERY COUNTY,339,20 Years,6675,3483,3192,3725,1961,1764,398,206,192,156,74,82,217,107,110,2179,1135,1044
MONTGOMERY COUNTY,339,21 Years,6800,3468,3332,3838,1964,1874,426,220,206,172,86,86,227,115,112,2137,1083,1054
MONTGOMERY COUNTY,339,22 Years,6961,3492,3469,4108,2069,2039,396,203,193,166,81,85,226,105,121,2065,1034,1031
MONTGOMERY COUNTY,339,23 Years,7337,3653,3684,4410,2173,2237,424,215,209,209,91,118,203,94,109,2091,1080,1011
MONTGOMERY COUNTY,339,24 Years,7749,3895,3854,4752,2354,2398,448,242,206,234,116,118,192,81,111,2123,1102,1021
MONTGOMERY COUNTY,339,25 Years,7759,3918,3841,4899,2469,2430,426,218,208,194,91,103,169,82,87,2071,1058,1013
MONTGOMERY COUNTY,339,26 Years,7298,3705,3593,4503,2270,2233,391,209,182,192,88,104,161,91,70,2051,1047,1004
MONTGOMERY COUNTY,339,27 Years,7212,3679,3533,4518,2304,2214,359,176,183,222,89,133,133,62,71,1980,1048,932
MONTGOMERY COUNTY,339,28 Years,7085,3617,3468,4496,2297,2199,344,167,177,219,82,137,113,53,60,1913,1018,895
MONTGOMERY COUNTY,339,29 Years,6981,3503,3478,4492,2239,2253,315,155,160,207,101,106,155,67,88,1812,941,871
MONTGOMERY COUNTY,339,30 Years,7214,3587,3627,4733,2302,2431,321,147,174,211,111,100,146,64,82,1803,963,840
MONTGOMERY COUNTY,339,31 Years,7224,3583,3641,4679,2283,2396,333,159,174,195,114,81,116,54,62,1901,973,928
MONTGOMERY COUNTY,339,32 Years,7320,3732,3588,4644,2343,2301,377,202,175,230,128,102,121,54,67,1948,1005,943
MONTGOMERY COUNTY,339,33 Years,7324,3659,3665,4760,2347,2413,350,174,176,250,108,142,129,67,62,1835,963,872
MONTGOMERY COUNTY,339,34 Years,7540,3762,3778,4823,2388,2435,348,163,185,278,129,149,115,59,56,1976,1023,953
MONTGOMERY COUNTY,339,35 Years,7790,3914,3876,4951,2449,2502,357,186,171,300,145,155,118,59,59,2064,1075,989
MONTGOMERY COUNTY,339,36 Years,7754,3890,3864,4896,2423,2473,414,222,192,293,116,177,129,63,66,2022,1066,956
MONTGOMERY COUNTY,339,37 Years,7780,3909,3871,4947,2438,2509,430,203,227,270,124,146,143,65,78,1990,1079,911
MONTGOMERY COUNTY,339,38 Years,7516,3749,3767,4738,2347,2391,381,182,199,284,137,147,131,69,62,1982,1014,968
MONTGOMERY COUNTY,339,39 Years,7391,3567,3824,4631,2230,2401,379,192,187,278,115,163,113,48,65,1990,982,1008
MONTGOMERY COUNTY,339,40 Years,7464,3676,3788,4662,2318,2344,388,185,203,313,144,169,125,61,64,1976,968,1008
MONTGOMERY COUNTY,339,41 Years,7386,3674,3712,4597,2302,2295,370,174,196,261,123,138,126,55,71,2032,1020,1012
MONTGOMERY COUNTY,339,42 Years,7535,3764,3771,4768,2407,2361,349,173,176,270,107,163,114,46,68,2034,1031,1003
MONTGOMERY COUNTY,339,43 Years,7442,3617,3825,4677,2311,2366,386,184,202,292,103,189,119,46,73,1968,973,995
MONTGOMERY COUNTY,339,44 Years,7461,3617,3844,4623,2279,2344,389,178,211,320,136,184,103,49,54,2026,975,1051
MONTGOMERY COUNTY,339,45 Years,7811,3823,3988,5077,2495,2582,382,196,186,336,147,189,105,40,65,1911,945,966
MONTGOMERY COUNTY,339,46 Years,8145,4008,4137,5466,2711,2755,392,186,206,306,124,182,124,61,63,1857,926,931
MONTGOMERY COUNTY,339,47 Years,8133,4009,4124,5497,2719,2778,382,193,189,284,114,170,144,69,75,1826,914,912
MONTGOMERY COUNTY,339,48 Years,7756,3821,3935,5247,2593,2654,343,169,174,278,124,154,134,63,71,1754,872,882
MONTGOMERY COUNTY,339,49 Years,7467,3670,3797,5056,2502,2554,342,164,178,262,111,151,127,61,66,1680,832,848
MONTGOMERY COUNTY,339,50 Years,7346,3682,3664,5074,2537,2537,322,168,154,233,109,124,105,51,54,1612,817,795
MONTGOMERY COUNTY,339,51 Years,7271,3595,3676,5114,2498,2616,331,159,172,230,105,125,102,48,54,1494,785,709
MONTGOMERY COUNTY,339,52 Years,7552,3686,3866,5367,2624,2743,335,155,180,232,93,139,112,51,61,1506,763,743
MONTGOMERY COUNTY,339,53 Years,7687,3805,3882,5561,2756,2805,339,161,178,216,87,129,123,58,65,1448,743,705
MONTGOMERY COUNTY,339,54 Years,7670,3762,3908,5668,2812,2856,354,142,212,197,84,113,111,44,67,1340,680,660
MONTGOMERY COUNTY,339,55 Years,7660,3787,3873,5758,2866,2892,326,141,185,189,76,113,122,46,76,1265,658,607
MONTGOMERY COUNTY,339,56 Years,7701,3778,3923,5834,2870,2964,329,155,174,179,69,110,127,58,69,1232,626,606
MONTGOMERY COUNTY,339,57 Years,7586,3771,3815,5862,2926,2936,307,144,163,167,79,88,125,60,65,1125,562,563
MONTGOMERY COUNTY,339,58 Years,7351,3588,3763,5781,2833,2948,290,131,159,160,73,87,122,64,58,998,487,511
MONTGOMERY COUNTY,339,59 Years,7432,3669,3763,5889,2907,2982,297,130,167,160,66,94,115,65,50,971,501,470
MONTGOMERY COUNTY,339,60 Years,7117,3553,3564,5645,2819,2826,315,147,168,163,68,95,104,54,50,890,465,425
MONTGOMERY COUNTY,339,61 Years,6876,3358,3518,5447,2681,2766,324,154,170,134,59,75,131,58,73,840,406,434
MONTGOMERY COUNTY,339,62 Years,6608,3159,3449,5284,2529,2755,297,139,158,120,57,63,104,51,53,803,383,420
MONTGOMERY COUNTY,339,63 Years,6195,2994,3201,5043,2446,2597,254,116,138,128,63,65,91,42,49,679,327,352
MONTGOMERY COUNTY,339,64 Years,5970,2875,3095,4845,2349,2496,245,108,137,148,66,82,105,42,63,627,310,317
MONTGOMERY COUNTY,339,65 Years,5821,2769,3052,4784,2288,2496,240,105,135,137,54,83,94,45,49,566,277,289
MONTGOMERY COUNTY,339,66 Years,5433,2562,2871,4475,2122,2353,217,93,124,129,46,83,84,46,38,528,255,273
MONTGOMERY COUNTY,339,67 Years,5201,2483,2718,4298,2056,2242,208,96,112,120,52,68,74,35,39,501,244,257
MONTGOMERY COUNTY,339,68 Years,5033,2383,2650,4244,2005,2239,173,84,89,94,45,49,67,28,39,455,221,234
MONTGOMERY COUNTY,339,69 Years,5219,2467,2752,4439,2107,2332,191,108,83,111,41,70,56,22,34,422,189,233
MONTGOMERY COUNTY,339,70 Years,5025,2444,2581,4312,2101,2211,183,95,88,98,43,55,57,29,28,375,176,199
MONTGOMERY COUNTY,339,71 Years,3939,1870,2069,3381,1616,1765,128,62,66,79,33,46,50,22,28,301,137,164
MONTGOMERY COUNTY,339,72 Years,3725,1735,1990,3185,1495,1690,123,63,60,82,30,52,36,13,23,299,134,165
MONTGOMERY COUNTY,339,73 Years,3629,1678,1951,3125,1460,1665,114,49,65,81,37,44,31,14,17,278,118,160
MONTGOMERY COUNTY,339,74 Years,3470,1588,1882,3014,1392,1622,108,48,60,56,23,33,33,15,18,259,110,149
MONTGOMERY COUNTY,339,75 Years,3193,1412,1781,2790,1246,1544,99,42,57,50,18,32,27,13,14,227,93,134
MONTGOMERY COUNTY,339,76 Years,2802,1284,1518,2441,1122,1319,89,38,51,44,19,25,22,10,12,206,95,111
MONTGOMERY COUNTY,339,77 Years,2461,1121,1340,2128,968,1160,71,28,43,47,24,23,20,9,11,195,92,103
MONTGOMERY COUNTY,339,78 Years,2318,1055,1263,1963,896,1067,68,31,37,59,35,24,26,9,17,202,84,118
MONTGOMERY COUNTY,339,79 Years,2118,940,1178,1847,822,1025,54,25,29,35,21,14,19,7,12,163,65,98
MONTGOMERY COUNTY,339,80 Years,1915,828,1087,1684,732,952,47,14,33,32,17,15,15,7,8,137,58,79
MONTGOMERY COUNTY,339,81 Years,1707,734,973,1484,648,836,41,11,30,26,15,11,15,6,9,141,54,87
MONTGOMERY COUNTY,339,82 Years,1589,669,920,1393,593,800,44,19,25,17,8,9,13,5,8,122,44,78
MONTGOMERY COUNTY,339,83 Years,1462,600,862,1282,537,745,52,17,35,18,4,14,16,5,11,94,37,57
MONTGOMERY COUNTY,339,84 Years,1271,501,770,1127,443,684,48,17,31,17,9,8,11,4,7,68,28,40
MONTGOMERY COUNTY,339,85 Years,1155,479,676,1023,425,598,35,15,20,15,8,7,9,4,5,73,27,46
MONTGOMERY COUNTY,339,86 Years,1029,419,610,913,372,541,26,11,15,11,6,5,10,4,6,69,26,43
MONTGOMERY COUNTY,339,87 Years,969,350,619,856,311,545,27,11,16,8,4,4,9,3,6,69,21,48
MONTGOMERY COUNTY,339,88 Years,800,293,507,703,256,447,25,10,15,8,4,4,6,2,4,58,21,37
MONTGOMERY COUNTY,339,89 Years,705,255,450,629,228,401,19,6,13,8,3,5,5,2,3,44,16,28
MONTGOMERY COUNTY,339,90 Years,574,184,390,516,165,351,15,4,11,9,3,6,4,2,2,30,10,20
MONTGOMERY COUNTY,339,91 Years,454,142,312,407,126,281,13,3,10,7,2,5,4,2,2,23,9,14
MONTGOMERY COUNTY,339,92 Years,404,117,287,364,107,257,10,2,8,3,1,2,4,2,2,23,5,18
MONTGOMERY COUNTY,339,93 Years,297,89,208,268,82,186,8,2,6,3,2,1,2,0,2,16,3,13
MONTGOMERY COUNTY,339,94 Years,220,68,152,194,59,135,9,2,7,3,2,1,1,0,1,13,5,8
MONTGOMERY COUNTY,339,95 Years +,520,117,403,447,95,352,23,5,18,9,4,5,4,1,3,37,12,25
MOORE COUNTY,341,All Ages,22908,11792,11116,7502,3703,3799,438,277,161,2073,1056,1017,433,257,176,12462,6499,5963
MOORE COUNTY,341,< 1 Year,361,170,191,74,30,44,27,8,19,5,2,3,3,1,2,252,129,123
MOORE COUNTY,341,1 Years,362,183,179,75,33,42,22,9,13,20,10,10,3,2,1,242,129,113
MOORE COUNTY,341,2 Years,394,195,199,81,36,45,19,7,12,42,19,23,3,1,2,249,132,117
MOORE COUNTY,341,3 Years,406,198,208,84,40,44,17,8,9,65,26,39,4,1,3,236,123,113
MOORE COUNTY,341,4 Years,400,196,204,80,40,40,15,8,7,71,32,39,4,2,2,230,114,116
MOORE COUNTY,341,5 Years,378,187,191,80,39,41,19,9,10,57,29,28,5,2,3,217,108,109
MOORE COUNTY,341,6 Years,355,181,174,78,38,40,11,6,5,50,28,22,5,3,2,211,106,105
MOORE COUNTY,341,7 Years,325,180,145,77,45,32,8,3,5,41,35,6,4,2,2,195,95,100
MOORE COUNTY,341,8 Years,386,202,184,91,44,47,5,2,3,45,22,23,5,5,0,240,129,111
MOORE COUNTY,341,9 Years,418,211,207,78,40,38,4,2,2,56,32,24,8,3,5,272,134,138
MOORE COUNTY,341,10 Years,413,225,188,102,54,48,3,2,1,55,31,24,7,3,4,246,135,111
MOORE COUNTY,341,11 Years,398,210,188,100,54,46,3,2,1,40,19,21,9,5,4,246,130,116
MOORE COUNTY,341,12 Years,408,209,199,97,51,46,4,2,2,45,26,19,8,5,3,254,125,129
MOORE COUNTY,341,13 Years,380,198,182,81,42,39,4,2,2,39,19,20,8,6,2,248,129,119
MOORE COUNTY,341,14 Years,376,197,179,84,45,39,4,3,1,39,20,19,7,4,3,242,125,117
MOORE COUNTY,341,15 Years,359,190,169,87,49,38,5,5,0,42,18,24,7,2,5,218,116,102
MOORE COUNTY,341,16 Years,368,203,165,85,47,38,4,2,2,45,19,26,8,2,6,226,133,93
MOORE COUNTY,341,17 Years,343,185,158,82,51,31,1,0,1,37,14,23,7,3,4,216,117,99
MOORE COUNTY,341,18 Years,340,187,153,83,47,36,1,1,0,39,15,24,6,5,1,211,119,92
MOORE COUNTY,341,19 Years,322,180,142,75,38,37,2,1,1,32,14,18,7,5,2,206,122,84
MOORE COUNTY,341,20 Years,330,176,154,67,34,33,6,2,4,46,25,21,4,3,1,207,112,95
MOORE COUNTY,341,21 Years,321,178,143,68,39,29,4,2,2,30,18,12,3,3,0,216,116,100
MOORE COUNTY,341,22 Years,345,187,158,77,41,36,5,3,2,34,16,18,4,2,2,225,125,100
MOORE COUNTY,341,23 Years,325,165,160,77,36,41,4,3,1,37,16,21,6,5,1,201,105,96
MOORE COUNTY,341,24 Years,339,176,163,91,43,48,5,5,0,28,9,19,5,4,1,210,115,95
MOORE COUNTY,341,25 Years,342,176,166,101,48,53,3,3,0,34,16,18,4,3,1,200,106,94
MOORE COUNTY,341,26 Years,345,179,166,97,46,51,13,8,5,40,21,19,4,3,1,191,101,90
MOORE COUNTY,341,27 Years,362,192,170,87,47,40,11,9,2,56,30,26,4,3,1,204,103,101
MOORE COUNTY,341,28 Years,354,205,149,89,46,43,17,15,2,49,35,14,2,1,1,197,108,89
MOORE COUNTY,341,29 Years,329,208,121,84,46,38,18,18,0,52,42,10,4,4,0,171,98,73
MOORE COUNTY,341,30 Years,325,182,143,83,43,40,15,13,2,45,23,22,7,5,2,175,98,77
MOORE COUNTY,341,31 Years,306,174,132,76,41,35,17,13,4,26,13,13,9,9,0,178,98,80
MOORE COUNTY,341,32 Years,307,170,137,76,39,37,16,14,2,35,18,17,8,6,2,172,93,79
MOORE COUNTY,341,33 Years,318,165,153,82,44,38,4,4,0,33,15,18,8,6,2,191,96,95
MOORE COUNTY,341,34 Years,337,164,173,93,44,49,4,2,2,45,27,18,7,3,4,188,88,100
MOORE COUNTY,341,35 Years,337,157,180,98,51,47,6,3,3,41,23,18,7,2,5,185,78,107
MOORE COUNTY,341,36 Years,294,142,152,80,34,46,7,5,2,32,13,19,9,8,1,166,82,84
MOORE COUNTY,341,37 Years,282,141,141,81,38,43,4,4,0,37,16,21,8,8,0,152,75,77
MOORE COUNTY,341,38 Years,276,141,135,88,44,44,3,3,0,31,11,20,11,6,5,143,77,66
MOORE COUNTY,341,39 Years,292,142,150,86,39,47,4,3,1,32,14,18,11,6,5,159,80,79
MOORE COUNTY,341,40 Years,269,143,126,80,35,45,4,4,0,34,17,17,6,5,1,145,82,63
MOORE COUNTY,341,41 Years,270,137,133,85,44,41,3,1,2,37,13,24,5,4,1,140,75,65
MOORE COUNTY,341,42 Years,284,142,142,78,38,40,4,2,2,35,16,19,5,2,3,162,84,78
MOORE COUNTY,341,43 Years,253,129,124,75,38,37,3,3,0,20,12,8,6,2,4,149,74,75
MOORE COUNTY,341,44 Years,261,136,125,70,35,35,5,4,1,28,14,14,4,2,2,154,81,73
MOORE COUNTY,341,45 Years,243,128,115,79,41,38,3,3,0,21,12,9,7,3,4,133,69,64
MOORE COUNTY,341,46 Years,272,141,131,89,45,44,4,3,1,25,9,16,6,4,2,148,80,68
MOORE COUNTY,341,47 Years,286,151,135,101,52,49,4,3,1,19,10,9,3,2,1,159,84,75
MOORE COUNTY,341,48 Years,271,136,135,97,43,54,3,2,1,12,7,5,3,2,1,156,82,74
MOORE COUNTY,341,49 Years,256,124,132,80,33,47,4,3,1,14,8,6,6,5,1,152,75,77
MOORE COUNTY,341,50 Years,246,122,124,75,37,38,5,3,2,11,5,6,5,4,1,150,73,77
MOORE COUNTY,341,51 Years,253,145,108,84,49,35,6,4,2,7,2,5,5,5,0,151,85,66
MOORE COUNTY,341,52 Years,259,138,121,86,46,40,2,1,1,13,8,5,7,3,4,151,80,71
MOORE COUNTY,341,53 Years,277,137,140,109,54,55,2,1,1,26,10,16,6,5,1,134,67,67
MOORE COUNTY,341,54 Years,292,147,145,107,55,52,3,2,1,16,6,10,1,1,0,165,83,82
MOORE COUNTY,341,55 Years,266,136,130,111,63,48,4,3,1,13,7,6,4,1,3,134,62,72
MOORE COUNTY,341,56 Years,252,132,120,118,60,58,3,2,1,13,8,5,5,1,4,113,61,52
MOORE COUNTY,341,57 Years,265,135,130,125,61,64,4,2,2,14,10,4,7,4,3,115,58,57
MOORE COUNTY,341,58 Years,242,113,129,116,53,63,4,0,4,10,6,4,8,5,3,104,49,55
MOORE COUNTY,341,59 Years,250,131,119,126,64,62,4,2,2,9,6,3,4,2,2,107,57,50
MOORE COUNTY,341,60 Years,240,124,116,119,57,62,2,2,0,6,4,2,5,2,3,108,59,49
MOORE COUNTY,341,61 Years,240,115,125,116,52,64,1,0,1,6,3,3,6,4,2,111,56,55
MOORE COUNTY,341,62 Years,253,134,119,125,62,63,4,3,1,8,6,2,5,2,3,111,61,50
MOORE COUNTY,341,63 Years,219,118,101,117,58,59,2,1,1,5,4,1,7,4,3,88,51,37
MOORE COUNTY,341,64 Years,194,101,93,114,58,56,0,0,0,2,1,1,5,2,3,73,40,33
MOORE COUNTY,341,65 Years,193,93,100,114,58,56,0,0,0,4,1,3,4,0,4,71,34,37
MOORE COUNTY,341,66 Years,177,88,89,110,55,55,0,0,0,3,1,2,4,1,3,60,31,29
MOORE COUNTY,341,67 Years,173,90,83,93,44,49,1,1,0,4,3,1,3,3,0,72,39,33
MOORE COUNTY,341,68 Years,160,77,83,96,43,53,2,2,0,3,2,1,2,1,1,57,29,28
MOORE COUNTY,341,69 Years,156,71,85,94,39,55,1,1,0,1,1,0,6,4,2,54,26,28
MOORE COUNTY,341,70 Years,148,70,78,89,43,46,0,0,0,3,0,3,7,6,1,49,21,28
MOORE COUNTY,341,71 Years,119,56,63,69,35,34,0,0,0,2,0,2,4,1,3,44,20,24
MOORE COUNTY,341,72 Years,115,57,58,73,36,37,2,2,0,2,1,1,2,1,1,36,17,19
MOORE COUNTY,341,73 Years,116,57,59,85,42,43,0,0,0,1,1,0,1,1,0,29,13,16
MOORE COUNTY,341,74 Years,96,46,50,66,31,35,0,0,0,2,1,1,0,0,0,28,14,14
MOORE COUNTY,341,75 Years,99,46,53,71,34,37,1,0,1,2,2,0,1,0,1,24,10,14
MOORE COUNTY,341,76 Years,94,44,50,64,29,35,1,1,0,3,2,1,1,1,0,25,11,14
MOORE COUNTY,341,77 Years,96,50,46,62,31,31,1,1,0,3,2,1,2,2,0,28,14,14
MOORE COUNTY,341,78 Years,90,40,50,66,29,37,1,1,0,0,0,0,1,1,0,22,9,13
MOORE COUNTY,341,79 Years,81,34,47,61,27,34,0,0,0,0,0,0,0,0,0,20,7,13
MOORE COUNTY,341,80 Years,73,31,42,53,25,28,0,0,0,0,0,0,1,0,1,19,6,13
MOORE COUNTY,341,81 Years,70,30,40,50,22,28,1,0,1,0,0,0,1,0,1,18,8,10
MOORE COUNTY,341,82 Years,72,30,42,52,23,29,0,0,0,2,0,2,3,0,3,15,7,8
MOORE COUNTY,341,83 Years,54,28,26,40,19,21,0,0,0,1,1,0,1,1,0,12,7,5
MOORE COUNTY,341,84 Years,51,24,27,39,17,22,0,0,0,0,0,0,0,0,0,12,7,5
MOORE COUNTY,341,85 Years,54,27,27,40,17,23,0,0,0,1,1,0,2,0,2,11,9,2
MOORE COUNTY,341,86 Years,43,18,25,29,11,18,0,0,0,1,0,1,2,0,2,11,7,4
MOORE COUNTY,341,87 Years,40,19,21,28,12,16,0,0,0,1,0,1,2,1,1,9,6,3
MOORE COUNTY,341,88 Years,31,11,20,25,9,16,0,0,0,0,0,0,2,1,1,4,1,3
MOORE COUNTY,341,89 Years,33,11,22,24,9,15,0,0,0,0,0,0,1,0,1,8,2,6
MOORE COUNTY,341,90 Years,21,8,13,16,6,10,0,0,0,0,0,0,1,1,0,4,1,3
MOORE COUNTY,341,91 Years,20,8,12,15,5,10,0,0,0,1,1,0,1,1,0,3,1,2
MOORE COUNTY,341,92 Years,14,6,8,10,3,7,0,0,0,0,0,0,1,1,0,3,2,1
MOORE COUNTY,341,93 Years,13,5,8,8,3,5,0,0,0,0,0,0,1,0,1,4,2,2
MOORE COUNTY,341,94 Years,11,5,6,8,3,5,0,0,0,0,0,0,1,0,1,2,2,0
MOORE COUNTY,341,95 Years +,24,10,14,15,4,11,0,0,0,1,1,0,1,1,0,7,4,3
MORRIS COUNTY,343,All Ages,12498,6090,6408,8137,3897,4240,2742,1353,1389,42,19,23,417,217,200,1160,604,556
MORRIS COUNTY,343,< 1 Year,160,88,72,82,44,38,33,21,12,0,0,0,19,10,9,26,13,13
MORRIS COUNTY,343,1 Years,162,91,71,80,44,36,34,21,13,0,0,0,22,13,9,26,13,13
MORRIS COUNTY,343,2 Years,155,85,70,77,40,37,33,21,12,0,0,0,21,11,10,24,13,11
MORRIS COUNTY,343,3 Years,157,86,71,80,41,39,36,23,13,0,0,0,17,10,7,24,12,12
MORRIS COUNTY,343,4 Years,154,81,73,81,42,39,38,23,15,0,0,0,12,6,6,23,10,13
MORRIS COUNTY,343,5 Years,161,86,75,88,47,41,41,24,17,0,0,0,9,4,5,23,11,12
MORRIS COUNTY,343,6 Years,159,89,70,88,46,42,39,25,14,0,0,0,10,6,4,22,12,10
MORRIS COUNTY,343,7 Years,170,87,83,89,45,44,42,24,18,0,0,0,13,8,5,26,10,16
MORRIS COUNTY,343,8 Years,152,85,67,77,40,37,32,21,11,0,0,0,14,8,6,29,16,13
MORRIS COUNTY,343,9 Years,143,79,64,75,40,35,32,20,12,1,0,1,10,5,5,25,14,11
MORRIS COUNTY,343,10 Years,163,85,78,93,46,47,31,18,13,0,0,0,11,6,5,28,15,13
MORRIS COUNTY,343,11 Years,168,82,86,101,50,51,23,10,13,0,0,0,9,3,6,35,19,16
MORRIS COUNTY,343,12 Years,133,66,67,75,39,36,33,17,16,0,0,0,4,2,2,21,8,13
MORRIS COUNTY,343,13 Years,166,86,80,99,51,48,34,18,16,1,1,0,9,6,3,23,10,13
MORRIS COUNTY,343,14 Years,153,90,63,80,44,36,40,26,14,1,1,0,6,4,2,26,15,11
MORRIS COUNTY,343,15 Years,127,70,57,73,41,32,26,14,12,0,0,0,9,4,5,19,11,8
MORRIS COUNTY,343,16 Years,138,78,60,83,45,38,35,23,12,0,0,0,5,2,3,15,8,7
MORRIS COUNTY,343,17 Years,139,72,67,77,40,37,30,15,15,1,1,0,8,3,5,23,13,10
MORRIS COUNTY,343,18 Years,138,72,66,71,38,33,24,12,12,2,1,1,11,5,6,30,16,14
MORRIS COUNTY,343,19 Years,129,69,60,72,37,35,28,17,11,0,0,0,7,4,3,22,11,11
MORRIS COUNTY,343,20 Years,122,58,64,62,28,34,29,15,14,2,0,2,7,4,3,22,11,11
MORRIS COUNTY,343,21 Years,133,67,66,64,31,33,42,20,22,1,0,1,6,3,3,20,13,7
MORRIS COUNTY,343,22 Years,136,68,68,67,33,34,46,23,23,0,0,0,3,1,2,20,11,9
MORRIS COUNTY,343,23 Years,135,66,69,65,29,36,41,21,20,0,0,0,4,2,2,25,14,11
MORRIS COUNTY,343,24 Years,145,72,73,71,33,38,44,26,18,1,1,0,5,3,2,24,9,15
MORRIS COUNTY,343,25 Years,170,85,85,94,43,51,48,28,20,0,0,0,4,1,3,24,13,11
MORRIS COUNTY,343,26 Years,154,73,81,89,39,50,39,20,19,1,1,0,4,2,2,21,11,10
MORRIS COUNTY,343,27 Years,138,63,75,83,36,47,42,22,20,0,0,0,1,0,1,12,5,7
MORRIS COUNTY,343,28 Years,150,71,79,87,37,50,40,22,18,1,1,0,4,1,3,18,10,8
MORRIS COUNTY,343,29 Years,140,79,61,88,51,37,32,18,14,1,1,0,5,3,2,14,6,8
MORRIS COUNTY,343,30 Years,122,70,52,78,46,32,30,18,12,0,0,0,4,2,2,10,4,6
MORRIS COUNTY,343,31 Years,118,54,64,75,36,39,30,13,17,0,0,0,1,1,0,12,4,8
MORRIS COUNTY,343,32 Years,121,62,59,80,38,42,26,14,12,0,0,0,3,3,0,12,7,5
MORRIS COUNTY,343,33 Years,134,64,70,91,40,51,24,14,10,0,0,0,3,3,0,16,7,9
MORRIS COUNTY,343,34 Years,149,70,79,98,42,56,29,15,14,0,0,0,5,4,1,17,9,8
MORRIS COUNTY,343,35 Years,146,76,70,94,47,47,33,18,15,0,0,0,5,2,3,14,9,5
MORRIS COUNTY,343,36 Years,153,78,75,99,49,50,35,19,16,0,0,0,5,2,3,14,8,6
MORRIS COUNTY,343,37 Years,136,67,69,92,45,47,28,13,15,1,1,0,2,0,2,13,8,5
MORRIS COUNTY,343,38 Years,137,71,66,90,48,42,34,14,20,1,1,0,1,1,0,11,7,4
MORRIS COUNTY,343,39 Years,125,57,68,83,37,46,29,12,17,1,1,0,1,1,0,11,6,5
MORRIS COUNTY,343,40 Years,107,49,58,72,32,40,21,10,11,0,0,0,1,1,0,13,6,7
MORRIS COUNTY,343,41 Years,118,49,69,75,33,42,29,9,20,0,0,0,0,0,0,14,7,7
MORRIS COUNTY,343,42 Years,144,64,80,86,39,47,34,12,22,0,0,0,5,2,3,19,11,8
MORRIS COUNTY,343,43 Years,138,59,79,91,41,50,29,9,20,0,0,0,2,1,1,16,8,8
MORRIS COUNTY,343,44 Years,144,64,80,94,44,50,29,10,19,0,0,0,3,3,0,18,7,11
MORRIS COUNTY,343,45 Years,145,66,79,96,40,56,33,16,17,0,0,0,3,2,1,13,8,5
MORRIS COUNTY,343,46 Years,149,78,71,98,52,46,35,18,17,1,1,0,2,1,1,13,6,7
MORRIS COUNTY,343,47 Years,162,74,88,110,47,63,34,18,16,1,1,0,3,0,3,14,8,6
MORRIS COUNTY,343,48 Years,140,62,78,89,38,51,33,16,17,0,0,0,1,0,1,17,8,9
MORRIS COUNTY,343,49 Years,128,56,72,82,39,43,28,10,18,1,0,1,4,2,2,13,5,8
MORRIS COUNTY,343,50 Years,120,62,58,72,36,36,27,11,16,1,0,1,6,6,0,14,9,5
MORRIS COUNTY,343,51 Years,134,66,68,91,46,45,28,10,18,0,0,0,5,2,3,10,8,2
MORRIS COUNTY,343,52 Years,154,74,80,108,56,52,36,12,24,0,0,0,3,1,2,7,5,2
MORRIS COUNTY,343,53 Years,153,78,75,110,58,52,31,14,17,3,1,2,2,1,1,7,4,3
MORRIS COUNTY,343,54 Years,157,78,79,111,56,55,30,14,16,1,0,1,2,2,0,13,6,7
MORRIS COUNTY,343,55 Years,161,70,91,110,50,60,40,14,26,0,0,0,4,2,2,7,4,3
MORRIS COUNTY,343,56 Years,179,78,101,124,55,69,42,14,28,3,2,1,2,2,0,8,5,3
MORRIS COUNTY,343,57 Years,177,84,93,128,64,64,41,16,25,1,1,0,1,1,0,6,2,4
MORRIS COUNTY,343,58 Years,199,94,105,132,64,68,50,23,27,0,0,0,4,0,4,13,7,6
MORRIS COUNTY,343,59 Years,178,83,95,121,58,63,49,22,27,0,0,0,2,0,2,6,3,3
MORRIS COUNTY,343,60 Years,177,76,101,130,54,76,39,19,20,0,0,0,3,0,3,5,3,2
MORRIS COUNTY,343,61 Years,193,89,104,139,60,79,36,18,18,1,0,1,5,2,3,12,9,3
MORRIS COUNTY,343,62 Years,190,87,103,149,68,81,31,13,18,0,0,0,2,1,1,8,5,3
MORRIS COUNTY,343,63 Years,174,84,90,133,64,69,33,15,18,1,0,1,1,1,0,6,4,2
MORRIS COUNTY,343,64 Years,182,102,80,133,77,56,36,17,19,1,1,0,2,0,2,10,7,3
MORRIS COUNTY,343,65 Years,183,90,93,136,68,68,38,16,22,0,0,0,3,2,1,6,4,2
MORRIS COUNTY,343,66 Years,161,79,82,119,57,62,32,16,16,0,0,0,2,2,0,8,4,4
MORRIS COUNTY,343,67 Years,149,73,76,113,58,55,29,13,16,0,0,0,2,0,2,5,2,3
MORRIS COUNTY,343,68 Years,167,68,99,126,54,72,31,12,19,1,0,1,5,1,4,4,1,3
MORRIS COUNTY,343,69 Years,167,75,92,123,55,68,39,19,20,0,0,0,4,1,3,1,0,1
MORRIS COUNTY,343,70 Years,149,73,76,111,55,56,30,16,14,3,0,3,2,1,1,3,1,2
MORRIS COUNTY,343,71 Years,125,61,64,92,46,46,28,13,15,0,0,0,1,0,1,4,2,2
MORRIS COUNTY,343,72 Years,131,57,74,105,46,59,20,10,10,0,0,0,3,1,2,3,0,3
MORRIS COUNTY,343,73 Years,127,55,72,102,45,57,23,10,13,0,0,0,2,0,2,0,0,0
MORRIS COUNTY,343,74 Years,125,60,65,100,45,55,23,14,9,1,0,1,0,0,0,1,1,0
MORRIS COUNTY,343,75 Years,125,62,63,97,43,54,22,14,8,1,0,1,2,2,0,3,3,0
MORRIS COUNTY,343,76 Years,123,57,66,97,42,55,18,10,8,0,0,0,3,2,1,5,3,2
MORRIS COUNTY,343,77 Years,103,44,59,78,35,43,19,7,12,3,0,3,2,2,0,1,0,1
MORRIS COUNTY,343,78 Years,101,41,60,82,34,48,16,6,10,1,0,1,2,1,1,0,0,0
MORRIS COUNTY,343,79 Years,101,40,61,81,31,50,16,5,11,1,1,0,2,2,0,1,1,0
MORRIS COUNTY,343,80 Years,104,43,61,87,37,50,13,4,9,0,0,0,1,1,0,3,1,2
MORRIS COUNTY,343,81 Years,89,42,47,75,37,38,12,4,8,0,0,0,1,1,0,1,0,1
MORRIS COUNTY,343,82 Years,78,37,41,61,31,30,13,6,7,0,0,0,3,0,3,1,0,1
MORRIS COUNTY,343,83 Years,69,32,37,54,26,28,11,4,7,0,0,0,2,1,1,2,1,1
MORRIS COUNTY,343,84 Years,59,27,32,48,23,25,10,4,6,0,0,0,1,0,1,0,0,0
MORRIS COUNTY,343,85 Years,57,26,31,47,22,25,9,4,5,0,0,0,1,0,1,0,0,0
MORRIS COUNTY,343,86 Years,49,25,24,39,19,20,8,4,4,0,0,0,1,1,0,1,1,0
MORRIS COUNTY,343,87 Years,44,18,26,35,13,22,8,4,4,0,0,0,1,1,0,0,0,0
MORRIS COUNTY,343,88 Years,40,20,20,29,15,14,9,4,5,0,0,0,1,1,0,1,0,1
MORRIS COUNTY,343,89 Years,43,19,24,33,14,19,7,3,4,0,0,0,1,1,0,2,1,1
MORRIS COUNTY,343,90 Years,29,9,20,22,6,16,6,2,4,0,0,0,0,0,0,1,1,0
MORRIS COUNTY,343,91 Years,22,7,15,15,4,11,7,3,4,0,0,0,0,0,0,0,0,0
MORRIS COUNTY,343,92 Years,20,7,13,15,5,10,5,2,3,0,0,0,0,0,0,0,0,0
MORRIS COUNTY,343,93 Years,19,5,14,14,4,10,5,1,4,0,0,0,0,0,0,0,0,0
MORRIS COUNTY,343,94 Years,11,2,9,8,2,6,3,0,3,0,0,0,0,0,0,0,0,0
MORRIS COUNTY,343,95 Years +,34,12,22,18,6,12,13,5,8,0,0,0,2,1,1,1,0,1
MOTLEY COUNTY,345,All Ages,1229,616,613,1021,507,514,26,16,10,0,0,0,10,6,4,172,87,85
MOTLEY COUNTY,345,< 1 Year,15,5,10,15,5,10,0,0,0,0,0,0,0,0,0,0,0,0
MOTLEY COUNTY,345,1 Years,12,2,10,12,2,10,0,0,0,0,0,0,0,0,0,0,0,0
MOTLEY COUNTY,345,2 Years,9,2,7,9,2,7,0,0,0,0,0,0,0,0,0,0,0,0
MOTLEY COUNTY,345,3 Years,7,2,5,4,2,2,0,0,0,0,0,0,0,0,0,3,0,3
MOTLEY COUNTY,345,4 Years,11,5,6,8,4,4,0,0,0,0,0,0,0,0,0,3,1,2
MOTLEY COUNTY,345,5 Years,10,6,4,6,4,2,0,0,0,0,0,0,0,0,0,4,2,2
MOTLEY COUNTY,345,6 Years,12,6,6,9,4,5,0,0,0,0,0,0,0,0,0,3,2,1
MOTLEY COUNTY,345,7 Years,11,9,2,7,6,1,0,0,0,0,0,0,0,0,0,4,3,1
MOTLEY COUNTY,345,8 Years,8,3,5,4,1,3,0,0,0,0,0,0,0,0,0,4,2,2
MOTLEY COUNTY,345,9 Years,15,4,11,9,3,6,0,0,0,0,0,0,0,0,0,6,1,5
MOTLEY COUNTY,345,10 Years,18,8,10,13,6,7,0,0,0,0,0,0,0,0,0,5,2,3
MOTLEY COUNTY,345,11 Years,14,7,7,11,5,6,0,0,0,0,0,0,0,0,0,3,2,1
MOTLEY COUNTY,345,12 Years,14,8,6,10,7,3,1,0,1,0,0,0,0,0,0,3,1,2
MOTLEY COUNTY,345,13 Years,12,8,4,8,6,2,1,0,1,0,0,0,0,0,0,3,2,1
MOTLEY COUNTY,345,14 Years,20,10,10,15,8,7,0,0,0,0,0,0,0,0,0,5,2,3
MOTLEY COUNTY,345,15 Years,17,7,10,14,5,9,0,0,0,0,0,0,0,0,0,3,2,1
MOTLEY COUNTY,345,16 Years,15,7,8,10,5,5,0,0,0,0,0,0,0,0,0,5,2,3
MOTLEY COUNTY,345,17 Years,10,6,4,8,5,3,0,0,0,0,0,0,0,0,0,2,1,1
MOTLEY COUNTY,345,18 Years,15,8,7,10,6,4,0,0,0,0,0,0,0,0,0,5,2,3
MOTLEY COUNTY,345,19 Years,14,9,5,11,8,3,0,0,0,0,0,0,0,0,0,3,1,2
MOTLEY COUNTY,345,20 Years,16,9,7,9,6,3,0,0,0,0,0,0,2,1,1,5,2,3
MOTLEY COUNTY,345,21 Years,14,8,6,9,6,3,0,0,0,0,0,0,0,0,0,5,2,3
MOTLEY COUNTY,345,22 Years,11,8,3,8,5,3,0,0,0,0,0,0,0,0,0,3,3,0
MOTLEY COUNTY,345,23 Years,16,12,4,10,7,3,1,1,0,0,0,0,0,0,0,5,4,1
MOTLEY COUNTY,345,24 Years,13,8,5,9,5,4,1,1,0,0,0,0,0,0,0,3,2,1
MOTLEY COUNTY,345,25 Years,11,8,3,7,5,2,0,0,0,0,0,0,0,0,0,4,3,1
MOTLEY COUNTY,345,26 Years,12,4,8,7,2,5,0,0,0,0,0,0,0,0,0,5,2,3
MOTLEY COUNTY,345,27 Years,8,5,3,5,3,2,0,0,0,0,0,0,0,0,0,3,2,1
MOTLEY COUNTY,345,28 Years,6,4,2,4,3,1,0,0,0,0,0,0,0,0,0,2,1,1
MOTLEY COUNTY,345,29 Years,8,5,3,5,3,2,1,1,0,0,0,0,0,0,0,2,1,1
MOTLEY COUNTY,345,30 Years,15,7,8,13,6,7,1,1,0,0,0,0,0,0,0,1,0,1
MOTLEY COUNTY,345,31 Years,12,5,7,10,4,6,1,1,0,0,0,0,0,0,0,1,0,1
MOTLEY COUNTY,345,32 Years,10,4,6,7,3,4,1,1,0,0,0,0,0,0,0,2,0,2
MOTLEY COUNTY,345,33 Years,9,7,2,6,4,2,0,0,0,0,0,0,0,0,0,3,3,0
MOTLEY COUNTY,345,34 Years,7,6,1,6,5,1,1,1,0,0,0,0,0,0,0,0,0,0
MOTLEY COUNTY,345,35 Years,8,3,5,5,2,3,1,1,0,0,0,0,0,0,0,2,0,2
MOTLEY COUNTY,345,36 Years,10,6,4,9,5,4,0,0,0,0,0,0,0,0,0,1,1,0
MOTLEY COUNTY,345,37 Years,12,7,5,11,6,5,0,0,0,0,0,0,0,0,0,1,1,0
MOTLEY COUNTY,345,38 Years,14,6,8,11,5,6,0,0,0,0,0,0,0,0,0,3,1,2
MOTLEY COUNTY,345,39 Years,13,6,7,11,5,6,0,0,0,0,0,0,0,0,0,2,1,1
MOTLEY COUNTY,345,40 Years,11,3,8,10,3,7,0,0,0,0,0,0,0,0,0,1,0,1
MOTLEY COUNTY,345,41 Years,11,8,3,10,7,3,0,0,0,0,0,0,0,0,0,1,1,0
MOTLEY COUNTY,345,42 Years,17,8,9,13,6,7,0,0,0,0,0,0,1,1,0,3,1,2
MOTLEY COUNTY,345,43 Years,11,6,5,9,5,4,0,0,0,0,0,0,0,0,0,2,1,1
MOTLEY COUNTY,345,44 Years,9,5,4,8,4,4,0,0,0,0,0,0,0,0,0,1,1,0
MOTLEY COUNTY,345,45 Years,11,8,3,10,7,3,0,0,0,0,0,0,0,0,0,1,1,0
MOTLEY COUNTY,345,46 Years,14,8,6,11,6,5,0,0,0,0,0,0,0,0,0,3,2,1
MOTLEY COUNTY,345,47 Years,9,3,6,8,3,5,0,0,0,0,0,0,0,0,0,1,0,1
MOTLEY COUNTY,345,48 Years,9,6,3,7,6,1,0,0,0,0,0,0,0,0,0,2,0,2
MOTLEY COUNTY,345,49 Years,4,3,1,4,3,1,0,0,0,0,0,0,0,0,0,0,0,0
MOTLEY COUNTY,345,50 Years,9,4,5,6,2,4,2,1,1,0,0,0,1,1,0,0,0,0
MOTLEY COUNTY,345,51 Years,11,6,5,8,5,3,0,0,0,0,0,0,3,1,2,0,0,0
MOTLEY COUNTY,345,52 Years,14,6,8,12,5,7,1,1,0,0,0,0,1,0,1,0,0,0
MOTLEY COUNTY,345,53 Years,14,9,5,12,7,5,1,1,0,0,0,0,0,0,0,1,1,0
MOTLEY COUNTY,345,54 Years,17,7,10,14,6,8,0,0,0,0,0,0,0,0,0,3,1,2
MOTLEY COUNTY,345,55 Years,22,12,10,18,11,7,0,0,0,0,0,0,0,0,0,4,1,3
MOTLEY COUNTY,345,56 Years,18,11,7,16,9,7,0,0,0,0,0,0,1,1,0,1,1,0
MOTLEY COUNTY,345,57 Years,15,9,6,14,8,6,0,0,0,0,0,0,1,1,0,0,0,0
MOTLEY COUNTY,345,58 Years,16,11,5,16,11,5,0,0,0,0,0,0,0,0,0,0,0,0
MOTLEY COUNTY,345,59 Years,15,6,9,14,6,8,0,0,0,0,0,0,0,0,0,1,0,1
MOTLEY COUNTY,345,60 Years,14,8,6,13,8,5,0,0,0,0,0,0,0,0,0,1,0,1
MOTLEY COUNTY,345,61 Years,19,9,10,17,7,10,0,0,0,0,0,0,0,0,0,2,2,0
MOTLEY COUNTY,345,62 Years,18,9,9,17,8,9,0,0,0,0,0,0,0,0,0,1,1,0
MOTLEY COUNTY,345,63 Years,12,7,5,11,7,4,0,0,0,0,0,0,0,0,0,1,0,1
MOTLEY COUNTY,345,64 Years,20,11,9,17,10,7,2,1,1,0,0,0,0,0,0,1,0,1
MOTLEY COUNTY,345,65 Years,28,12,16,23,10,13,2,1,1,0,0,0,0,0,0,3,1,2
MOTLEY COUNTY,345,66 Years,19,8,11,16,6,10,0,0,0,0,0,0,0,0,0,3,2,1
MOTLEY COUNTY,345,67 Years,19,12,7,16,9,7,1,1,0,0,0,0,0,0,0,2,2,0
MOTLEY COUNTY,345,68 Years,23,13,10,19,10,9,1,1,0,0,0,0,0,0,0,3,2,1
MOTLEY COUNTY,345,69 Years,14,6,8,13,5,8,0,0,0,0,0,0,0,0,0,1,1,0
MOTLEY COUNTY,345,70 Years,15,6,9,14,6,8,0,0,0,0,0,0,0,0,0,1,0,1
MOTLEY COUNTY,345,71 Years,19,10,9,18,9,9,0,0,0,0,0,0,0,0,0,1,1,0
MOTLEY COUNTY,345,72 Years,21,10,11,19,10,9,0,0,0,0,0,0,0,0,0,2,0,2
MOTLEY COUNTY,345,73 Years,23,12,11,22,12,10,0,0,0,0,0,0,0,0,0,1,0,1
MOTLEY COUNTY,345,74 Years,23,13,10,22,12,10,0,0,0,0,0,0,0,0,0,1,1,0
MOTLEY COUNTY,345,75 Years,19,8,11,17,7,10,1,0,1,0,0,0,0,0,0,1,1,0
MOTLEY COUNTY,345,76 Years,14,5,9,13,5,8,1,0,1,0,0,0,0,0,0,0,0,0
MOTLEY COUNTY,345,77 Years,17,8,9,15,6,9,0,0,0,0,0,0,0,0,0,2,2,0
MOTLEY COUNTY,345,78 Years,14,5,9,13,4,9,0,0,0,0,0,0,0,0,0,1,1,0
MOTLEY COUNTY,345,79 Years,13,5,8,13,5,8,0,0,0,0,0,0,0,0,0,0,0,0
MOTLEY COUNTY,345,80 Years,12,5,7,12,5,7,0,0,0,0,0,0,0,0,0,0,0,0
MOTLEY COUNTY,345,81 Years,10,4,6,10,4,6,0,0,0,0,0,0,0,0,0,0,0,0
MOTLEY COUNTY,345,82 Years,11,4,7,10,3,7,0,0,0,0,0,0,0,0,0,1,1,0
MOTLEY COUNTY,345,83 Years,10,3,7,10,3,7,0,0,0,0,0,0,0,0,0,0,0,0
MOTLEY COUNTY,345,84 Years,10,4,6,10,4,6,0,0,0,0,0,0,0,0,0,0,0,0
MOTLEY COUNTY,345,85 Years,8,3,5,7,3,4,1,0,1,0,0,0,0,0,0,0,0,0
MOTLEY COUNTY,345,86 Years,8,3,5,8,3,5,0,0,0,0,0,0,0,0,0,0,0,0
MOTLEY COUNTY,345,87 Years,8,3,5,8,3,5,0,0,0,0,0,0,0,0,0,0,0,0
MOTLEY COUNTY,345,88 Years,10,4,6,9,4,5,1,0,1,0,0,0,0,0,0,0,0,0
MOTLEY COUNTY,345,89 Years,8,3,5,6,2,4,1,0,1,0,0,0,0,0,0,1,1,0
MOTLEY COUNTY,345,90 Years,6,3,3,6,3,3,0,0,0,0,0,0,0,0,0,0,0,0
MOTLEY COUNTY,345,91 Years,5,2,3,5,2,3,0,0,0,0,0,0,0,0,0,0,0,0
MOTLEY COUNTY,345,92 Years,3,2,1,3,2,1,0,0,0,0,0,0,0,0,0,0,0,0
MOTLEY COUNTY,345,93 Years,4,2,2,4,2,2,0,0,0,0,0,0,0,0,0,0,0,0
MOTLEY COUNTY,345,94 Years,6,3,3,5,2,3,1,1,0,0,0,0,0,0,0,0,0,0
MOTLEY COUNTY,345,95 Years +,5,2,3,5,2,3,0,0,0,0,0,0,0,0,0,0,0,0
NACOGDOCHES COUNTY,347,All Ages,65845,31754,34091,39235,19021,20214,11480,5180,6300,981,425,556,1495,740,755,12654,6388,6266
NACOGDOCHES COUNTY,347,< 1 Year,797,416,381,324,170,154,168,96,72,8,5,3,55,28,27,242,117,125
NACOGDOCHES COUNTY,347,1 Years,811,425,386,322,166,156,171,95,76,13,8,5,55,30,25,250,126,124
NACOGDOCHES COUNTY,347,2 Years,838,430,408,338,169,169,175,90,85,15,9,6,58,31,27,252,131,121
NACOGDOCHES COUNTY,347,3 Years,862,443,419,345,170,175,175,87,88,20,12,8,57,32,25,265,142,123
NACOGDOCHES COUNTY,347,4 Years,859,439,420,343,167,176,173,89,84,16,9,7,49,26,23,278,148,130
NACOGDOCHES COUNTY,347,5 Years,861,445,416,344,164,180,168,89,79,16,10,6,46,28,18,287,154,133
NACOGDOCHES COUNTY,347,6 Years,868,444,424,342,165,177,183,99,84,15,7,8,39,21,18,289,152,137
NACOGDOCHES COUNTY,347,7 Years,834,406,428,333,167,166,180,86,94,18,4,14,34,20,14,269,129,140
NACOGDOCHES COUNTY,347,8 Years,867,425,442,364,172,192,168,83,85,11,5,6,42,26,16,282,139,143
NACOGDOCHES COUNTY,347,9 Years,898,460,438,378,196,182,175,80,95,10,6,4,23,13,10,312,165,147
NACOGDOCHES COUNTY,347,10 Years,839,431,408,379,202,177,148,72,76,8,3,5,25,11,14,279,143,136
NACOGDOCHES COUNTY,347,11 Years,799,419,380,346,186,160,136,73,63,11,6,5,25,11,14,281,143,138
NACOGDOCHES COUNTY,347,12 Years,753,414,339,328,195,133,109,61,48,12,8,4,26,16,10,278,134,144
NACOGDOCHES COUNTY,347,13 Years,695,396,299,328,204,124,78,44,34,11,7,4,33,17,16,245,124,121
NACOGDOCHES COUNTY,347,14 Years,635,348,287,296,171,125,74,47,27,8,3,5,31,16,15,226,111,115
NACOGDOCHES COUNTY,347,15 Years,558,297,261,262,142,120,56,37,19,18,5,13,23,11,12,199,102,97
NACOGDOCHES COUNTY,347,16 Years,650,392,258,347,224,123,69,50,19,16,9,7,17,8,9,201,101,100
NACOGDOCHES COUNTY,347,17 Years,688,363,325,321,190,131,121,52,69,11,5,6,24,9,15,211,107,104
NACOGDOCHES COUNTY,347,18 Years,1607,620,987,795,304,491,442,161,281,9,4,5,57,20,37,304,131,173
NACOGDOCHES COUNTY,347,19 Years,2534,1042,1492,1303,526,777,691,275,416,31,13,18,72,27,45,437,201,236
NACOGDOCHES COUNTY,347,20 Years,2223,937,1286,1243,524,719,541,220,321,26,14,12,55,20,35,358,159,199
NACOGDOCHES COUNTY,347,21 Years,2141,991,1150,1269,594,675,432,177,255,32,18,14,55,33,22,353,169,184
NACOGDOCHES COUNTY,347,22 Years,1858,909,949,1126,563,563,357,153,204,27,15,12,35,19,16,313,159,154
NACOGDOCHES COUNTY,347,23 Years,1406,708,698,854,458,396,249,103,146,21,10,11,20,11,9,262,126,136
NACOGDOCHES COUNTY,347,24 Years,1153,574,579,711,356,355,179,83,96,24,12,12,26,19,7,213,104,109
NACOGDOCHES COUNTY,347,25 Years,992,519,473,591,331,260,157,77,80,28,14,14,16,7,9,200,90,110
NACOGDOCHES COUNTY,347,26 Years,817,469,348,491,286,205,98,59,39,13,5,8,10,9,1,205,110,95
NACOGDOCHES COUNTY,347,27 Years,770,459,311,483,299,184,109,63,46,12,5,7,8,5,3,158,87,71
NACOGDOCHES COUNTY,347,28 Years,673,387,286,394,237,157,117,61,56,13,6,7,6,2,4,143,81,62
NACOGDOCHES COUNTY,347,29 Years,628,307,321,320,149,171,140,61,79,13,7,6,10,4,6,145,86,59
NACOGDOCHES COUNTY,347,30 Years,672,311,361,335,148,187,154,64,90,9,3,6,18,7,11,156,89,67
NACOGDOCHES COUNTY,347,31 Years,678,311,367,352,155,197,144,57,87,9,4,5,14,4,10,159,91,68
NACOGDOCHES COUNTY,347,32 Years,735,347,388,412,201,211,142,63,79,8,4,4,10,3,7,163,76,87
NACOGDOCHES COUNTY,347,33 Years,706,333,373,389,187,202,128,55,73,20,4,16,14,9,5,155,78,77
NACOGDOCHES COUNTY,347,34 Years,700,344,356,405,194,211,111,53,58,12,4,8,18,7,11,154,86,68
NACOGDOCHES COUNTY,347,35 Years,765,367,398,439,207,232,138,68,70,16,2,14,12,4,8,160,86,74
NACOGDOCHES COUNTY,347,36 Years,764,379,385,443,217,226,134,64,70,13,4,9,11,7,4,163,87,76
NACOGDOCHES COUNTY,347,37 Years,735,360,375,454,225,229,114,51,63,9,4,5,4,3,1,154,77,77
NACOGDOCHES COUNTY,347,38 Years,730,342,388,424,208,216,133,57,76,8,2,6,8,3,5,157,72,85
NACOGDOCHES COUNTY,347,39 Years,698,335,363,393,201,192,128,55,73,9,3,6,14,7,7,154,69,85
NACOGDOCHES COUNTY,347,40 Years,659,305,354,369,181,188,109,46,63,8,4,4,14,8,6,159,66,93
NACOGDOCHES COUNTY,347,41 Years,664,317,347,396,194,202,103,42,61,8,5,3,8,4,4,149,72,77
NACOGDOCHES COUNTY,347,42 Years,673,334,339,397,208,189,94,50,44,18,3,15,6,3,3,158,70,88
NACOGDOCHES COUNTY,347,43 Years,597,291,306,347,174,173,88,44,44,15,7,8,8,2,6,139,64,75
NACOGDOCHES COUNTY,347,44 Years,630,299,331,373,182,191,97,45,52,21,5,16,7,4,3,132,63,69
NACOGDOCHES COUNTY,347,45 Years,659,328,331,402,208,194,93,44,49,25,8,17,5,2,3,134,66,68
NACOGDOCHES COUNTY,347,46 Years,706,349,357,440,223,217,116,50,66,13,5,8,7,4,3,130,67,63
NACOGDOCHES COUNTY,347,47 Years,688,332,356,414,199,215,115,53,62,8,3,5,8,3,5,143,74,69
NACOGDOCHES COUNTY,347,48 Years,694,332,362,421,205,216,95,39,56,17,2,15,9,4,5,152,82,70
NACOGDOCHES COUNTY,347,49 Years,667,350,317,405,218,187,107,54,53,9,5,4,13,5,8,133,68,65
NACOGDOCHES COUNTY,347,50 Years,678,336,342,412,208,204,120,58,62,6,4,2,7,3,4,133,63,70
NACOGDOCHES COUNTY,347,51 Years,670,326,344,415,193,222,113,52,61,8,4,4,8,3,5,126,74,52
NACOGDOCHES COUNTY,347,52 Years,746,343,403,455,201,254,128,59,69,19,6,13,7,5,2,137,72,65
NACOGDOCHES COUNTY,347,53 Years,753,348,405,495,225,270,135,58,77,16,9,7,10,4,6,97,52,45
NACOGDOCHES COUNTY,347,54 Years,781,362,419,530,241,289,118,51,67,7,4,3,12,4,8,114,62,52
NACOGDOCHES COUNTY,347,55 Years,742,379,363,499,261,238,116,49,67,11,7,4,8,3,5,108,59,49
NACOGDOCHES COUNTY,347,56 Years,775,368,407,547,263,284,113,44,69,7,4,3,12,3,9,96,54,42
NACOGDOCHES COUNTY,347,57 Years,744,354,390,513,239,274,134,64,70,7,4,3,7,2,5,83,45,38
NACOGDOCHES COUNTY,347,58 Years,723,349,374,506,252,254,121,46,75,8,5,3,11,8,3,77,38,39
NACOGDOCHES COUNTY,347,59 Years,780,373,407,549,263,286,121,45,76,9,4,5,10,8,2,91,53,38
NACOGDOCHES COUNTY,347,60 Years,787,381,406,571,272,299,119,59,60,9,4,5,12,6,6,76,40,36
NACOGDOCHES COUNTY,347,61 Years,726,367,359,511,260,251,127,62,65,18,5,13,11,7,4,59,33,26
NACOGDOCHES COUNTY,347,62 Years,740,355,385,527,257,270,126,58,68,18,1,17,9,1,8,60,38,22
NACOGDOCHES COUNTY,347,63 Years,747,350,397,543,259,284,120,49,71,13,3,10,9,4,5,62,35,27
NACOGDOCHES COUNTY,347,64 Years,741,358,383,551,270,281,117,53,64,9,5,4,10,4,6,54,26,28
NACOGDOCHES COUNTY,347,65 Years,716,337,379,533,251,282,111,51,60,8,4,4,9,4,5,55,27,28
NACOGDOCHES COUNTY,347,66 Years,684,326,358,521,256,265,106,42,64,7,2,5,5,2,3,45,24,21
NACOGDOCHES COUNTY,347,67 Years,678,325,353,519,252,267,102,42,60,6,2,4,4,2,2,47,27,20
NACOGDOCHES COUNTY,347,68 Years,622,298,324,482,233,249,93,38,55,5,2,3,4,2,2,38,23,15
NACOGDOCHES COUNTY,347,69 Years,622,311,311,471,235,236,95,42,53,6,3,3,9,8,1,41,23,18
NACOGDOCHES COUNTY,347,70 Years,612,307,305,488,250,238,81,36,45,6,4,2,8,7,1,29,10,19
NACOGDOCHES COUNTY,347,71 Years,501,231,270,410,191,219,62,29,33,2,1,1,7,4,3,20,6,14
NACOGDOCHES COUNTY,347,72 Years,494,230,264,399,184,215,61,27,34,1,1,0,6,2,4,27,16,11
NACOGDOCHES COUNTY,347,73 Years,487,228,259,396,188,208,60,23,37,3,0,3,6,4,2,22,13,9
NACOGDOCHES COUNTY,347,74 Years,454,210,244,375,177,198,45,17,28,2,1,1,7,3,4,25,12,13
NACOGDOCHES COUNTY,347,75 Years,412,196,216,342,166,176,38,14,24,3,2,1,4,3,1,25,11,14
NACOGDOCHES COUNTY,347,76 Years,366,173,193,296,145,151,43,15,28,2,1,1,2,1,1,23,11,12
NACOGDOCHES COUNTY,347,77 Years,323,137,186,269,117,152,35,12,23,2,1,1,2,1,1,15,6,9
NACOGDOCHES COUNTY,347,78 Years,300,118,182,249,101,148,33,10,23,1,0,1,2,0,2,15,7,8
NACOGDOCHES COUNTY,347,79 Years,316,128,188,258,107,151,30,11,19,4,2,2,3,0,3,21,8,13
NACOGDOCHES COUNTY,347,80 Years,278,105,173,230,89,141,29,9,20,1,0,1,3,0,3,15,7,8
NACOGDOCHES COUNTY,347,81 Years,247,90,157,207,77,130,23,9,14,3,1,2,3,0,3,11,3,8
NACOGDOCHES COUNTY,347,82 Years,244,93,151,207,77,130,22,9,13,2,1,1,5,1,4,8,5,3
NACOGDOCHES COUNTY,347,83 Years,224,80,144,187,69,118,25,7,18,1,0,1,4,1,3,7,3,4
NACOGDOCHES COUNTY,347,84 Years,196,77,119,160,66,94,26,8,18,1,0,1,4,2,2,5,1,4
NACOGDOCHES COUNTY,347,85 Years,185,72,113,154,61,93,23,7,16,1,0,1,2,1,1,5,3,2
NACOGDOCHES COUNTY,347,86 Years,169,64,105,139,53,86,22,6,16,0,0,0,2,1,1,6,4,2
NACOGDOCHES COUNTY,347,87 Years,144,55,89,123,46,77,13,5,8,1,1,0,2,0,2,5,3,2
NACOGDOCHES COUNTY,347,88 Years,129,48,81,109,42,67,14,4,10,1,0,1,1,0,1,4,2,2
NACOGDOCHES COUNTY,347,89 Years,121,42,79,101,35,66,14,4,10,1,0,1,2,1,1,3,2,1
NACOGDOCHES COUNTY,347,90 Years,98,36,62,78,28,50,13,4,9,1,1,0,1,0,1,5,3,2
NACOGDOCHES COUNTY,347,91 Years,85,29,56,70,21,49,8,3,5,1,1,0,2,1,1,4,3,1
NACOGDOCHES COUNTY,347,92 Years,77,25,52,61,19,42,10,3,7,0,0,0,2,1,1,4,2,2
NACOGDOCHES COUNTY,347,93 Years,50,16,34,40,13,27,6,2,4,0,0,0,1,0,1,3,1,2
NACOGDOCHES COUNTY,347,94 Years,40,12,28,32,9,23,5,2,3,1,0,1,0,0,0,2,1,1
NACOGDOCHES COUNTY,347,95 Years +,104,25,79,75,17,58,22,5,17,2,0,2,0,0,0,5,3,2
NAVARRO COUNTY,349,All Ages,49951,24549,25402,28643,14044,14599,6509,3051,3458,265,121,144,1406,714,692,13128,6619,6509
NAVARRO COUNTY,349,< 1 Year,665,335,330,278,146,132,79,34,45,2,1,1,44,21,23,262,133,129
NAVARRO COUNTY,349,1 Years,644,319,325,259,135,124,79,36,43,1,1,0,46,23,23,259,124,135
NAVARRO COUNTY,349,2 Years,662,334,328,282,148,134,81,37,44,2,1,1,39,20,19,258,128,130
NAVARRO COUNTY,349,3 Years,652,324,328,276,138,138,82,38,44,2,1,1,41,23,18,251,124,127
NAVARRO COUNTY,349,4 Years,661,334,327,292,150,142,81,38,43,1,0,1,41,22,19,246,124,122
NAVARRO COUNTY,349,5 Years,630,313,317,270,133,137,77,36,41,2,1,1,38,21,17,243,122,121
NAVARRO COUNTY,349,6 Years,632,322,310,276,144,132,74,35,39,1,1,0,36,19,17,245,123,122
NAVARRO COUNTY,349,7 Years,613,316,297,264,147,117,74,30,44,2,0,2,32,17,15,241,122,119
NAVARRO COUNTY,349,8 Years,705,356,349,290,150,140,99,54,45,1,0,1,44,15,29,271,137,134
NAVARRO COUNTY,349,9 Years,732,367,365,296,153,143,89,44,45,2,0,2,39,15,24,306,155,151
NAVARRO COUNTY,349,10 Years,778,409,369,309,156,153,117,65,52,3,1,2,36,21,15,313,166,147
NAVARRO COUNTY,349,11 Years,722,369,353,292,149,143,102,60,42,2,1,1,29,12,17,297,147,150
NAVARRO COUNTY,349,12 Years,690,354,336,265,138,127,101,58,43,2,1,1,27,14,13,295,143,152
NAVARRO COUNTY,349,13 Years,684,352,332,282,150,132,90,46,44,5,2,3,26,15,11,281,139,142
NAVARRO COUNTY,349,14 Years,697,346,351,285,151,134,82,34,48,5,3,2,21,12,9,304,146,158
NAVARRO COUNTY,349,15 Years,703,370,333,312,161,151,82,43,39,2,2,0,22,13,9,285,151,134
NAVARRO COUNTY,349,16 Years,727,397,330,315,166,149,81,49,32,5,3,2,30,16,14,296,163,133
NAVARRO COUNTY,349,17 Years,705,387,318,304,172,132,91,50,41,5,3,2,32,20,12,273,142,131
NAVARRO COUNTY,349,18 Years,669,354,315,281,150,131,96,48,48,6,1,5,27,11,16,259,144,115
NAVARRO COUNTY,349,19 Years,583,312,271,255,139,116,86,41,45,4,2,2,20,9,11,218,121,97
NAVARRO COUNTY,349,20 Years,588,307,281,250,138,112,82,38,44,1,0,1,22,11,11,233,120,113
NAVARRO COUNTY,349,21 Years,602,285,317,271,142,129,102,44,58,1,0,1,16,7,9,212,92,120
NAVARRO COUNTY,349,22 Years,552,262,290,264,134,130,89,40,49,2,1,1,12,6,6,185,81,104
NAVARRO COUNTY,349,23 Years,584,282,302,275,138,137,95,45,50,3,2,1,19,12,7,192,85,107
NAVARRO COUNTY,349,24 Years,617,321,296,299,155,144,102,53,49,6,4,2,16,8,8,194,101,93
NAVARRO COUNTY,349,25 Years,609,295,314,294,142,152,100,47,53,5,3,2,9,6,3,201,97,104
NAVARRO COUNTY,349,26 Years,678,342,336,340,167,173,120,63,57,2,2,0,22,10,12,194,100,94
NAVARRO COUNTY,349,27 Years,688,347,341,340,174,166,131,63,68,6,0,6,25,14,11,186,96,90
NAVARRO COUNTY,349,28 Years,607,306,301,328,171,157,99,43,56,4,1,3,22,15,7,154,76,78
NAVARRO COUNTY,349,29 Years,603,285,318,333,164,169,97,40,57,1,0,1,14,6,8,158,75,83
NAVARRO COUNTY,349,30 Years,596,278,318,321,161,160,90,40,50,0,0,0,15,5,10,170,72,98
NAVARRO COUNTY,349,31 Years,596,274,322,314,144,170,98,47,51,3,3,0,15,6,9,166,74,92
NAVARRO COUNTY,349,32 Years,571,270,301,287,141,146,102,44,58,3,2,1,14,6,8,165,77,88
NAVARRO COUNTY,349,33 Years,565,281,284,305,153,152,76,35,41,5,2,3,18,10,8,161,81,80
NAVARRO COUNTY,349,34 Years,559,282,277,296,141,155,69,38,31,4,3,1,12,4,8,178,96,82
NAVARRO COUNTY,349,35 Years,577,284,293,318,153,165,69,38,31,4,3,1,19,8,11,167,82,85
NAVARRO COUNTY,349,36 Years,584,282,302,319,157,162,70,34,36,2,1,1,17,7,10,176,83,93
NAVARRO COUNTY,349,37 Years,606,288,318,325,153,172,77,37,40,2,1,1,24,14,10,178,83,95
NAVARRO COUNTY,349,38 Years,560,282,278,304,151,153,73,34,39,2,2,0,16,10,6,165,85,80
NAVARRO COUNTY,349,39 Years,553,278,275,295,149,146,66,28,38,3,1,2,19,9,10,170,91,79
NAVARRO COUNTY,349,40 Years,545,271,274,283,141,142,63,31,32,4,3,1,15,8,7,180,88,92
NAVARRO COUNTY,349,41 Years,549,263,286,290,138,152,59,26,33,2,2,0,14,6,8,184,91,93
NAVARRO COUNTY,349,42 Years,587,279,308,323,153,170,61,24,37,4,1,3,9,5,4,190,96,94
NAVARRO COUNTY,349,43 Years,586,292,294,327,156,171,70,34,36,3,1,2,8,5,3,178,96,82
NAVARRO COUNTY,349,44 Years,631,284,347,347,162,185,80,37,43,15,1,14,13,7,6,176,77,99
NAVARRO COUNTY,349,45 Years,586,282,304,334,168,166,69,29,40,10,4,6,10,4,6,163,77,86
NAVARRO COUNTY,349,46 Years,600,316,284,354,181,173,68,32,36,3,2,1,14,8,6,161,93,68
NAVARRO COUNTY,349,47 Years,626,322,304,372,191,181,73,34,39,3,1,2,10,4,6,168,92,76
NAVARRO COUNTY,349,48 Years,643,324,319,362,178,184,85,47,38,6,3,3,13,5,8,177,91,86
NAVARRO COUNTY,349,49 Years,633,328,305,363,186,177,90,47,43,6,2,4,16,10,6,158,83,75
NAVARRO COUNTY,349,50 Years,573,300,273,333,171,162,83,40,43,3,2,1,12,7,5,142,80,62
NAVARRO COUNTY,349,51 Years,574,290,284,337,164,173,86,41,45,7,4,3,11,8,3,133,73,60
NAVARRO COUNTY,349,52 Years,655,318,337,404,194,210,98,40,58,6,3,3,7,3,4,140,78,62
NAVARRO COUNTY,349,53 Years,667,338,329,430,221,209,91,36,55,5,4,1,11,4,7,130,73,57
NAVARRO COUNTY,349,54 Years,692,343,349,433,227,206,98,39,59,4,1,3,18,8,10,139,68,71
NAVARRO COUNTY,349,55 Years,692,335,357,437,205,232,100,52,48,5,3,2,18,10,8,132,65,67
NAVARRO COUNTY,349,56 Years,704,341,363,454,217,237,101,51,50,3,1,2,11,6,5,135,66,69
NAVARRO COUNTY,349,57 Years,718,367,351,472,237,235,107,49,58,7,4,3,6,3,3,126,74,52
NAVARRO COUNTY,349,58 Years,652,320,332,439,212,227,86,36,50,2,2,0,10,3,7,115,67,48
NAVARRO COUNTY,349,59 Years,666,322,344,454,214,240,88,45,43,5,3,2,13,5,8,106,55,51
NAVARRO COUNTY,349,60 Years,644,320,324,444,226,218,83,32,51,6,2,4,10,7,3,101,53,48
NAVARRO COUNTY,349,61 Years,660,320,340,472,228,244,83,34,49,3,1,2,14,8,6,88,49,39
NAVARRO COUNTY,349,62 Years,619,294,325,444,217,227,90,39,51,1,0,1,5,2,3,79,36,43
NAVARRO COUNTY,349,63 Years,602,289,313,436,213,223,80,38,42,1,0,1,5,2,3,80,36,44
NAVARRO COUNTY,349,64 Years,629,303,326,475,228,247,73,35,38,3,1,2,7,3,4,71,36,35
NAVARRO COUNTY,349,65 Years,564,262,302,428,200,228,77,33,44,3,2,1,7,2,5,49,25,24
NAVARRO COUNTY,349,66 Years,530,259,271,415,203,212,68,36,32,3,1,2,6,3,3,38,16,22
NAVARRO COUNTY,349,67 Years,568,279,289,451,221,230,62,31,31,1,0,1,9,7,2,45,20,25
NAVARRO COUNTY,349,68 Years,567,271,296,446,216,230,56,27,29,3,1,2,14,8,6,48,19,29
NAVARRO COUNTY,349,69 Years,564,275,289,459,222,237,51,24,27,5,2,3,6,5,1,43,22,21
NAVARRO COUNTY,349,70 Years,538,269,269,424,214,210,64,25,39,3,3,0,4,3,1,43,24,19
NAVARRO COUNTY,349,71 Years,453,223,230,361,178,183,51,23,28,1,1,0,6,5,1,34,16,18
NAVARRO COUNTY,349,72 Years,442,208,234,347,161,186,42,20,22,1,1,0,6,3,3,46,23,23
NAVARRO COUNTY,349,73 Years,433,189,244,353,157,196,43,18,25,0,0,0,2,0,2,35,14,21
NAVARRO COUNTY,349,74 Years,421,191,230,348,156,192,38,15,23,0,0,0,3,2,1,32,18,14
NAVARRO COUNTY,349,75 Years,387,178,209,311,143,168,30,13,17,1,0,1,7,5,2,38,17,21
NAVARRO COUNTY,349,76 Years,373,174,199,304,142,162,34,14,20,1,0,1,3,2,1,31,16,15
NAVARRO COUNTY,349,77 Years,336,156,180,287,133,154,25,10,15,1,0,1,3,3,0,20,10,10
NAVARRO COUNTY,349,78 Years,303,137,166,263,117,146,21,12,9,0,0,0,2,1,1,17,7,10
NAVARRO COUNTY,349,79 Years,249,105,144,212,90,122,16,7,9,2,1,1,2,0,2,17,7,10
NAVARRO COUNTY,349,80 Years,241,111,130,205,99,106,19,6,13,1,0,1,1,0,1,15,6,9
NAVARRO COUNTY,349,81 Years,213,91,122,176,74,102,15,6,9,1,0,1,4,2,2,17,9,8
NAVARRO COUNTY,349,82 Years,222,98,124,180,77,103,24,10,14,0,0,0,3,1,2,15,10,5
NAVARRO COUNTY,349,83 Years,184,87,97,151,73,78,19,6,13,0,0,0,1,1,0,13,7,6
NAVARRO COUNTY,349,84 Years,140,59,81,111,50,61,16,4,12,0,0,0,3,0,3,10,5,5
NAVARRO COUNTY,349,85 Years,151,60,91,120,48,72,16,4,12,2,1,1,3,1,2,10,6,4
NAVARRO COUNTY,349,86 Years,151,57,94,125,47,78,12,3,9,3,1,2,4,2,2,7,4,3
NAVARRO COUNTY,349,87 Years,131,49,82,110,40,70,12,4,8,0,0,0,3,2,1,6,3,3
NAVARRO COUNTY,349,88 Years,113,44,69,91,34,57,15,6,9,0,0,0,0,0,0,7,4,3
NAVARRO COUNTY,349,89 Years,93,33,60,72,24,48,10,4,6,1,0,1,3,1,2,7,4,3
NAVARRO COUNTY,349,90 Years,84,28,56,66,22,44,10,3,7,0,0,0,3,1,2,5,2,3
NAVARRO COUNTY,349,91 Years,70,22,48,58,20,38,9,1,8,0,0,0,1,0,1,2,1,1
NAVARRO COUNTY,349,92 Years,59,20,39,50,17,33,6,1,5,0,0,0,0,0,0,3,2,1
NAVARRO COUNTY,349,93 Years,49,16,33,39,12,27,6,2,4,0,0,0,0,0,0,4,2,2
NAVARRO COUNTY,349,94 Years,38,13,25,31,9,22,5,2,3,0,0,0,0,0,0,2,2,0
NAVARRO COUNTY,349,95 Years +,102,23,79,69,13,56,22,6,16,1,0,1,1,0,1,9,4,5
NEWTON COUNTY,351,All Ages,13887,7213,6674,10213,5192,5021,2845,1572,1273,65,29,36,317,158,159,447,262,185
NEWTON COUNTY,351,< 1 Year,129,69,60,97,52,45,22,11,11,0,0,0,8,5,3,2,1,1
NEWTON COUNTY,351,1 Years,129,64,65,97,48,49,22,11,11,1,0,1,7,4,3,2,1,1
NEWTON COUNTY,351,2 Years,140,71,69,99,48,51,24,14,10,2,1,1,11,5,6,4,3,1
NEWTON COUNTY,351,3 Years,143,72,71,101,51,50,25,13,12,2,1,1,9,4,5,6,3,3
NEWTON COUNTY,351,4 Years,140,74,66,104,56,48,23,12,11,1,1,0,6,2,4,6,3,3
NEWTON COUNTY,351,5 Years,143,75,68,100,55,45,25,11,14,0,0,0,6,2,4,12,7,5
NEWTON COUNTY,351,6 Years,144,76,68,97,51,46,31,15,16,0,0,0,6,4,2,10,6,4
NEWTON COUNTY,351,7 Years,148,71,77,101,49,52,33,15,18,1,0,1,8,6,2,5,1,4
NEWTON COUNTY,351,8 Years,145,75,70,92,49,43,32,18,14,1,0,1,14,6,8,6,2,4
NEWTON COUNTY,351,9 Years,160,83,77,116,59,57,24,13,11,1,1,0,11,5,6,8,5,3
NEWTON COUNTY,351,10 Years,174,95,79,123,63,60,31,18,13,0,0,0,5,3,2,15,11,4
NEWTON COUNTY,351,11 Years,156,74,82,116,55,61,28,14,14,0,0,0,3,0,3,9,5,4
NEWTON COUNTY,351,12 Years,149,73,76,99,46,53,40,22,18,1,0,1,4,2,2,5,3,2
NEWTON COUNTY,351,13 Years,146,70,76,98,45,53,38,22,16,0,0,0,3,1,2,7,2,5
NEWTON COUNTY,351,14 Years,162,74,88,106,51,55,38,18,20,2,0,2,6,3,3,10,2,8
NEWTON COUNTY,351,15 Years,173,91,82,109,61,48,46,21,25,0,0,0,8,5,3,10,4,6
NEWTON COUNTY,351,16 Years,180,97,83,118,69,49,44,22,22,1,0,1,6,2,4,11,4,7
NEWTON COUNTY,351,17 Years,156,86,70,100,55,45,40,23,17,1,0,1,7,4,3,8,4,4
NEWTON COUNTY,351,18 Years,175,101,74,111,61,50,46,29,17,0,0,0,5,4,1,13,7,6
NEWTON COUNTY,351,19 Years,164,92,72,111,61,50,40,26,14,0,0,0,3,1,2,10,4,6
NEWTON COUNTY,351,20 Years,162,94,68,104,58,46,41,27,14,1,1,0,5,2,3,11,6,5
NEWTON COUNTY,351,21 Years,163,95,68,110,60,50,37,23,14,1,1,0,4,3,1,11,8,3
NEWTON COUNTY,351,22 Years,152,86,66,94,53,41,42,24,18,0,0,0,7,2,5,9,7,2
NEWTON COUNTY,351,23 Years,185,106,79,120,69,51,43,26,17,2,2,0,8,3,5,12,6,6
NEWTON COUNTY,351,24 Years,199,116,83,132,70,62,44,33,11,1,0,1,7,4,3,15,9,6
NEWTON COUNTY,351,25 Years,212,119,93,128,62,66,63,44,19,1,1,0,5,2,3,15,10,5
NEWTON COUNTY,351,26 Years,223,141,82,156,90,66,54,41,13,1,1,0,3,2,1,9,7,2
NEWTON COUNTY,351,27 Years,191,106,85,137,71,66,43,27,16,1,1,0,3,2,1,7,5,2
NEWTON COUNTY,351,28 Years,192,117,75,137,80,57,41,27,14,1,1,0,3,1,2,10,8,2
NEWTON COUNTY,351,29 Years,191,115,76,129,77,52,43,26,17,1,1,0,4,3,1,14,8,6
NEWTON COUNTY,351,30 Years,172,103,69,130,77,53,32,21,11,0,0,0,3,1,2,7,4,3
NEWTON COUNTY,351,31 Years,166,98,68,125,72,53,29,18,11,0,0,0,3,1,2,9,7,2
NEWTON COUNTY,351,32 Years,166,92,74,122,64,58,40,24,16,0,0,0,1,1,0,3,3,0
NEWTON COUNTY,351,33 Years,159,92,67,113,63,50,38,25,13,1,0,1,4,1,3,3,3,0
NEWTON COUNTY,351,34 Years,166,84,82,118,61,57,41,20,21,0,0,0,4,1,3,3,2,1
NEWTON COUNTY,351,35 Years,152,89,63,102,61,41,41,24,17,1,0,1,4,1,3,4,3,1
NEWTON COUNTY,351,36 Years,167,93,74,113,60,53,40,27,13,3,1,2,3,1,2,8,4,4
NEWTON COUNTY,351,37 Years,167,89,78,115,56,59,42,26,16,1,1,0,2,1,1,7,5,2
NEWTON COUNTY,351,38 Years,164,97,67,125,70,55,30,21,9,1,0,1,2,2,0,6,4,2
NEWTON COUNTY,351,39 Years,155,91,64,119,69,50,29,19,10,1,0,1,2,1,1,4,2,2
NEWTON COUNTY,351,40 Years,139,70,69,95,47,48,35,17,18,2,1,1,2,1,1,5,4,1
NEWTON COUNTY,351,41 Years,146,76,70,105,52,53,32,18,14,2,1,1,2,1,1,5,4,1
NEWTON COUNTY,351,42 Years,163,84,79,127,63,64,27,15,12,2,1,1,1,1,0,6,4,2
NEWTON COUNTY,351,43 Years,149,69,80,112,47,65,30,17,13,2,1,1,0,0,0,5,4,1
NEWTON COUNTY,351,44 Years,152,69,83,114,50,64,33,17,16,2,1,1,0,0,0,3,1,2
NEWTON COUNTY,351,45 Years,156,78,78,116,52,64,30,20,10,2,1,1,3,2,1,5,3,2
NEWTON COUNTY,351,46 Years,173,89,84,127,65,62,38,21,17,2,1,1,2,0,2,4,2,2
NEWTON COUNTY,351,47 Years,182,95,87,134,71,63,41,22,19,2,0,2,2,1,1,3,1,2
NEWTON COUNTY,351,48 Years,183,85,98,135,57,78,40,24,16,1,0,1,3,2,1,4,2,2
NEWTON COUNTY,351,49 Years,169,94,75,126,67,59,35,20,15,2,1,1,1,1,0,5,5,0
NEWTON COUNTY,351,50 Years,189,101,88,145,73,72,33,21,12,2,1,1,3,1,2,6,5,1
NEWTON COUNTY,351,51 Years,189,98,91,143,74,69,38,22,16,3,1,2,3,0,3,2,1,1
NEWTON COUNTY,351,52 Years,201,102,99,159,82,77,36,16,20,2,1,1,0,0,0,4,3,1
NEWTON COUNTY,351,53 Years,211,104,107,168,80,88,36,19,17,2,1,1,2,2,0,3,2,1
NEWTON COUNTY,351,54 Years,208,97,111,156,76,80,44,17,27,0,0,0,5,2,3,3,2,1
NEWTON COUNTY,351,55 Years,201,99,102,155,79,76,39,17,22,0,0,0,5,2,3,2,1,1
NEWTON COUNTY,351,56 Years,192,93,99,148,72,76,37,17,20,0,0,0,3,2,1,4,2,2
NEWTON COUNTY,351,57 Years,210,109,101,163,86,77,39,18,21,0,0,0,3,1,2,5,4,1
NEWTON COUNTY,351,58 Years,192,95,97,145,72,73,40,19,21,2,2,0,3,1,2,2,1,1
NEWTON COUNTY,351,59 Years,214,106,108,175,89,86,34,16,18,0,0,0,3,0,3,2,1,1
NEWTON COUNTY,351,60 Years,205,102,103,170,88,82,31,13,18,0,0,0,2,1,1,2,0,2
NEWTON COUNTY,351,61 Years,198,96,102,158,78,80,36,16,20,0,0,0,2,1,1,2,1,1
NEWTON COUNTY,351,62 Years,202,109,93,154,86,68,40,18,22,0,0,0,4,3,1,4,2,2
NEWTON COUNTY,351,63 Years,204,101,103,160,80,80,38,18,20,0,0,0,2,2,0,4,1,3
NEWTON COUNTY,351,64 Years,186,92,94,148,77,71,32,12,20,0,0,0,2,1,1,4,2,2
NEWTON COUNTY,351,65 Years,181,80,101,150,67,83,26,11,15,0,0,0,2,1,1,3,1,2
NEWTON COUNTY,351,66 Years,168,74,94,133,56,77,30,14,16,0,0,0,4,3,1,1,1,0
NEWTON COUNTY,351,67 Years,169,84,85,127,61,66,39,20,19,0,0,0,2,2,0,1,1,0
NEWTON COUNTY,351,68 Years,195,96,99,157,77,80,34,18,16,0,0,0,4,1,3,0,0,0
NEWTON COUNTY,351,69 Years,176,85,91,144,70,74,27,15,12,1,0,1,3,0,3,1,0,1
NEWTON COUNTY,351,70 Years,178,84,94,145,70,75,28,14,14,0,0,0,4,0,4,1,0,1
NEWTON COUNTY,351,71 Years,144,75,69,118,59,59,21,13,8,0,0,0,3,2,1,2,1,1
NEWTON COUNTY,351,72 Years,145,68,77,116,51,65,22,11,11,0,0,0,4,4,0,3,2,1
NEWTON COUNTY,351,73 Years,127,60,67,103,45,58,20,12,8,0,0,0,2,1,1,2,2,0
NEWTON COUNTY,351,74 Years,128,66,62,105,49,56,19,13,6,0,0,0,2,2,0,2,2,0
NEWTON COUNTY,351,75 Years,117,64,53,95,49,46,19,14,5,0,0,0,2,1,1,1,0,1
NEWTON COUNTY,351,76 Years,100,51,49,83,40,43,14,9,5,0,0,0,1,1,0,2,1,1
NEWTON COUNTY,351,77 Years,96,53,43,75,40,35,17,10,7,0,0,0,1,1,0,3,2,1
NEWTON COUNTY,351,78 Years,85,41,44,65,30,35,17,10,7,0,0,0,1,0,1,2,1,1
NEWTON COUNTY,351,79 Years,80,40,40,66,32,34,12,6,6,0,0,0,2,2,0,0,0,0
NEWTON COUNTY,351,80 Years,69,32,37,55,24,31,13,7,6,0,0,0,1,1,0,0,0,0
NEWTON COUNTY,351,81 Years,64,31,33,51,25,26,12,6,6,0,0,0,1,0,1,0,0,0
NEWTON COUNTY,351,82 Years,66,36,30,52,28,24,13,7,6,0,0,0,1,1,0,0,0,0
NEWTON COUNTY,351,83 Years,55,26,29,41,20,21,12,5,7,1,0,1,1,1,0,0,0,0
NEWTON COUNTY,351,84 Years,54,21,33,40,16,24,11,4,7,1,0,1,0,0,0,2,1,1
NEWTON COUNTY,351,85 Years,54,20,34,41,16,25,11,4,7,0,0,0,2,0,2,0,0,0
NEWTON COUNTY,351,86 Years,45,19,26,36,15,21,9,4,5,0,0,0,0,0,0,0,0,0
NEWTON COUNTY,351,87 Years,40,16,24,31,12,19,9,4,5,0,0,0,0,0,0,0,0,0
NEWTON COUNTY,351,88 Years,34,15,19,24,10,14,9,4,5,0,0,0,1,1,0,0,0,0
NEWTON COUNTY,351,89 Years,27,13,14,19,9,10,7,3,4,0,0,0,1,1,0,0,0,0
NEWTON COUNTY,351,90 Years,28,12,16,20,8,12,7,3,4,0,0,0,1,1,0,0,0,0
NEWTON COUNTY,351,91 Years,23,8,15,17,6,11,6,2,4,0,0,0,0,0,0,0,0,0
NEWTON COUNTY,351,92 Years,18,7,11,13,5,8,5,2,3,0,0,0,0,0,0,0,0,0
NEWTON COUNTY,351,93 Years,13,6,7,9,5,4,4,1,3,0,0,0,0,0,0,0,0,0
NEWTON COUNTY,351,94 Years,12,4,8,7,2,5,5,2,3,0,0,0,0,0,0,0,0,0
NEWTON COUNTY,351,95 Years +,22,7,15,13,4,9,8,3,5,0,0,0,0,0,0,1,0,1
NOLAN COUNTY,353,All Ages,14340,7169,7171,8024,4027,3997,663,343,320,60,30,30,195,96,99,5398,2673,2725
NOLAN COUNTY,353,< 1 Year,189,92,97,90,45,45,9,4,5,0,0,0,0,0,0,90,43,47
NOLAN COUNTY,353,1 Years,186,92,94,86,43,43,7,3,4,1,1,0,3,2,1,89,43,46
NOLAN COUNTY,353,2 Years,203,102,101,94,46,48,9,4,5,1,1,0,3,2,1,96,49,47
NOLAN COUNTY,353,3 Years,206,106,100,91,45,46,9,4,5,1,1,0,3,2,1,102,54,48
NOLAN COUNTY,353,4 Years,202,103,99,92,44,48,8,5,3,0,0,0,0,0,0,102,54,48
NOLAN COUNTY,353,5 Years,191,99,92,85,44,41,8,4,4,1,0,1,4,2,2,93,49,44
NOLAN COUNTY,353,6 Years,185,97,88,85,44,41,8,5,3,1,0,1,4,1,3,87,47,40
NOLAN COUNTY,353,7 Years,200,116,84,87,45,42,8,4,4,0,0,0,5,4,1,100,63,37
NOLAN COUNTY,353,8 Years,193,97,96,81,36,45,7,2,5,0,0,0,5,3,2,100,56,44
NOLAN COUNTY,353,9 Years,223,109,114,97,46,51,10,5,5,0,0,0,7,4,3,109,54,55
NOLAN COUNTY,353,10 Years,223,119,104,99,51,48,15,10,5,0,0,0,7,2,5,102,56,46
NOLAN COUNTY,353,11 Years,216,111,105,96,51,45,15,7,8,1,1,0,6,2,4,98,50,48
NOLAN COUNTY,353,12 Years,220,116,104,93,47,46,13,6,7,0,0,0,5,1,4,109,62,47
NOLAN COUNTY,353,13 Years,226,119,107,108,66,42,10,5,5,0,0,0,3,0,3,105,48,57
NOLAN COUNTY,353,14 Years,220,119,101,100,59,41,6,3,3,2,2,0,7,4,3,105,51,54
NOLAN COUNTY,353,15 Years,209,110,99,94,53,41,10,5,5,2,2,0,5,3,2,98,47,51
NOLAN COUNTY,353,16 Years,198,106,92,87,53,34,10,4,6,2,0,2,4,2,2,95,47,48
NOLAN COUNTY,353,17 Years,198,110,88,78,48,30,13,7,6,0,0,0,6,2,4,101,53,48
NOLAN COUNTY,353,18 Years,188,100,88,75,42,33,13,8,5,0,0,0,4,2,2,96,48,48
NOLAN COUNTY,353,19 Years,164,95,69,69,43,26,12,8,4,0,0,0,2,1,1,81,43,38
NOLAN COUNTY,353,20 Years,164,93,71,77,45,32,12,8,4,0,0,0,3,0,3,72,40,32
NOLAN COUNTY,353,21 Years,169,90,79,79,46,33,12,7,5,0,0,0,4,2,2,74,35,39
NOLAN COUNTY,353,22 Years,171,91,80,79,45,34,7,4,3,0,0,0,3,2,1,82,40,42
NOLAN COUNTY,353,23 Years,179,87,92,85,41,44,11,5,6,1,0,1,4,1,3,78,40,38
NOLAN COUNTY,353,24 Years,166,84,82,85,41,44,10,7,3,1,1,0,3,1,2,67,34,33
NOLAN COUNTY,353,25 Years,201,106,95,108,58,50,13,8,5,1,1,0,2,2,0,77,37,40
NOLAN COUNTY,353,26 Years,236,142,94,120,74,46,12,8,4,1,1,0,5,4,1,98,55,43
NOLAN COUNTY,353,27 Years,222,130,92,120,70,50,6,4,2,1,1,0,2,2,0,93,53,40
NOLAN COUNTY,353,28 Years,190,97,93,100,52,48,6,3,3,1,0,1,3,2,1,80,40,40
NOLAN COUNTY,353,29 Years,179,92,87,95,45,50,8,4,4,1,1,0,2,1,1,73,41,32
NOLAN COUNTY,353,30 Years,198,103,95,105,50,55,9,6,3,1,1,0,2,1,1,81,45,36
NOLAN COUNTY,353,31 Years,180,96,84,96,51,45,7,4,3,0,0,0,1,0,1,76,41,35
NOLAN COUNTY,353,32 Years,170,76,94,93,41,52,4,2,2,0,0,0,3,1,2,70,32,38
NOLAN COUNTY,353,33 Years,160,77,83,82,37,45,3,2,1,0,0,0,0,0,0,75,38,37
NOLAN COUNTY,353,34 Years,162,90,72,88,50,38,6,1,5,2,0,2,2,2,0,64,37,27
NOLAN COUNTY,353,35 Years,159,79,80,93,51,42,6,2,4,0,0,0,1,1,0,59,25,34
NOLAN COUNTY,353,36 Years,180,89,91,94,47,47,6,4,2,1,1,0,2,0,2,77,37,40
NOLAN COUNTY,353,37 Years,160,87,73,87,48,39,12,10,2,0,0,0,2,1,1,59,28,31
NOLAN COUNTY,353,38 Years,142,78,64,78,45,33,5,4,1,0,0,0,1,1,0,58,28,30
NOLAN COUNTY,353,39 Years,149,63,86,69,32,37,7,3,4,4,0,4,2,1,1,67,27,40
NOLAN COUNTY,353,40 Years,153,73,80,77,34,43,8,4,4,3,1,2,0,0,0,65,34,31
NOLAN COUNTY,353,41 Years,142,68,74,66,32,34,9,5,4,0,0,0,1,1,0,66,30,36
NOLAN COUNTY,353,42 Years,147,67,80,79,37,42,7,4,3,2,2,0,0,0,0,59,24,35
NOLAN COUNTY,353,43 Years,144,70,74,80,41,39,5,2,3,3,3,0,0,0,0,56,24,32
NOLAN COUNTY,353,44 Years,154,67,87,87,44,43,7,2,5,1,1,0,0,0,0,59,20,39
NOLAN COUNTY,353,45 Years,149,73,76,78,39,39,7,3,4,1,1,0,0,0,0,63,30,33
NOLAN COUNTY,353,46 Years,167,85,82,89,47,42,9,4,5,2,1,1,0,0,0,67,33,34
NOLAN COUNTY,353,47 Years,172,98,74,98,60,38,8,4,4,0,0,0,2,1,1,64,33,31
NOLAN COUNTY,353,48 Years,166,88,78,95,51,44,12,6,6,0,0,0,2,1,1,57,30,27
NOLAN COUNTY,353,49 Years,154,73,81,85,46,39,9,2,7,2,0,2,1,0,1,57,25,32
NOLAN COUNTY,353,50 Years,165,83,82,100,49,51,7,2,5,2,1,1,2,2,0,54,29,25
NOLAN COUNTY,353,51 Years,157,83,74,95,47,48,6,2,4,1,0,1,2,2,0,53,32,21
NOLAN COUNTY,353,52 Years,166,84,82,102,50,52,4,2,2,1,0,1,6,3,3,53,29,24
NOLAN COUNTY,353,53 Years,150,72,78,94,43,51,8,6,2,0,0,0,3,2,1,45,21,24
NOLAN COUNTY,353,54 Years,176,85,91,117,58,59,11,6,5,3,2,1,1,0,1,44,19,25
NOLAN COUNTY,353,55 Years,182,88,94,124,63,61,9,5,4,1,0,1,3,1,2,45,19,26
NOLAN COUNTY,353,56 Years,181,97,84,118,65,53,6,3,3,0,0,0,1,1,0,56,28,28
NOLAN COUNTY,353,57 Years,190,89,101,129,59,70,10,5,5,0,0,0,1,1,0,50,24,26
NOLAN COUNTY,353,58 Years,186,86,100,122,58,64,10,6,4,1,0,1,1,1,0,52,21,31
NOLAN COUNTY,353,59 Years,167,83,84,111,58,53,5,3,2,0,0,0,2,1,1,49,21,28
NOLAN COUNTY,353,60 Years,169,74,95,113,50,63,6,2,4,0,0,0,3,1,2,47,21,26
NOLAN COUNTY,353,61 Years,190,94,96,125,60,65,11,6,5,0,0,0,2,1,1,52,27,25
NOLAN COUNTY,353,62 Years,189,99,90,119,62,57,7,4,3,2,0,2,1,0,1,60,33,27
NOLAN COUNTY,353,63 Years,182,88,94,121,57,64,8,4,4,1,0,1,2,1,1,50,26,24
NOLAN COUNTY,353,64 Years,176,79,97,113,54,59,6,2,4,1,0,1,3,1,2,53,22,31
NOLAN COUNTY,353,65 Years,173,89,84,109,57,52,10,6,4,0,0,0,1,1,0,53,25,28
NOLAN COUNTY,353,66 Years,162,73,89,103,49,54,9,5,4,0,0,0,3,0,3,47,19,28
NOLAN COUNTY,353,67 Years,171,83,88,119,63,56,5,2,3,1,1,0,2,0,2,44,17,27
NOLAN COUNTY,353,68 Years,161,79,82,115,57,58,6,3,3,1,1,0,3,2,1,36,16,20
NOLAN COUNTY,353,69 Years,149,77,72,115,60,55,3,2,1,1,1,0,2,2,0,28,12,16
NOLAN COUNTY,353,70 Years,146,64,82,112,49,63,8,4,4,0,0,0,1,1,0,25,10,15
NOLAN COUNTY,353,71 Years,118,51,67,88,39,49,4,1,3,0,0,0,1,0,1,25,11,14
NOLAN COUNTY,353,72 Years,120,62,58,86,44,42,6,4,2,0,0,0,0,0,0,28,14,14
NOLAN COUNTY,353,73 Years,127,59,68,90,40,50,5,3,2,0,0,0,2,1,1,30,15,15
NOLAN COUNTY,353,74 Years,115,57,58,72,32,40,4,2,2,0,0,0,2,2,0,37,21,16
NOLAN COUNTY,353,75 Years,103,49,54,68,31,37,4,3,1,0,0,0,2,1,1,29,14,15
NOLAN COUNTY,353,76 Years,95,43,52,71,35,36,3,1,2,0,0,0,1,0,1,20,7,13
NOLAN COUNTY,353,77 Years,94,43,51,72,38,34,3,0,3,0,0,0,0,0,0,19,5,14
NOLAN COUNTY,353,78 Years,90,43,47,69,37,32,3,2,1,0,0,0,0,0,0,18,4,14
NOLAN COUNTY,353,79 Years,68,28,40,52,23,29,5,2,3,0,0,0,0,0,0,11,3,8
NOLAN COUNTY,353,80 Years,75,34,41,58,27,31,5,1,4,0,0,0,0,0,0,12,6,6
NOLAN COUNTY,353,81 Years,75,27,48,55,20,35,4,2,2,1,0,1,0,0,0,15,5,10
NOLAN COUNTY,353,82 Years,70,23,47,50,18,32,3,1,2,1,0,1,0,0,0,16,4,12
NOLAN COUNTY,353,83 Years,62,23,39,44,17,27,1,0,1,0,0,0,2,1,1,15,5,10
NOLAN COUNTY,353,84 Years,52,22,30,42,17,25,1,0,1,0,0,0,0,0,0,9,5,4
NOLAN COUNTY,353,85 Years,47,18,29,37,13,24,0,0,0,1,0,1,0,0,0,9,5,4
NOLAN COUNTY,353,86 Years,43,15,28,33,10,23,0,0,0,0,0,0,0,0,0,10,5,5
NOLAN COUNTY,353,87 Years,45,19,26,36,15,21,0,0,0,0,0,0,0,0,0,9,4,5
NOLAN COUNTY,353,88 Years,38,17,21,30,13,17,0,0,0,0,0,0,0,0,0,8,4,4
NOLAN COUNTY,353,89 Years,36,12,24,29,10,19,1,0,1,0,0,0,2,0,2,4,2,2
NOLAN COUNTY,353,90 Years,29,11,18,22,9,13,3,2,1,0,0,0,0,0,0,4,0,4
NOLAN COUNTY,353,91 Years,27,9,18,20,6,14,3,2,1,0,0,0,0,0,0,4,1,3
NOLAN COUNTY,353,92 Years,27,9,18,21,6,15,1,1,0,0,0,0,1,0,1,4,2,2
NOLAN COUNTY,353,93 Years,19,5,14,14,3,11,1,0,1,0,0,0,0,0,0,4,2,2
NOLAN COUNTY,353,94 Years,15,4,11,10,2,8,2,0,2,0,0,0,0,0,0,3,2,1
NOLAN COUNTY,353,95 Years +,37,7,30,25,3,22,3,1,2,0,0,0,1,0,1,8,3,5
NUECES COUNTY,355,All Ages,361328,179461,181867,105613,53283,52330,13060,6813,6247,7218,3209,4009,5084,2543,2541,230353,113613,116740
NUECES COUNTY,355,< 1 Year,4895,2526,2369,1081,564,517,160,75,85,65,35,30,105,57,48,3484,1795,1689
NUECES COUNTY,355,1 Years,5014,2581,2433,1103,571,532,164,79,85,68,37,31,100,53,47,3579,1841,1738
NUECES COUNTY,355,2 Years,5279,2707,2572,1145,591,554,164,80,84,75,40,35,101,56,45,3794,1940,1854
NUECES COUNTY,355,3 Years,5395,2747,2648,1189,607,582,163,80,83,81,43,38,100,53,47,3862,1964,1898
NUECES COUNTY,355,4 Years,5348,2716,2632,1206,618,588,158,79,79,82,43,39,99,53,46,3803,1923,1880
NUECES COUNTY,355,5 Years,5200,2663,2537,1188,616,572,162,77,85,85,45,40,107,58,49,3658,1867,1791
NUECES COUNTY,355,6 Years,5152,2662,2490,1162,603,559,157,77,80,87,44,43,106,58,48,3640,1880,1760
NUECES COUNTY,355,7 Years,5103,2574,2529,1118,567,551,163,76,87,93,49,44,117,51,66,3612,1831,1781
NUECES COUNTY,355,8 Years,4865,2442,2423,1025,523,502,161,75,86,76,40,36,102,58,44,3501,1746,1755
NUECES COUNTY,355,9 Years,4968,2544,2424,1044,532,512,182,95,87,89,41,48,80,39,41,3573,1837,1736
NUECES COUNTY,355,10 Years,4924,2579,2345,992,523,469,159,85,74,76,34,42,95,43,52,3602,1894,1708
NUECES COUNTY,355,11 Years,5007,2641,2366,985,538,447,148,81,67,87,44,43,109,56,53,3678,1922,1756
NUECES COUNTY,355,12 Years,4926,2574,2352,923,512,411,164,82,82,85,49,36,108,52,56,3646,1879,1767
NUECES COUNTY,355,13 Years,4792,2445,2347,944,503,441,152,72,80,93,51,42,83,41,42,3520,1778,1742
NUECES COUNTY,355,14 Years,4740,2432,2308,872,446,426,146,75,71,97,42,55,62,29,33,3563,1840,1723
NUECES COUNTY,355,15 Years,4822,2527,2295,838,457,381,170,79,91,84,35,49,83,33,50,3647,1923,1724
NUECES COUNTY,355,16 Years,4930,2601,2329,863,490,373,202,98,104,105,56,49,73,30,43,3687,1927,1760
NUECES COUNTY,355,17 Years,5050,2597,2453,823,431,392,216,101,115,120,66,54,85,49,36,3806,1950,1856
NUECES COUNTY,355,18 Years,5064,2568,2496,939,463,476,205,94,111,119,61,58,85,54,31,3716,1896,1820
NUECES COUNTY,355,19 Years,5626,2731,2895,1287,582,705,276,129,147,131,57,74,95,51,44,3837,1912,1925
NUECES COUNTY,355,20 Years,5291,2586,2705,1145,562,583,261,124,137,113,47,66,96,47,49,3676,1806,1870
NUECES COUNTY,355,21 Years,5332,2616,2716,1190,570,620,219,102,117,100,44,56,109,56,53,3714,1844,1870
NUECES COUNTY,355,22 Years,5456,2722,2734,1261,608,653,220,109,111,112,51,61,98,40,58,3765,1914,1851
NUECES COUNTY,355,23 Years,5543,2831,2712,1405,691,714,208,102,106,112,54,58,95,36,59,3723,1948,1775
NUECES COUNTY,355,24 Years,5813,3079,2734,1697,941,756,201,99,102,90,44,46,93,36,57,3732,1959,1773
NUECES COUNTY,355,25 Years,5702,2950,2752,1591,780,811,174,115,59,83,42,41,66,35,31,3788,1978,1810
NUECES COUNTY,355,26 Years,5046,2762,2284,1205,755,450,163,104,59,86,42,44,63,34,29,3529,1827,1702
NUECES COUNTY,355,27 Years,5425,2811,2614,1577,840,737,185,114,71,89,42,47,76,40,36,3498,1775,1723
NUECES COUNTY,355,28 Years,5084,2664,2420,1384,750,634,209,127,82,89,50,39,58,30,28,3344,1707,1637
NUECES COUNTY,355,29 Years,5087,2656,2431,1397,741,656,173,97,76,90,48,42,68,35,33,3359,1735,1624
NUECES COUNTY,355,30 Years,5188,2719,2469,1473,813,660,175,90,85,84,40,44,65,32,33,3391,1744,1647
NUECES COUNTY,355,31 Years,4907,2412,2495,1358,653,705,184,104,80,107,41,66,65,29,36,3193,1585,1608
NUECES COUNTY,355,32 Years,4930,2536,2394,1347,711,636,194,111,83,114,48,66,60,28,32,3215,1638,1577
NUECES COUNTY,355,33 Years,4994,2560,2434,1447,751,696,191,113,78,100,35,65,68,33,35,3188,1628,1560
NUECES COUNTY,355,34 Years,5158,2619,2539,1424,754,670,188,103,85,92,42,50,63,33,30,3391,1687,1704
NUECES COUNTY,355,35 Years,5170,2676,2494,1422,746,676,189,108,81,82,43,39,68,37,31,3409,1742,1667
NUECES COUNTY,355,36 Years,5157,2615,2542,1417,726,691,190,110,80,97,35,62,69,33,36,3384,1711,1673
NUECES COUNTY,355,37 Years,4980,2533,2447,1396,725,671,168,104,64,99,42,57,61,31,30,3256,1631,1625
NUECES COUNTY,355,38 Years,4629,2347,2282,1319,694,625,183,106,77,79,36,43,57,27,30,2991,1484,1507
NUECES COUNTY,355,39 Years,4485,2234,2251,1259,647,612,175,101,74,92,42,50,54,27,27,2905,1417,1488
NUECES COUNTY,355,40 Years,4364,2118,2246,1170,580,590,149,80,69,103,44,59,50,20,30,2892,1394,1498
NUECES COUNTY,355,41 Years,4258,2058,2200,1116,565,551,157,81,76,125,59,66,46,17,29,2814,1336,1478
NUECES COUNTY,355,42 Years,4185,2079,2106,1093,562,531,153,93,60,138,70,68,40,21,19,2761,1333,1428
NUECES COUNTY,355,43 Years,4112,2044,2068,1092,562,530,150,90,60,140,65,75,44,25,19,2686,1302,1384
NUECES COUNTY,355,44 Years,4143,2056,2087,1115,585,530,169,82,87,109,48,61,50,27,23,2700,1314,1386
NUECES COUNTY,355,45 Years,4300,2090,2210,1182,584,598,151,88,63,139,45,94,56,30,26,2772,1343,1429
NUECES COUNTY,355,46 Years,4419,2175,2244,1275,664,611,153,92,61,147,62,85,55,29,26,2789,1328,1461
NUECES COUNTY,355,47 Years,4347,2175,2172,1298,663,635,153,91,62,120,47,73,44,25,19,2732,1349,1383
NUECES COUNTY,355,48 Years,3996,1986,2010,1246,651,595,130,68,62,102,37,65,46,26,20,2472,1204,1268
NUECES COUNTY,355,49 Years,3965,1934,2031,1214,612,602,126,65,61,110,49,61,50,24,26,2465,1184,1281
NUECES COUNTY,355,50 Years,3988,1966,2022,1227,633,594,132,70,62,93,38,55,42,18,24,2494,1207,1287
NUECES COUNTY,355,51 Years,3858,1930,1928,1258,644,614,123,68,55,71,27,44,45,22,23,2361,1169,1192
NUECES COUNTY,355,52 Years,4335,2148,2187,1417,703,714,184,108,76,108,48,60,49,25,24,2577,1264,1313
NUECES COUNTY,355,53 Years,4519,2185,2334,1606,816,790,169,93,76,106,42,64,49,24,25,2589,1210,1379
NUECES COUNTY,355,54 Years,4737,2262,2475,1695,844,851,182,100,82,103,38,65,40,22,18,2717,1258,1459
NUECES COUNTY,355,55 Years,4534,2248,2286,1649,834,815,177,102,75,78,31,47,56,32,24,2574,1249,1325
NUECES COUNTY,355,56 Years,4530,2221,2309,1713,876,837,168,97,71,101,50,51,62,36,26,2486,1162,1324
NUECES COUNTY,355,57 Years,4655,2279,2376,1745,896,849,180,94,86,101,38,63,61,30,31,2568,1221,1347
NUECES COUNTY,355,58 Years,4427,2165,2262,1711,850,861,171,85,86,92,33,59,42,20,22,2411,1177,1234
NUECES COUNTY,355,59 Years,4378,2138,2240,1689,841,848,162,87,75,89,37,52,42,21,21,2396,1152,1244
NUECES COUNTY,355,60 Years,4408,2121,2287,1711,861,850,183,93,90,85,38,47,56,30,26,2373,1099,1274
NUECES COUNTY,355,61 Years,4446,2166,2280,1719,881,838,194,108,86,93,32,61,51,28,23,2389,1117,1272
NUECES COUNTY,355,62 Years,4358,2124,2234,1797,903,894,183,104,79,97,46,51,55,31,24,2226,1040,1186
NUECES COUNTY,355,63 Years,4190,2022,2168,1756,872,884,175,86,89,99,39,60,44,20,24,2116,1005,1111
NUECES COUNTY,355,64 Years,3892,1905,1987,1604,810,794,161,90,71,83,29,54,37,14,23,2007,962,1045
NUECES COUNTY,355,65 Years,3629,1786,1843,1518,767,751,136,75,61,71,30,41,44,23,21,1860,891,969
NUECES COUNTY,355,66 Years,3475,1670,1805,1393,688,705,122,64,58,73,26,47,42,23,19,1845,869,976
NUECES COUNTY,355,67 Years,3339,1591,1748,1317,658,659,133,65,68,70,26,44,42,24,18,1777,818,959
NUECES COUNTY,355,68 Years,3249,1556,1693,1278,646,632,119,55,64,65,26,39,38,21,17,1749,808,941
NUECES COUNTY,355,69 Years,3254,1568,1686,1334,685,649,115,57,58,61,22,39,42,21,21,1702,783,919
NUECES COUNTY,355,70 Years,3104,1474,1630,1324,659,665,90,42,48,55,20,35,45,21,24,1590,732,858
NUECES COUNTY,355,71 Years,2618,1225,1393,1077,513,564,93,49,44,52,18,34,32,17,15,1364,628,736
NUECES COUNTY,355,72 Years,2486,1170,1316,1005,489,516,83,39,44,44,18,26,24,13,11,1330,611,719
NUECES COUNTY,355,73 Years,2287,1066,1221,991,476,515,72,35,37,36,12,24,22,11,11,1166,532,634
NUECES COUNTY,355,74 Years,2087,959,1128,940,446,494,70,32,38,29,11,18,19,8,11,1029,462,567
NUECES COUNTY,355,75 Years,1938,894,1044,838,427,411,70,31,39,31,12,19,14,5,9,985,419,566
NUECES COUNTY,355,76 Years,1766,806,960,772,379,393,56,25,31,30,13,17,16,6,10,892,383,509
NUECES COUNTY,355,77 Years,1574,711,863,692,325,367,48,24,24,29,13,16,19,10,9,786,339,447
NUECES COUNTY,355,78 Years,1488,640,848,661,303,358,51,22,29,21,9,12,14,5,9,741,301,440
NUECES COUNTY,355,79 Years,1408,572,836,593,263,330,48,18,30,17,9,8,15,6,9,735,276,459
NUECES COUNTY,355,80 Years,1324,550,774,576,255,321,45,16,29,19,10,9,14,4,10,670,265,405
NUECES COUNTY,355,81 Years,1234,494,740,523,217,306,41,15,26,20,11,9,11,4,7,639,247,392
NUECES COUNTY,355,82 Years,1225,470,755,534,214,320,43,18,25,14,5,9,10,4,6,624,229,395
NUECES COUNTY,355,83 Years,1059,414,645,468,186,282,32,11,21,16,6,10,9,2,7,534,209,325
NUECES COUNTY,355,84 Years,939,361,578,419,174,245,32,12,20,18,5,13,9,4,5,461,166,295
NUECES COUNTY,355,85 Years,909,341,568,407,163,244,29,12,17,16,3,13,9,5,4,448,158,290
NUECES COUNTY,355,86 Years,870,321,549,404,152,252,22,9,13,23,7,16,7,3,4,414,150,264
NUECES COUNTY,355,87 Years,767,288,479,362,150,212,23,6,17,14,4,10,7,2,5,361,126,235
NUECES COUNTY,355,88 Years,643,235,408,305,119,186,19,5,14,9,3,6,5,3,2,305,105,200
NUECES COUNTY,355,89 Years,573,189,384,273,97,176,20,6,14,7,1,6,1,1,0,272,84,188
NUECES COUNTY,355,90 Years,493,168,325,236,79,157,16,4,12,6,3,3,3,2,1,232,80,152
NUECES COUNTY,355,91 Years,419,145,274,202,69,133,14,4,10,5,3,2,3,2,1,195,67,128
NUECES COUNTY,355,92 Years,348,113,235,168,54,114,14,4,10,7,3,4,3,2,1,156,50,106
NUECES COUNTY,355,93 Years,279,90,189,134,46,88,14,3,11,5,1,4,3,1,2,123,39,84
NUECES COUNTY,355,94 Years,211,69,142,99,33,66,7,2,5,5,2,3,1,0,1,99,32,67
NUECES COUNTY,355,95 Years +,512,145,367,231,64,167,26,6,20,10,5,5,2,0,2,243,70,173
OCHILTREE COUNTY,357,All Ages,10466,5316,5150,4567,2270,2297,21,9,12,22,10,12,133,62,71,5723,2965,2758
OCHILTREE COUNTY,357,< 1 Year,168,78,90,44,20,24,0,0,0,0,0,0,0,0,0,124,58,66
OCHILTREE COUNTY,357,1 Years,162,78,84,37,18,19,0,0,0,0,0,0,2,1,1,123,59,64
OCHILTREE COUNTY,357,2 Years,184,86,98,44,21,23,0,0,0,0,0,0,2,1,1,138,64,74
OCHILTREE COUNTY,357,3 Years,181,89,92,41,20,21,0,0,0,0,0,0,2,1,1,138,68,70
OCHILTREE COUNTY,357,4 Years,179,87,92,46,21,25,1,0,1,0,0,0,2,1,1,130,65,65
OCHILTREE COUNTY,357,5 Years,174,87,87,45,23,22,1,0,1,1,0,1,2,1,1,125,63,62
OCHILTREE COUNTY,357,6 Years,164,80,84,44,22,22,0,0,0,0,0,0,1,1,0,119,57,62
OCHILTREE COUNTY,357,7 Years,175,84,91,42,25,17,0,0,0,1,1,0,2,2,0,130,56,74
OCHILTREE COUNTY,357,8 Years,174,94,80,48,31,17,1,0,1,0,0,0,1,1,0,124,62,62
OCHILTREE COUNTY,357,9 Years,181,103,78,48,27,21,1,1,0,0,0,0,3,2,1,129,73,56
OCHILTREE COUNTY,357,10 Years,179,93,86,54,24,30,0,0,0,1,0,1,1,0,1,123,69,54
OCHILTREE COUNTY,357,11 Years,185,91,94,58,30,28,1,0,1,0,0,0,1,0,1,125,61,64
OCHILTREE COUNTY,357,12 Years,189,85,104,54,27,27,1,0,1,0,0,0,1,0,1,133,58,75
OCHILTREE COUNTY,357,13 Years,198,88,110,66,29,37,1,0,1,1,0,1,1,1,0,129,58,71
OCHILTREE COUNTY,357,14 Years,176,92,84,54,29,25,1,0,1,0,0,0,4,3,1,117,60,57
OCHILTREE COUNTY,357,15 Years,156,76,80,50,29,21,0,0,0,0,0,0,2,1,1,104,46,58
OCHILTREE COUNTY,357,16 Years,173,90,83,57,37,20,1,0,1,0,0,0,4,2,2,111,51,60
OCHILTREE COUNTY,357,17 Years,162,90,72,49,29,20,1,0,1,0,0,0,3,2,1,109,59,50
OCHILTREE COUNTY,357,18 Years,158,83,75,48,25,23,0,0,0,0,0,0,4,2,2,106,56,50
OCHILTREE COUNTY,357,19 Years,132,74,58,42,22,20,0,0,0,0,0,0,1,0,1,89,52,37
OCHILTREE COUNTY,357,20 Years,131,70,61,46,24,22,0,0,0,0,0,0,2,1,1,83,45,38
OCHILTREE COUNTY,357,21 Years,136,80,56,49,27,22,0,0,0,0,0,0,4,3,1,83,50,33
OCHILTREE COUNTY,357,22 Years,139,84,55,51,26,25,0,0,0,0,0,0,2,1,1,86,57,29
OCHILTREE COUNTY,357,23 Years,141,74,67,50,26,24,0,0,0,0,0,0,4,1,3,87,47,40
OCHILTREE COUNTY,357,24 Years,136,77,59,55,29,26,0,0,0,1,0,1,2,2,0,78,46,32
OCHILTREE COUNTY,357,25 Years,156,84,72,62,30,32,1,0,1,0,0,0,2,0,2,91,54,37
OCHILTREE COUNTY,357,26 Years,131,58,73,51,20,31,0,0,0,0,0,0,2,0,2,78,38,40
OCHILTREE COUNTY,357,27 Years,141,67,74,62,27,35,0,0,0,1,1,0,0,0,0,78,39,39
OCHILTREE COUNTY,357,28 Years,139,68,71,60,27,33,0,0,0,1,0,1,2,1,1,76,40,36
OCHILTREE COUNTY,357,29 Years,147,73,74,61,28,33,0,0,0,0,0,0,2,1,1,84,44,40
OCHILTREE COUNTY,357,30 Years,151,71,80,55,25,30,1,1,0,0,0,0,2,1,1,93,44,49
OCHILTREE COUNTY,357,31 Years,130,61,69,56,21,35,0,0,0,0,0,0,0,0,0,74,40,34
OCHILTREE COUNTY,357,32 Years,169,82,87,73,33,40,0,0,0,0,0,0,4,2,2,92,47,45
OCHILTREE COUNTY,357,33 Years,136,69,67,61,29,32,0,0,0,1,0,1,1,1,0,73,39,34
OCHILTREE COUNTY,357,34 Years,135,67,68,60,27,33,0,0,0,0,0,0,2,2,0,73,38,35
OCHILTREE COUNTY,357,35 Years,146,75,71,67,36,31,1,1,0,0,0,0,1,1,0,77,37,40
OCHILTREE COUNTY,357,36 Years,131,61,70,56,29,27,1,0,1,1,1,0,1,1,0,72,30,42
OCHILTREE COUNTY,357,37 Years,117,68,49,48,30,18,0,0,0,1,1,0,2,0,2,66,37,29
OCHILTREE COUNTY,357,38 Years,142,71,71,57,28,29,1,1,0,0,0,0,2,2,0,82,40,42
OCHILTREE COUNTY,357,39 Years,150,69,81,58,27,31,0,0,0,0,0,0,2,0,2,90,42,48
OCHILTREE COUNTY,357,40 Years,136,68,68,45,20,25,0,0,0,1,0,1,2,1,1,88,47,41
OCHILTREE COUNTY,357,41 Years,128,69,59,44,18,26,0,0,0,1,1,0,0,0,0,83,50,33
OCHILTREE COUNTY,357,42 Years,143,76,67,57,27,30,0,0,0,0,0,0,1,1,0,85,48,37
OCHILTREE COUNTY,357,43 Years,142,83,59,60,37,23,0,0,0,0,0,0,0,0,0,82,46,36
OCHILTREE COUNTY,357,44 Years,117,66,51,46,26,20,0,0,0,0,0,0,0,0,0,71,40,31
OCHILTREE COUNTY,357,45 Years,126,78,48,48,31,17,1,0,1,1,1,0,0,0,0,76,46,30
OCHILTREE COUNTY,357,46 Years,117,63,54,48,25,23,0,0,0,1,1,0,1,0,1,67,37,30
OCHILTREE COUNTY,357,47 Years,120,64,56,53,28,25,0,0,0,0,0,0,1,0,1,66,36,30
OCHILTREE COUNTY,357,48 Years,108,59,49,45,24,21,0,0,0,0,0,0,1,1,0,62,34,28
OCHILTREE COUNTY,357,49 Years,113,59,54,45,22,23,1,1,0,0,0,0,3,1,2,64,35,29
OCHILTREE COUNTY,357,50 Years,110,61,49,55,29,26,1,1,0,0,0,0,1,0,1,53,31,22
OCHILTREE COUNTY,357,51 Years,128,66,62,56,29,27,1,1,0,0,0,0,1,0,1,70,36,34
OCHILTREE COUNTY,357,52 Years,126,65,61,62,32,30,1,1,0,1,1,0,4,1,3,58,30,28
OCHILTREE COUNTY,357,53 Years,126,70,56,68,31,37,0,0,0,1,0,1,2,1,1,55,38,17
OCHILTREE COUNTY,357,54 Years,131,69,62,81,38,43,0,0,0,1,0,1,1,1,0,48,30,18
OCHILTREE COUNTY,357,55 Years,129,65,64,82,44,38,1,1,0,0,0,0,2,1,1,44,19,25
OCHILTREE COUNTY,357,56 Years,139,75,64,84,45,39,0,0,0,0,0,0,1,1,0,54,29,25
OCHILTREE COUNTY,357,57 Years,139,72,67,83,42,41,0,0,0,1,1,0,4,2,2,51,27,24
OCHILTREE COUNTY,357,58 Years,119,59,60,69,38,31,0,0,0,1,0,1,5,2,3,44,19,25
OCHILTREE COUNTY,357,59 Years,116,57,59,71,34,37,0,0,0,1,0,1,4,2,2,40,21,19
OCHILTREE COUNTY,357,60 Years,117,66,51,81,46,35,0,0,0,0,0,0,1,0,1,35,20,15
OCHILTREE COUNTY,357,61 Years,113,59,54,75,40,35,0,0,0,0,0,0,2,1,1,36,18,18
OCHILTREE COUNTY,357,62 Years,116,65,51,76,43,33,0,0,0,0,0,0,1,1,0,39,21,18
OCHILTREE COUNTY,357,63 Years,100,51,49,66,35,31,0,0,0,1,1,0,1,0,1,32,15,17
OCHILTREE COUNTY,357,64 Years,94,42,52,64,29,35,0,0,0,0,0,0,1,0,1,29,13,16
OCHILTREE COUNTY,357,65 Years,95,46,49,72,33,39,0,0,0,0,0,0,0,0,0,23,13,10
OCHILTREE COUNTY,357,66 Years,76,41,35,58,29,29,0,0,0,0,0,0,0,0,0,18,12,6
OCHILTREE COUNTY,357,67 Years,71,38,33,50,26,24,0,0,0,0,0,0,0,0,0,21,12,9
OCHILTREE COUNTY,357,68 Years,72,35,37,53,24,29,0,0,0,1,0,1,0,0,0,18,11,7
OCHILTREE COUNTY,357,69 Years,70,40,30,59,32,27,0,0,0,0,0,0,0,0,0,11,8,3
OCHILTREE COUNTY,357,70 Years,66,37,29,51,28,23,0,0,0,0,0,0,1,0,1,14,9,5
OCHILTREE COUNTY,357,71 Years,55,28,27,36,18,18,0,0,0,0,0,0,3,1,2,16,9,7
OCHILTREE COUNTY,357,72 Years,57,24,33,40,18,22,0,0,0,0,0,0,1,0,1,16,6,10
OCHILTREE COUNTY,357,73 Years,50,24,26,39,18,21,0,0,0,0,0,0,0,0,0,11,6,5
OCHILTREE COUNTY,357,74 Years,50,25,25,38,18,20,0,0,0,0,0,0,0,0,0,12,7,5
OCHILTREE COUNTY,357,75 Years,41,15,26,32,11,21,0,0,0,0,0,0,1,0,1,8,4,4
OCHILTREE COUNTY,357,76 Years,46,16,30,41,15,26,0,0,0,0,0,0,1,0,1,4,1,3
OCHILTREE COUNTY,357,77 Years,42,17,25,36,14,22,0,0,0,0,0,0,0,0,0,6,3,3
OCHILTREE COUNTY,357,78 Years,32,11,21,25,9,16,0,0,0,0,0,0,1,0,1,6,2,4
OCHILTREE COUNTY,357,79 Years,32,16,16,26,14,12,0,0,0,0,0,0,0,0,0,6,2,4
OCHILTREE COUNTY,357,80 Years,29,16,13,17,10,7,0,0,0,0,0,0,1,0,1,11,6,5
OCHILTREE COUNTY,357,81 Years,31,11,20,20,7,13,0,0,0,0,0,0,1,0,1,10,4,6
OCHILTREE COUNTY,357,82 Years,35,15,20,28,12,16,0,0,0,0,0,0,1,0,1,6,3,3
OCHILTREE COUNTY,357,83 Years,30,10,20,24,9,15,0,0,0,0,0,0,1,0,1,5,1,4
OCHILTREE COUNTY,357,84 Years,27,13,14,21,11,10,0,0,0,0,0,0,0,0,0,6,2,4
OCHILTREE COUNTY,357,85 Years,23,8,15,18,6,12,0,0,0,0,0,0,1,0,1,4,2,2
OCHILTREE COUNTY,357,86 Years,30,11,19,25,8,17,0,0,0,0,0,0,1,1,0,4,2,2
OCHILTREE COUNTY,357,87 Years,17,7,10,13,5,8,0,0,0,0,0,0,1,1,0,3,1,2
OCHILTREE COUNTY,357,88 Years,16,5,11,14,4,10,0,0,0,0,0,0,0,0,0,2,1,1
OCHILTREE COUNTY,357,89 Years,14,3,11,13,3,10,0,0,0,0,0,0,0,0,0,1,0,1
OCHILTREE COUNTY,357,90 Years,13,6,7,12,6,6,0,0,0,0,0,0,0,0,0,1,0,1
OCHILTREE COUNTY,357,91 Years,13,5,8,10,3,7,0,0,0,0,0,0,0,0,0,3,2,1
OCHILTREE COUNTY,357,92 Years,6,3,3,6,3,3,0,0,0,0,0,0,0,0,0,0,0,0
OCHILTREE COUNTY,357,93 Years,4,2,2,4,2,2,0,0,0,0,0,0,0,0,0,0,0,0
OCHILTREE COUNTY,357,94 Years,6,1,5,5,1,4,0,0,0,0,0,0,0,0,0,1,0,1
OCHILTREE COUNTY,357,95 Years +,10,3,7,8,2,6,0,0,0,0,0,0,0,0,0,2,1,1
OLDHAM COUNTY,359,All Ages,2130,1088,1042,1764,901,863,62,36,26,14,4,10,32,14,18,258,133,125
OLDHAM COUNTY,359,< 1 Year,21,11,10,17,9,8,0,0,0,0,0,0,0,0,0,4,2,2
OLDHAM COUNTY,359,1 Years,21,11,10,19,10,9,0,0,0,0,0,0,0,0,0,2,1,1
OLDHAM COUNTY,359,2 Years,21,11,10,18,10,8,0,0,0,0,0,0,0,0,0,3,1,2
OLDHAM COUNTY,359,3 Years,22,12,10,19,10,9,0,0,0,0,0,0,0,0,0,3,2,1
OLDHAM COUNTY,359,4 Years,22,10,12,19,8,11,0,0,0,0,0,0,0,0,0,3,2,1
OLDHAM COUNTY,359,5 Years,20,11,9,18,9,9,0,0,0,0,0,0,0,0,0,2,2,0
OLDHAM COUNTY,359,6 Years,17,8,9,15,7,8,0,0,0,0,0,0,0,0,0,2,1,1
OLDHAM COUNTY,359,7 Years,17,11,6,13,8,5,2,1,1,0,0,0,0,0,0,2,2,0
OLDHAM COUNTY,359,8 Years,20,10,10,15,9,6,1,1,0,0,0,0,0,0,0,4,0,4
OLDHAM COUNTY,359,9 Years,24,15,9,14,9,5,6,6,0,0,0,0,1,0,1,3,0,3
OLDHAM COUNTY,359,10 Years,21,12,9,16,8,8,2,2,0,0,0,0,0,0,0,3,2,1
OLDHAM COUNTY,359,11 Years,19,12,7,16,10,6,1,0,1,0,0,0,0,0,0,2,2,0
OLDHAM COUNTY,359,12 Years,26,14,12,22,13,9,1,0,1,0,0,0,0,0,0,3,1,2
OLDHAM COUNTY,359,13 Years,41,21,20,26,12,14,1,0,1,0,0,0,2,0,2,12,9,3
OLDHAM COUNTY,359,14 Years,44,24,20,23,10,13,0,0,0,1,0,1,0,0,0,20,14,6
OLDHAM COUNTY,359,15 Years,76,47,29,57,34,23,6,3,3,0,0,0,4,3,1,9,7,2
OLDHAM COUNTY,359,16 Years,80,51,29,64,41,23,5,3,2,0,0,0,0,0,0,11,7,4
OLDHAM COUNTY,359,17 Years,65,38,27,48,29,19,2,1,1,1,0,1,3,2,1,11,6,5
OLDHAM COUNTY,359,18 Years,56,40,16,42,31,11,4,4,0,0,0,0,0,0,0,10,5,5
OLDHAM COUNTY,359,19 Years,41,25,16,33,20,13,0,0,0,0,0,0,1,1,0,7,4,3
OLDHAM COUNTY,359,20 Years,41,24,17,32,20,12,3,2,1,0,0,0,2,0,2,4,2,2
OLDHAM COUNTY,359,21 Years,47,29,18,34,23,11,4,3,1,0,0,0,4,1,3,5,2,3
OLDHAM COUNTY,359,22 Years,30,19,11,21,14,7,4,3,1,0,0,0,1,0,1,4,2,2
OLDHAM COUNTY,359,23 Years,24,15,9,18,12,6,3,2,1,0,0,0,0,0,0,3,1,2
OLDHAM COUNTY,359,24 Years,17,10,7,12,8,4,2,1,1,0,0,0,0,0,0,3,1,2
OLDHAM COUNTY,359,25 Years,28,16,12,23,14,9,2,1,1,0,0,0,0,0,0,3,1,2
OLDHAM COUNTY,359,26 Years,16,7,9,14,6,8,1,1,0,0,0,0,0,0,0,1,0,1
OLDHAM COUNTY,359,27 Years,11,4,7,6,2,4,1,0,1,0,0,0,1,0,1,3,2,1
OLDHAM COUNTY,359,28 Years,13,5,8,9,5,4,1,0,1,0,0,0,0,0,0,3,0,3
OLDHAM COUNTY,359,29 Years,13,8,5,10,6,4,0,0,0,0,0,0,0,0,0,3,2,1
OLDHAM COUNTY,359,30 Years,6,4,2,5,3,2,0,0,0,0,0,0,0,0,0,1,1,0
OLDHAM COUNTY,359,31 Years,16,5,11,12,4,8,0,0,0,0,0,0,0,0,0,4,1,3
OLDHAM COUNTY,359,32 Years,22,10,12,18,7,11,1,1,0,0,0,0,0,0,0,3,2,1
OLDHAM COUNTY,359,33 Years,18,7,11,16,6,10,0,0,0,0,0,0,0,0,0,2,1,1
OLDHAM COUNTY,359,34 Years,15,6,9,12,5,7,0,0,0,0,0,0,0,0,0,3,1,2
OLDHAM COUNTY,359,35 Years,21,9,12,17,8,9,1,0,1,0,0,0,0,0,0,3,1,2
OLDHAM COUNTY,359,36 Years,21,4,17,19,3,16,0,0,0,0,0,0,0,0,0,2,1,1
OLDHAM COUNTY,359,37 Years,26,10,16,24,10,14,0,0,0,0,0,0,1,0,1,1,0,1
OLDHAM COUNTY,359,38 Years,31,14,17,30,14,16,1,0,1,0,0,0,0,0,0,0,0,0
OLDHAM COUNTY,359,39 Years,24,12,12,22,11,11,0,0,0,0,0,0,0,0,0,2,1,1
OLDHAM COUNTY,359,40 Years,21,11,10,18,10,8,0,0,0,1,0,1,0,0,0,2,1,1
OLDHAM COUNTY,359,41 Years,20,11,9,16,9,7,0,0,0,1,0,1,1,1,0,2,1,1
OLDHAM COUNTY,359,42 Years,20,10,10,18,8,10,1,1,0,0,0,0,0,0,0,1,1,0
OLDHAM COUNTY,359,43 Years,23,11,12,23,11,12,0,0,0,0,0,0,0,0,0,0,0,0
OLDHAM COUNTY,359,44 Years,22,11,11,19,10,9,2,0,2,0,0,0,0,0,0,1,1,0
OLDHAM COUNTY,359,45 Years,27,15,12,22,13,9,1,0,1,1,0,1,2,2,0,1,0,1
OLDHAM COUNTY,359,46 Years,22,9,13,17,8,9,0,0,0,1,0,1,2,0,2,2,1,1
OLDHAM COUNTY,359,47 Years,24,13,11,20,11,9,0,0,0,0,0,0,0,0,0,4,2,2
OLDHAM COUNTY,359,48 Years,30,11,19,27,10,17,0,0,0,0,0,0,0,0,0,3,1,2
OLDHAM COUNTY,359,49 Years,22,9,13,20,8,12,0,0,0,0,0,0,0,0,0,2,1,1
OLDHAM COUNTY,359,50 Years,12,4,8,11,4,7,0,0,0,0,0,0,0,0,0,1,0,1
OLDHAM COUNTY,359,51 Years,15,6,9,12,4,8,0,0,0,0,0,0,1,1,0,2,1,1
OLDHAM COUNTY,359,52 Years,22,9,13,21,8,13,0,0,0,0,0,0,0,0,0,1,1,0
OLDHAM COUNTY,359,53 Years,32,15,17,29,13,16,0,0,0,0,0,0,0,0,0,3,2,1
OLDHAM COUNTY,359,54 Years,33,21,12,29,18,11,0,0,0,1,1,0,0,0,0,3,2,1
OLDHAM COUNTY,359,55 Years,21,11,10,18,10,8,0,0,0,0,0,0,0,0,0,3,1,2
OLDHAM COUNTY,359,56 Years,26,10,16,22,9,13,0,0,0,0,0,0,0,0,0,4,1,3
OLDHAM COUNTY,359,57 Years,25,11,14,21,10,11,0,0,0,0,0,0,1,1,0,3,0,3
OLDHAM COUNTY,359,58 Years,27,14,13,21,10,11,0,0,0,0,0,0,1,1,0,5,3,2
OLDHAM COUNTY,359,59 Years,32,15,17,27,13,14,0,0,0,1,0,1,0,0,0,4,2,2
OLDHAM COUNTY,359,60 Years,35,14,21,31,13,18,1,0,1,1,1,0,1,0,1,1,0,1
OLDHAM COUNTY,359,61 Years,27,14,13,24,12,12,0,0,0,1,1,0,0,0,0,2,1,1
OLDHAM COUNTY,359,62 Years,39,21,18,33,17,16,0,0,0,1,0,1,0,0,0,5,4,1
OLDHAM COUNTY,359,63 Years,25,11,14,21,10,11,0,0,0,0,0,0,0,0,0,4,1,3
OLDHAM COUNTY,359,64 Years,19,8,11,15,6,9,0,0,0,1,0,1,0,0,0,3,2,1
OLDHAM COUNTY,359,65 Years,23,11,12,22,11,11,1,0,1,0,0,0,0,0,0,0,0,0
OLDHAM COUNTY,359,66 Years,22,7,15,19,7,12,1,0,1,0,0,0,0,0,0,2,0,2
OLDHAM COUNTY,359,67 Years,22,12,10,22,12,10,0,0,0,0,0,0,0,0,0,0,0,0
OLDHAM COUNTY,359,68 Years,27,15,12,24,15,9,0,0,0,0,0,0,1,0,1,2,0,2
OLDHAM COUNTY,359,69 Years,29,13,16,26,13,13,0,0,0,0,0,0,1,0,1,2,0,2
OLDHAM COUNTY,359,70 Years,22,11,11,19,10,9,0,0,0,1,0,1,0,0,0,2,1,1
OLDHAM COUNTY,359,71 Years,21,12,9,17,10,7,0,0,0,0,0,0,0,0,0,4,2,2
OLDHAM COUNTY,359,72 Years,17,9,8,14,7,7,0,0,0,0,0,0,0,0,0,3,2,1
OLDHAM COUNTY,359,73 Years,23,11,12,21,9,12,0,0,0,0,0,0,0,0,0,2,2,0
OLDHAM COUNTY,359,74 Years,16,6,10,14,5,9,0,0,0,0,0,0,0,0,0,2,1,1
OLDHAM COUNTY,359,75 Years,10,3,7,10,3,7,0,0,0,0,0,0,0,0,0,0,0,0
OLDHAM COUNTY,359,76 Years,11,6,5,10,5,5,0,0,0,1,1,0,0,0,0,0,0,0
OLDHAM COUNTY,359,77 Years,15,5,10,15,5,10,0,0,0,0,0,0,0,0,0,0,0,0
OLDHAM COUNTY,359,78 Years,14,4,10,14,4,10,0,0,0,0,0,0,0,0,0,0,0,0
OLDHAM COUNTY,359,79 Years,11,6,5,10,6,4,0,0,0,0,0,0,0,0,0,1,0,1
OLDHAM COUNTY,359,80 Years,14,7,7,11,6,5,0,0,0,0,0,0,0,0,0,3,1,2
OLDHAM COUNTY,359,81 Years,14,8,6,12,6,6,0,0,0,0,0,0,1,1,0,1,1,0
OLDHAM COUNTY,359,82 Years,11,5,6,11,5,6,0,0,0,0,0,0,0,0,0,0,0,0
OLDHAM COUNTY,359,83 Years,10,4,6,10,4,6,0,0,0,0,0,0,0,0,0,0,0,0
OLDHAM COUNTY,359,84 Years,7,4,3,6,3,3,0,0,0,0,0,0,0,0,0,1,1,0
OLDHAM COUNTY,359,85 Years,6,2,4,6,2,4,0,0,0,0,0,0,0,0,0,0,0,0
OLDHAM COUNTY,359,86 Years,9,4,5,9,4,5,0,0,0,0,0,0,0,0,0,0,0,0
OLDHAM COUNTY,359,87 Years,6,3,3,6,3,3,0,0,0,0,0,0,0,0,0,0,0,0
OLDHAM COUNTY,359,88 Years,6,3,3,6,3,3,0,0,0,0,0,0,0,0,0,0,0,0
OLDHAM COUNTY,359,89 Years,5,2,3,5,2,3,0,0,0,0,0,0,0,0,0,0,0,0
OLDHAM COUNTY,359,90 Years,4,1,3,4,1,3,0,0,0,0,0,0,0,0,0,0,0,0
OLDHAM COUNTY,359,91 Years,4,1,3,4,1,3,0,0,0,0,0,0,0,0,0,0,0,0
OLDHAM COUNTY,359,92 Years,3,1,2,2,1,1,0,0,0,0,0,0,0,0,0,1,0,1
OLDHAM COUNTY,359,93 Years,5,2,3,4,2,2,0,0,0,0,0,0,0,0,0,1,0,1
OLDHAM COUNTY,359,94 Years,3,1,2,3,1,2,0,0,0,0,0,0,0,0,0,0,0,0
OLDHAM COUNTY,359,95 Years +,5,2,3,5,2,3,0,0,0,0,0,0,0,0,0,0,0,0
ORANGE COUNTY,361,All Ages,84894,42149,42745,69157,34217,34940,7438,3580,3858,884,429,455,1779,910,869,5636,3013,2623
ORANGE COUNTY,361,< 1 Year,1022,520,502,727,375,352,106,51,55,10,6,4,54,27,27,125,61,64
ORANGE COUNTY,361,1 Years,1057,542,515,750,388,362,120,61,59,11,6,5,54,27,27,122,60,62
ORANGE COUNTY,361,2 Years,1093,560,533,797,409,388,118,63,55,11,6,5,51,27,24,116,55,61
ORANGE COUNTY,361,3 Years,1117,573,544,816,414,402,125,70,55,11,5,6,48,25,23,117,59,58
ORANGE COUNTY,361,4 Years,1094,557,537,791,404,387,121,59,62,10,5,5,49,26,23,123,63,60
ORANGE COUNTY,361,5 Years,1052,545,507,758,392,366,120,60,60,10,6,4,43,23,20,121,64,57
ORANGE COUNTY,361,6 Years,1021,528,493,741,395,346,116,54,62,11,5,6,41,21,20,112,53,59
ORANGE COUNTY,361,7 Years,995,511,484,743,383,360,107,60,47,9,4,5,38,16,22,98,48,50
ORANGE COUNTY,361,8 Years,1121,578,543,850,433,417,108,58,50,9,6,3,37,20,17,117,61,56
ORANGE COUNTY,361,9 Years,1150,600,550,844,432,412,146,77,69,9,6,3,42,24,18,109,61,48
ORANGE COUNTY,361,10 Years,1138,587,551,854,456,398,139,63,76,10,5,5,35,16,19,100,47,53
ORANGE COUNTY,361,11 Years,1113,583,530,825,432,393,125,69,56,13,7,6,42,24,18,108,51,57
ORANGE COUNTY,361,12 Years,1099,574,525,830,427,403,123,66,57,8,5,3,28,17,11,110,59,51
ORANGE COUNTY,361,13 Years,1129,602,527,856,450,406,130,70,60,9,5,4,31,19,12,103,58,45
ORANGE COUNTY,361,14 Years,1142,604,538,845,441,404,128,66,62,13,6,7,37,19,18,119,72,47
ORANGE COUNTY,361,15 Years,1079,572,507,812,433,379,107,52,55,18,9,9,29,16,13,113,62,51
ORANGE COUNTY,361,16 Years,1078,572,506,820,438,382,114,57,57,21,9,12,28,18,10,95,50,45
ORANGE COUNTY,361,17 Years,1090,567,523,832,427,405,110,58,52,16,8,8,33,17,16,99,57,42
ORANGE COUNTY,361,18 Years,1041,520,521,800,405,395,106,52,54,16,8,8,26,13,13,93,42,51
ORANGE COUNTY,361,19 Years,920,482,438,689,363,326,92,42,50,14,9,5,23,12,11,102,56,46
ORANGE COUNTY,361,20 Years,931,486,445,713,366,347,95,52,43,14,6,8,23,10,13,86,52,34
ORANGE COUNTY,361,21 Years,970,491,479,715,357,358,117,59,58,12,4,8,23,12,11,103,59,44
ORANGE COUNTY,361,22 Years,1002,532,470,747,393,354,125,68,57,18,7,11,26,16,10,86,48,38
ORANGE COUNTY,361,23 Years,1113,559,554,820,413,407,144,68,76,15,6,9,29,17,12,105,55,50
ORANGE COUNTY,361,24 Years,1181,602,579,888,441,447,156,87,69,12,6,6,35,17,18,90,51,39
ORANGE COUNTY,361,25 Years,1170,614,556,888,455,433,144,78,66,11,3,8,29,17,12,98,61,37
ORANGE COUNTY,361,26 Years,1248,622,626,990,491,499,135,69,66,11,3,8,19,11,8,93,48,45
ORANGE COUNTY,361,27 Years,1204,620,584,980,506,474,117,59,58,8,3,5,26,14,12,73,38,35
ORANGE COUNTY,361,28 Years,1177,590,587,956,469,487,112,56,56,12,7,5,15,8,7,82,50,32
ORANGE COUNTY,361,29 Years,1108,534,574,902,426,476,95,46,49,12,5,7,11,4,7,88,53,35
ORANGE COUNTY,361,30 Years,1089,523,566,892,430,462,98,37,61,9,4,5,15,6,9,75,46,29
ORANGE COUNTY,361,31 Years,1096,547,549,898,453,445,95,40,55,14,7,7,18,9,9,71,38,33
ORANGE COUNTY,361,32 Years,1094,533,561,900,439,461,106,49,57,12,4,8,10,5,5,66,36,30
ORANGE COUNTY,361,33 Years,1077,527,550,878,428,450,87,37,50,11,7,4,17,7,10,84,48,36
ORANGE COUNTY,361,34 Years,1086,546,540,908,455,453,81,39,42,2,2,0,15,6,9,80,44,36
ORANGE COUNTY,361,35 Years,1051,525,526,876,438,438,73,34,39,3,2,1,18,11,7,81,40,41
ORANGE COUNTY,361,36 Years,1072,530,542,904,447,457,68,34,34,9,4,5,13,7,6,78,38,40
ORANGE COUNTY,361,37 Years,1064,520,544,886,438,448,80,33,47,8,3,5,15,8,7,75,38,37
ORANGE COUNTY,361,38 Years,1011,499,512,839,412,427,87,40,47,10,4,6,14,8,6,61,35,26
ORANGE COUNTY,361,39 Years,999,509,490,831,422,409,75,30,45,11,6,5,12,9,3,70,42,28
ORANGE COUNTY,361,40 Years,1007,512,495,834,424,410,78,31,47,9,5,4,13,8,5,73,44,29
ORANGE COUNTY,361,41 Years,920,463,457,745,371,374,84,37,47,15,9,6,14,6,8,62,40,22
ORANGE COUNTY,361,42 Years,956,451,505,776,361,415,80,39,41,17,6,11,14,5,9,69,40,29
ORANGE COUNTY,361,43 Years,973,462,511,806,377,429,65,34,31,14,7,7,16,6,10,72,38,34
ORANGE COUNTY,361,44 Years,985,481,504,826,396,430,72,35,37,12,9,3,16,8,8,59,33,26
ORANGE COUNTY,361,45 Years,1046,534,512,876,451,425,76,33,43,18,7,11,11,6,5,65,37,28
ORANGE COUNTY,361,46 Years,1102,566,536,919,486,433,91,40,51,17,6,11,16,6,10,59,28,31
ORANGE COUNTY,361,47 Years,1057,545,512,882,455,427,74,37,37,13,5,8,17,10,7,71,38,33
ORANGE COUNTY,361,48 Years,993,517,476,828,428,400,77,35,42,14,10,4,18,12,6,56,32,24
ORANGE COUNTY,361,49 Years,1008,517,491,840,434,406,86,39,47,17,10,7,15,10,5,50,24,26
ORANGE COUNTY,361,50 Years,1056,535,521,897,460,437,78,37,41,20,10,10,11,6,5,50,22,28
ORANGE COUNTY,361,51 Years,1070,535,535,895,447,448,90,43,47,11,5,6,20,11,9,54,29,25
ORANGE COUNTY,361,52 Years,1099,536,563,927,447,480,93,44,49,11,5,6,18,11,7,50,29,21
ORANGE COUNTY,361,53 Years,1216,561,655,1040,479,561,86,41,45,11,4,7,19,10,9,60,27,33
ORANGE COUNTY,361,54 Years,1198,594,604,1034,513,521,78,41,37,17,8,9,16,6,10,53,26,27
ORANGE COUNTY,361,55 Years,1198,613,585,1033,531,502,89,46,43,12,5,7,16,6,10,48,25,23
ORANGE COUNTY,361,56 Years,1189,592,597,1016,503,513,92,45,47,11,6,5,23,13,10,47,25,22
ORANGE COUNTY,361,57 Years,1198,598,600,1021,513,508,90,37,53,12,6,6,23,12,11,52,30,22
ORANGE COUNTY,361,58 Years,1202,584,618,1025,501,524,100,46,54,11,4,7,18,8,10,48,25,23
ORANGE COUNTY,361,59 Years,1225,601,624,1046,523,523,104,46,58,12,3,9,15,6,9,48,23,25
ORANGE COUNTY,361,60 Years,1168,566,602,999,490,509,97,41,56,12,8,4,18,5,13,42,22,20
ORANGE COUNTY,361,61 Years,1089,536,553,931,463,468,94,39,55,11,4,7,22,9,13,31,21,10
ORANGE COUNTY,361,62 Years,1101,523,578,944,447,497,91,34,57,11,6,5,20,10,10,35,26,9
ORANGE COUNTY,361,63 Years,1064,506,558,915,433,482,82,39,43,13,6,7,17,7,10,37,21,16
ORANGE COUNTY,361,64 Years,989,484,505,858,416,442,73,36,37,11,6,5,13,6,7,34,20,14
ORANGE COUNTY,361,65 Years,990,476,514,859,415,444,69,31,38,8,2,6,19,10,9,35,18,17
ORANGE COUNTY,361,66 Years,965,464,501,838,405,433,67,28,39,8,4,4,17,8,9,35,19,16
ORANGE COUNTY,361,67 Years,922,439,483,817,386,431,53,25,28,8,5,3,12,5,7,32,18,14
ORANGE COUNTY,361,68 Years,873,427,446,769,380,389,60,25,35,8,6,2,15,5,10,21,11,10
ORANGE COUNTY,361,69 Years,905,450,455,797,397,400,61,29,32,8,3,5,15,8,7,24,13,11
ORANGE COUNTY,361,70 Years,852,408,444,750,360,390,61,28,33,3,0,3,10,3,7,28,17,11
ORANGE COUNTY,361,71 Years,703,344,359,624,303,321,48,25,23,4,2,2,8,4,4,19,10,9
ORANGE COUNTY,361,72 Years,672,319,353,595,284,311,42,20,22,3,1,2,9,4,5,23,10,13
ORANGE COUNTY,361,73 Years,702,331,371,638,299,339,37,18,19,4,2,2,7,5,2,16,7,9
ORANGE COUNTY,361,74 Years,663,320,343,596,285,311,38,19,19,8,5,3,7,4,3,14,7,7
ORANGE COUNTY,361,75 Years,632,317,315,567,282,285,32,19,13,4,3,1,10,5,5,19,8,11
ORANGE COUNTY,361,76 Years,574,248,326,517,226,291,33,13,20,2,0,2,7,1,6,15,8,7
ORANGE COUNTY,361,77 Years,493,215,278,443,195,248,28,11,17,0,0,0,7,3,4,15,6,9
ORANGE COUNTY,361,78 Years,499,220,279,448,194,254,27,13,14,2,1,1,6,5,1,16,7,9
ORANGE COUNTY,361,79 Years,464,188,276,414,166,248,25,10,15,4,2,2,7,5,2,14,5,9
ORANGE COUNTY,361,80 Years,421,190,231,375,172,203,26,10,16,2,1,1,7,4,3,11,3,8
ORANGE COUNTY,361,81 Years,412,178,234,374,161,213,18,8,10,1,1,0,5,1,4,14,7,7
ORANGE COUNTY,361,82 Years,386,179,207,348,166,182,16,5,11,1,0,1,4,1,3,17,7,10
ORANGE COUNTY,361,83 Years,327,148,179,296,136,160,14,4,10,0,0,0,5,1,4,12,7,5
ORANGE COUNTY,361,84 Years,298,134,164,265,119,146,14,6,8,0,0,0,7,3,4,12,6,6
ORANGE COUNTY,361,85 Years,272,108,164,244,96,148,12,4,8,4,2,2,2,1,1,10,5,5
ORANGE COUNTY,361,86 Years,252,98,154,227,88,139,11,3,8,5,2,3,1,1,0,8,4,4
ORANGE COUNTY,361,87 Years,224,88,136,200,77,123,10,4,6,2,1,1,4,3,1,8,3,5
ORANGE COUNTY,361,88 Years,203,73,130,178,63,115,11,4,7,2,0,2,3,2,1,9,4,5
ORANGE COUNTY,361,89 Years,174,70,104,151,61,90,12,3,9,2,1,1,2,1,1,7,4,3
ORANGE COUNTY,361,90 Years,144,57,87,128,47,81,8,4,4,0,0,0,3,2,1,5,4,1
ORANGE COUNTY,361,91 Years,119,43,76,102,35,67,8,3,5,2,2,0,2,1,1,5,2,3
ORANGE COUNTY,361,92 Years,98,34,64,86,29,57,5,2,3,1,1,0,2,1,1,4,1,3
ORANGE COUNTY,361,93 Years,81,29,52,70,25,45,6,2,4,0,0,0,1,0,1,4,2,2
ORANGE COUNTY,361,94 Years,55,19,36,44,14,30,5,2,3,1,1,0,1,0,1,4,2,2
ORANGE COUNTY,361,95 Years +,116,37,79,93,26,67,10,4,6,2,2,0,3,1,2,8,4,4
PALO PINTO COUNTY,363,All Ages,28868,14112,14756,21566,10457,11109,681,338,343,151,65,86,507,281,226,5963,2971,2992
PALO PINTO COUNTY,363,< 1 Year,335,163,172,209,102,107,12,5,7,0,0,0,6,2,4,108,54,54
PALO PINTO COUNTY,363,1 Years,338,170,168,205,103,102,10,5,5,1,1,0,8,4,4,114,57,57
PALO PINTO COUNTY,363,2 Years,337,166,171,208,104,104,11,6,5,2,1,1,9,5,4,107,50,57
PALO PINTO COUNTY,363,3 Years,348,171,177,210,105,105,9,5,4,2,1,1,8,5,3,119,55,64
PALO PINTO COUNTY,363,4 Years,354,178,176,210,105,105,9,4,5,3,2,1,10,6,4,122,61,61
PALO PINTO COUNTY,363,5 Years,355,187,168,208,111,97,9,4,5,3,2,1,8,6,2,127,64,63
PALO PINTO COUNTY,363,6 Years,350,189,161,207,113,94,8,4,4,3,2,1,9,7,2,123,63,60
PALO PINTO COUNTY,363,7 Years,363,188,175,216,108,108,11,7,4,0,0,0,6,6,0,130,67,63
PALO PINTO COUNTY,363,8 Years,359,184,175,217,112,105,14,8,6,1,0,1,6,5,1,121,59,62
PALO PINTO COUNTY,363,9 Years,373,188,185,238,123,115,16,6,10,1,0,1,7,2,5,111,57,54
PALO PINTO COUNTY,363,10 Years,401,198,203,258,126,132,11,6,5,0,0,0,11,4,7,121,62,59
PALO PINTO COUNTY,363,11 Years,387,194,193,243,128,115,9,2,7,1,1,0,13,8,5,121,55,66
PALO PINTO COUNTY,363,12 Years,389,195,194,241,122,119,11,6,5,3,2,1,12,5,7,122,60,62
PALO PINTO COUNTY,363,13 Years,352,181,171,221,118,103,10,6,4,1,0,1,9,4,5,111,53,58
PALO PINTO COUNTY,363,14 Years,368,189,179,241,131,110,8,4,4,0,0,0,7,4,3,112,50,62
PALO PINTO COUNTY,363,15 Years,355,173,182,233,116,117,8,4,4,1,1,0,7,3,4,106,49,57
PALO PINTO COUNTY,363,16 Years,379,191,188,239,128,111,12,5,7,2,1,1,12,7,5,114,50,64
PALO PINTO COUNTY,363,17 Years,413,205,208,258,128,130,14,6,8,2,1,1,11,6,5,128,64,64
PALO PINTO COUNTY,363,18 Years,376,192,184,230,116,114,9,5,4,3,1,2,11,7,4,123,63,60
PALO PINTO COUNTY,363,19 Years,341,187,154,200,113,87,11,5,6,1,1,0,9,5,4,120,63,57
PALO PINTO COUNTY,363,20 Years,318,168,150,190,101,89,10,7,3,1,1,0,10,7,3,107,52,55
PALO PINTO COUNTY,363,21 Years,339,180,159,199,100,99,10,6,4,2,2,0,11,5,6,117,67,50
PALO PINTO COUNTY,363,22 Years,340,176,164,197,100,97,10,5,5,1,0,1,9,5,4,123,66,57
PALO PINTO COUNTY,363,23 Years,346,181,165,219,107,112,10,7,3,2,1,1,5,4,1,110,62,48
PALO PINTO COUNTY,363,24 Years,390,210,180,266,139,127,7,5,2,1,0,1,8,4,4,108,62,46
PALO PINTO COUNTY,363,25 Years,370,187,183,262,131,131,8,4,4,2,1,1,5,3,2,93,48,45
PALO PINTO COUNTY,363,26 Years,375,171,204,273,126,147,10,5,5,1,0,1,4,2,2,87,38,49
PALO PINTO COUNTY,363,27 Years,370,173,197,269,122,147,9,6,3,2,0,2,4,3,1,86,42,44
PALO PINTO COUNTY,363,28 Years,345,167,178,256,117,139,7,5,2,0,0,0,4,4,0,78,41,37
PALO PINTO COUNTY,363,29 Years,358,170,188,254,113,141,6,4,2,0,0,0,5,4,1,93,49,44
PALO PINTO COUNTY,363,30 Years,337,173,164,252,127,125,5,3,2,0,0,0,3,3,0,77,40,37
PALO PINTO COUNTY,363,31 Years,330,174,156,246,126,120,9,7,2,0,0,0,2,1,1,73,40,33
PALO PINTO COUNTY,363,32 Years,308,146,162,227,105,122,5,1,4,2,2,0,5,1,4,69,37,32
PALO PINTO COUNTY,363,33 Years,318,169,149,234,124,110,7,4,3,3,1,2,8,5,3,66,35,31
PALO PINTO COUNTY,363,34 Years,322,153,169,231,103,128,6,3,3,3,1,2,7,4,3,75,42,33
PALO PINTO COUNTY,363,35 Years,309,140,169,230,102,128,9,5,4,3,2,1,3,1,2,64,30,34
PALO PINTO COUNTY,363,36 Years,317,150,167,227,104,123,7,3,4,1,1,0,4,2,2,78,40,38
PALO PINTO COUNTY,363,37 Years,301,140,161,228,101,127,9,6,3,1,1,0,5,4,1,58,28,30
PALO PINTO COUNTY,363,38 Years,306,144,162,225,104,121,9,5,4,3,2,1,6,3,3,63,30,33
PALO PINTO COUNTY,363,39 Years,303,143,160,221,104,117,8,3,5,5,2,3,5,2,3,64,32,32
PALO PINTO COUNTY,363,40 Years,308,161,147,229,120,109,7,4,3,4,2,2,2,2,0,66,33,33
PALO PINTO COUNTY,363,41 Years,304,146,158,219,107,112,7,5,2,1,1,0,1,1,0,76,32,44
PALO PINTO COUNTY,363,42 Years,310,142,168,223,104,119,3,1,2,1,1,0,4,3,1,79,33,46
PALO PINTO COUNTY,363,43 Years,325,152,173,233,108,125,7,5,2,3,0,3,8,4,4,74,35,39
PALO PINTO COUNTY,363,44 Years,320,144,176,229,100,129,7,5,2,2,0,2,8,4,4,74,35,39
PALO PINTO COUNTY,363,45 Years,317,149,168,236,110,126,5,3,2,1,0,1,4,2,2,71,34,37
PALO PINTO COUNTY,363,46 Years,336,155,181,251,125,126,4,1,3,3,1,2,4,1,3,74,27,47
PALO PINTO COUNTY,363,47 Years,378,181,197,289,140,149,5,1,4,3,1,2,3,2,1,78,37,41
PALO PINTO COUNTY,363,48 Years,322,159,163,234,114,120,6,3,3,1,1,0,3,2,1,78,39,39
PALO PINTO COUNTY,363,49 Years,328,160,168,255,130,125,6,2,4,1,1,0,1,1,0,65,26,39
PALO PINTO COUNTY,363,50 Years,361,172,189,277,135,142,8,5,3,1,1,0,3,1,2,72,30,42
PALO PINTO COUNTY,363,51 Years,317,156,161,234,122,112,7,5,2,2,1,1,4,2,2,70,26,44
PALO PINTO COUNTY,363,52 Years,382,178,204,296,140,156,8,4,4,2,1,1,7,2,5,69,31,38
PALO PINTO COUNTY,363,53 Years,400,193,207,317,152,165,7,3,4,4,1,3,6,3,3,66,34,32
PALO PINTO COUNTY,363,54 Years,392,180,212,323,144,179,7,2,5,2,1,1,4,1,3,56,32,24
PALO PINTO COUNTY,363,55 Years,413,211,202,333,164,169,13,8,5,0,0,0,8,4,4,59,35,24
PALO PINTO COUNTY,363,56 Years,421,215,206,350,174,176,9,4,5,1,0,1,4,2,2,57,35,22
PALO PINTO COUNTY,363,57 Years,434,200,234,365,168,197,11,4,7,1,0,1,7,3,4,50,25,25
PALO PINTO COUNTY,363,58 Years,407,195,212,338,161,177,7,5,2,1,0,1,6,2,4,55,27,28
PALO PINTO COUNTY,363,59 Years,423,200,223,348,159,189,10,6,4,1,1,0,6,5,1,58,29,29
PALO PINTO COUNTY,363,60 Years,438,208,230,382,178,204,11,5,6,2,1,1,7,4,3,36,20,16
PALO PINTO COUNTY,363,61 Years,459,219,240,398,184,214,15,8,7,3,1,2,7,3,4,36,23,13
PALO PINTO COUNTY,363,62 Years,423,197,226,376,172,204,13,5,8,2,1,1,5,3,2,27,16,11
PALO PINTO COUNTY,363,63 Years,391,193,198,339,166,173,10,2,8,1,0,1,4,3,1,37,22,15
PALO PINTO COUNTY,363,64 Years,376,187,189,320,163,157,6,2,4,2,0,2,6,3,3,42,19,23
PALO PINTO COUNTY,363,65 Years,340,160,180,291,137,154,7,4,3,2,1,1,5,3,2,35,15,20
PALO PINTO COUNTY,363,66 Years,334,165,169,291,143,148,5,3,2,1,1,0,5,2,3,32,16,16
PALO PINTO COUNTY,363,67 Years,371,179,192,322,153,169,7,3,4,2,1,1,6,2,4,34,20,14
PALO PINTO COUNTY,363,68 Years,324,155,169,278,131,147,6,2,4,5,0,5,6,2,4,29,20,9
PALO PINTO COUNTY,363,69 Years,370,179,191,325,156,169,7,3,4,2,1,1,6,4,2,30,15,15
PALO PINTO COUNTY,363,70 Years,390,188,202,354,174,180,11,5,6,2,0,2,4,1,3,19,8,11
PALO PINTO COUNTY,363,71 Years,316,158,158,282,144,138,6,3,3,0,0,0,3,1,2,25,10,15
PALO PINTO COUNTY,363,72 Years,297,155,142,264,138,126,3,2,1,3,1,2,4,3,1,23,11,12
PALO PINTO COUNTY,363,73 Years,303,161,142,271,148,123,2,1,1,4,1,3,7,4,3,19,7,12
PALO PINTO COUNTY,363,74 Years,263,139,124,237,127,110,3,1,2,1,0,1,6,3,3,16,8,8
PALO PINTO COUNTY,363,75 Years,239,123,116,213,108,105,3,2,1,0,0,0,7,4,3,16,9,7
PALO PINTO COUNTY,363,76 Years,226,109,117,203,98,105,2,1,1,1,1,0,4,3,1,16,6,10
PALO PINTO COUNTY,363,77 Years,203,96,107,182,84,98,4,1,3,0,0,0,4,3,1,13,8,5
PALO PINTO COUNTY,363,78 Years,180,102,78,164,91,73,3,2,1,0,0,0,3,3,0,10,6,4
PALO PINTO COUNTY,363,79 Years,178,89,89,164,82,82,3,2,1,3,1,2,1,1,0,7,3,4
PALO PINTO COUNTY,363,80 Years,158,71,87,142,62,80,5,2,3,3,2,1,1,1,0,7,4,3
PALO PINTO COUNTY,363,81 Years,153,62,91,141,57,84,3,0,3,1,1,0,1,0,1,7,4,3
PALO PINTO COUNTY,363,82 Years,138,56,82,127,52,75,3,1,2,2,0,2,2,1,1,4,2,2
PALO PINTO COUNTY,363,83 Years,116,49,67,104,45,59,3,1,2,1,0,1,3,1,2,5,2,3
PALO PINTO COUNTY,363,84 Years,104,43,61,94,39,55,1,1,0,1,0,1,3,1,2,5,2,3
PALO PINTO COUNTY,363,85 Years,101,44,57,89,38,51,3,1,2,1,0,1,3,2,1,5,3,2
PALO PINTO COUNTY,363,86 Years,91,36,55,80,30,50,2,1,1,1,0,1,3,2,1,5,3,2
PALO PINTO COUNTY,363,87 Years,80,30,50,70,26,44,2,0,2,1,0,1,2,1,1,5,3,2
PALO PINTO COUNTY,363,88 Years,71,26,45,65,23,42,2,0,2,0,0,0,0,0,0,4,3,1
PALO PINTO COUNTY,363,89 Years,52,18,34,46,15,31,1,0,1,0,0,0,0,0,0,5,3,2
PALO PINTO COUNTY,363,90 Years,43,12,31,37,10,27,3,0,3,0,0,0,1,1,0,2,1,1
PALO PINTO COUNTY,363,91 Years,42,15,27,33,11,22,2,0,2,2,1,1,1,1,0,4,2,2
PALO PINTO COUNTY,363,92 Years,30,10,20,25,8,17,1,0,1,1,0,1,0,0,0,3,2,1
PALO PINTO COUNTY,363,93 Years,26,8,18,22,6,16,3,1,2,1,1,0,0,0,0,0,0,0
PALO PINTO COUNTY,363,94 Years,20,5,15,17,4,13,1,0,1,0,0,0,1,0,1,1,1,0
PALO PINTO COUNTY,363,95 Years +,49,12,37,41,9,32,2,0,2,2,1,1,1,0,1,3,2,1
PANOLA COUNTY,365,All Ages,24500,12214,12286,17690,8768,8922,3970,1927,2043,75,33,42,462,239,223,2303,1247,1056
PANOLA COUNTY,365,< 1 Year,309,164,145,203,104,99,60,34,26,0,0,0,7,3,4,39,23,16
PANOLA COUNTY,365,1 Years,315,168,147,212,112,100,60,34,26,1,1,0,9,3,6,33,18,15
PANOLA COUNTY,365,2 Years,327,177,150,220,118,102,59,31,28,0,0,0,11,6,5,37,22,15
PANOLA COUNTY,365,3 Years,342,188,154,227,125,102,61,32,29,1,1,0,13,8,5,40,22,18
PANOLA COUNTY,365,4 Years,340,185,155,219,120,99,60,32,28,1,0,1,13,9,4,47,24,23
PANOLA COUNTY,365,5 Years,360,190,170,219,119,100,64,33,31,2,0,2,13,9,4,62,29,33
PANOLA COUNTY,365,6 Years,335,172,163,206,111,95,62,31,31,1,0,1,9,3,6,57,27,30
PANOLA COUNTY,365,7 Years,329,176,153,198,103,95,64,32,32,1,1,0,11,5,6,55,35,20
PANOLA COUNTY,365,8 Years,296,150,146,177,92,85,49,22,27,2,2,0,11,5,6,57,29,28
PANOLA COUNTY,365,9 Years,316,171,145,197,109,88,53,32,21,1,0,1,7,2,5,58,28,30
PANOLA COUNTY,365,10 Years,303,170,133,184,112,72,54,27,27,1,0,1,7,4,3,57,27,30
PANOLA COUNTY,365,11 Years,327,179,148,200,115,85,57,28,29,1,1,0,14,9,5,55,26,29
PANOLA COUNTY,365,12 Years,342,176,166,207,108,99,58,30,28,2,1,1,11,6,5,64,31,33
PANOLA COUNTY,365,13 Years,345,167,178,214,96,118,52,33,19,2,1,1,12,7,5,65,30,35
PANOLA COUNTY,365,14 Years,353,187,166,243,129,114,52,29,23,1,0,1,8,4,4,49,25,24
PANOLA COUNTY,365,15 Years,340,198,142,224,130,94,66,39,27,0,0,0,8,5,3,42,24,18
PANOLA COUNTY,365,16 Years,342,186,156,221,119,102,60,31,29,1,0,1,8,5,3,52,31,21
PANOLA COUNTY,365,17 Years,327,172,155,226,117,109,58,30,28,1,1,0,8,4,4,34,20,14
PANOLA COUNTY,365,18 Years,306,154,152,212,100,112,48,27,21,1,0,1,7,4,3,38,23,15
PANOLA COUNTY,365,19 Years,281,141,140,183,95,88,45,23,22,1,0,1,9,5,4,43,18,25
PANOLA COUNTY,365,20 Years,261,132,129,166,86,80,51,27,24,2,2,0,8,3,5,34,14,20
PANOLA COUNTY,365,21 Years,240,118,122,156,73,83,43,26,17,0,0,0,4,2,2,37,17,20
PANOLA COUNTY,365,22 Years,245,129,116,156,85,71,51,26,25,1,1,0,5,1,4,32,16,16
PANOLA COUNTY,365,23 Years,285,150,135,186,99,87,54,28,26,2,1,1,4,1,3,39,21,18
PANOLA COUNTY,365,24 Years,308,159,149,201,99,102,65,39,26,2,1,1,9,5,4,31,15,16
PANOLA COUNTY,365,25 Years,302,142,160,183,83,100,74,40,34,3,2,1,12,5,7,30,12,18
PANOLA COUNTY,365,26 Years,379,187,192,248,127,121,78,36,42,1,1,0,7,4,3,45,19,26
PANOLA COUNTY,365,27 Years,333,173,160,214,112,102,80,39,41,1,0,1,4,2,2,34,20,14
PANOLA COUNTY,365,28 Years,299,168,131,199,107,92,59,34,25,2,1,1,3,1,2,36,25,11
PANOLA COUNTY,365,29 Years,298,156,142,202,105,97,56,27,29,1,1,0,4,3,1,35,20,15
PANOLA COUNTY,365,30 Years,280,140,140,185,97,88,55,21,34,0,0,0,4,1,3,36,21,15
PANOLA COUNTY,365,31 Years,300,145,155,211,102,109,46,20,26,1,0,1,2,1,1,40,22,18
PANOLA COUNTY,365,32 Years,297,154,143,207,102,105,43,22,21,1,1,0,5,2,3,41,27,14
PANOLA COUNTY,365,33 Years,270,142,128,199,106,93,30,14,16,0,0,0,5,2,3,36,20,16
PANOLA COUNTY,365,34 Years,310,159,151,223,108,115,46,28,18,0,0,0,3,2,1,38,21,17
PANOLA COUNTY,365,35 Years,319,159,160,238,115,123,47,23,24,0,0,0,3,2,1,31,19,12
PANOLA COUNTY,365,36 Years,326,169,157,234,121,113,54,24,30,1,1,0,3,2,1,34,21,13
PANOLA COUNTY,365,37 Years,330,159,171,237,113,124,50,23,27,0,0,0,5,3,2,38,20,18
PANOLA COUNTY,365,38 Years,295,141,154,199,91,108,54,27,27,0,0,0,3,1,2,39,22,17
PANOLA COUNTY,365,39 Years,290,137,153,216,101,115,41,21,20,0,0,0,4,1,3,29,14,15
PANOLA COUNTY,365,40 Years,278,143,135,200,101,99,40,18,22,1,0,1,3,3,0,34,21,13
PANOLA COUNTY,365,41 Years,294,141,153,203,98,105,45,17,28,0,0,0,9,5,4,37,21,16
PANOLA COUNTY,365,42 Years,303,146,157,220,105,115,47,21,26,0,0,0,4,2,2,32,18,14
PANOLA COUNTY,365,43 Years,258,131,127,194,97,97,32,15,17,0,0,0,1,1,0,31,18,13
PANOLA COUNTY,365,44 Years,264,130,134,196,94,102,36,18,18,2,1,1,1,0,1,29,17,12
PANOLA COUNTY,365,45 Years,286,142,144,213,105,108,40,20,20,1,1,0,4,1,3,28,15,13
PANOLA COUNTY,365,46 Years,276,137,139,210,107,103,42,17,25,1,0,1,4,3,1,19,10,9
PANOLA COUNTY,365,47 Years,272,129,143,202,98,104,43,17,26,1,0,1,3,1,2,23,13,10
PANOLA COUNTY,365,48 Years,267,121,146,191,91,100,44,14,30,1,0,1,5,2,3,26,14,12
PANOLA COUNTY,365,49 Years,273,133,140,199,101,98,44,16,28,1,0,1,4,2,2,25,14,11
PANOLA COUNTY,365,50 Years,254,119,135,180,82,98,44,20,24,1,0,1,2,0,2,27,17,10
PANOLA COUNTY,365,51 Years,240,107,133,170,73,97,46,22,24,2,1,1,3,1,2,19,10,9
PANOLA COUNTY,365,52 Years,282,128,154,210,94,116,51,25,26,2,1,1,5,2,3,14,6,8
PANOLA COUNTY,365,53 Years,324,157,167,250,120,130,53,25,28,1,1,0,4,1,3,16,10,6
PANOLA COUNTY,365,54 Years,328,162,166,252,127,125,49,19,30,1,1,0,4,2,2,22,13,9
PANOLA COUNTY,365,55 Years,311,158,153,231,118,113,49,22,27,1,0,1,8,5,3,22,13,9
PANOLA COUNTY,365,56 Years,323,169,154,238,128,110,64,30,34,1,0,1,5,2,3,15,9,6
PANOLA COUNTY,365,57 Years,335,151,184,243,112,131,69,29,40,1,0,1,6,2,4,16,8,8
PANOLA COUNTY,365,58 Years,324,148,176,244,117,127,57,22,35,3,0,3,5,2,3,15,7,8
PANOLA COUNTY,365,59 Years,327,157,170,254,120,134,51,25,26,1,0,1,6,4,2,15,8,7
PANOLA COUNTY,365,60 Years,348,168,180,281,133,148,48,23,25,1,1,0,4,3,1,14,8,6
PANOLA COUNTY,365,61 Years,326,170,156,267,138,129,47,23,24,0,0,0,6,5,1,6,4,2
PANOLA COUNTY,365,62 Years,330,165,165,272,138,134,44,17,27,0,0,0,3,2,1,11,8,3
PANOLA COUNTY,365,63 Years,315,154,161,253,126,127,44,18,26,1,1,0,5,2,3,12,7,5
PANOLA COUNTY,365,64 Years,321,158,163,255,123,132,49,25,24,1,0,1,5,2,3,11,8,3
PANOLA COUNTY,365,65 Years,332,170,162,275,144,131,46,19,27,0,0,0,6,4,2,5,3,2
PANOLA COUNTY,365,66 Years,311,153,158,255,124,131,39,17,22,1,1,0,8,4,4,8,7,1
PANOLA COUNTY,365,67 Years,272,143,129,227,121,106,34,17,17,0,0,0,5,2,3,6,3,3
PANOLA COUNTY,365,68 Years,244,128,116,203,108,95,34,16,18,0,0,0,2,2,0,5,2,3
PANOLA COUNTY,365,69 Years,252,115,137,214,97,117,29,13,16,3,1,2,1,1,0,5,3,2
PANOLA COUNTY,365,70 Years,270,130,140,229,110,119,32,15,17,0,0,0,4,2,2,5,3,2
PANOLA COUNTY,365,71 Years,229,114,115,183,91,92,35,17,18,0,0,0,3,2,1,8,4,4
PANOLA COUNTY,365,72 Years,236,118,118,193,97,96,28,14,14,1,0,1,7,4,3,7,3,4
PANOLA COUNTY,365,73 Years,211,101,110,173,81,92,27,15,12,2,1,1,4,1,3,5,3,2
PANOLA COUNTY,365,74 Years,210,98,112,177,81,96,24,12,12,1,0,1,3,1,2,5,4,1
PANOLA COUNTY,365,75 Years,194,87,107,166,72,94,22,11,11,1,0,1,0,0,0,5,4,1
PANOLA COUNTY,365,76 Years,163,71,92,137,57,80,20,9,11,0,0,0,1,1,0,5,4,1
PANOLA COUNTY,365,77 Years,167,71,96,140,59,81,20,8,12,0,0,0,4,2,2,3,2,1
PANOLA COUNTY,365,78 Years,170,78,92,150,68,82,18,8,10,1,1,0,1,1,0,0,0,0
PANOLA COUNTY,365,79 Years,164,79,85,148,72,76,14,6,8,0,0,0,2,1,1,0,0,0
PANOLA COUNTY,365,80 Years,154,63,91,129,55,74,23,7,16,0,0,0,2,1,1,0,0,0
PANOLA COUNTY,365,81 Years,127,55,72,106,45,61,17,7,10,0,0,0,3,2,1,1,1,0
PANOLA COUNTY,365,82 Years,113,47,66,96,39,57,14,8,6,1,0,1,0,0,0,2,0,2
PANOLA COUNTY,365,83 Years,101,42,59,88,36,52,12,6,6,0,0,0,0,0,0,1,0,1
PANOLA COUNTY,365,84 Years,96,38,58,83,32,51,11,5,6,0,0,0,1,1,0,1,0,1
PANOLA COUNTY,365,85 Years,83,30,53,72,26,46,10,4,6,0,0,0,0,0,0,1,0,1
PANOLA COUNTY,365,86 Years,78,33,45,68,28,40,8,3,5,0,0,0,1,1,0,1,1,0
PANOLA COUNTY,365,87 Years,69,31,38,59,26,33,9,4,5,0,0,0,1,1,0,0,0,0
PANOLA COUNTY,365,88 Years,59,22,37,50,18,32,9,4,5,0,0,0,0,0,0,0,0,0
PANOLA COUNTY,365,89 Years,47,19,28,40,16,24,6,2,4,0,0,0,0,0,0,1,1,0
PANOLA COUNTY,365,90 Years,39,17,22,32,14,18,6,2,4,0,0,0,0,0,0,1,1,0
PANOLA COUNTY,365,91 Years,34,13,21,28,11,17,5,1,4,0,0,0,0,0,0,1,1,0
PANOLA COUNTY,365,92 Years,28,9,19,24,8,16,4,1,3,0,0,0,0,0,0,0,0,0
PANOLA COUNTY,365,93 Years,21,6,15,18,6,12,3,0,3,0,0,0,0,0,0,0,0,0
PANOLA COUNTY,365,94 Years,20,6,14,14,4,10,4,1,3,0,0,0,0,0,0,2,1,1
PANOLA COUNTY,365,95 Years +,45,13,32,33,10,23,10,2,8,0,0,0,1,0,1,1,1,0
PARKER COUNTY,367,All Ages,133196,66323,66873,111529,54913,56616,2009,1464,545,663,275,388,2884,1471,1413,16111,8200,7911
PARKER COUNTY,367,< 1 Year,1541,820,721,1113,597,516,22,11,11,2,1,1,72,52,20,332,159,173
PARKER COUNTY,367,1 Years,1565,816,749,1154,605,549,19,11,8,2,1,1,63,41,22,327,158,169
PARKER COUNTY,367,2 Years,1592,830,762,1173,604,569,16,8,8,2,1,1,63,41,22,338,176,162
PARKER COUNTY,367,3 Years,1552,805,747,1167,606,561,13,6,7,2,1,1,54,30,24,316,162,154
PARKER COUNTY,367,4 Years,1546,812,734,1165,614,551,15,8,7,2,1,1,53,28,25,311,161,150
PARKER COUNTY,367,5 Years,1554,808,746,1175,617,558,14,8,6,2,1,1,51,28,23,312,154,158
PARKER COUNTY,367,6 Years,1600,812,788,1196,609,587,14,8,6,2,1,1,48,22,26,340,172,168
PARKER COUNTY,367,7 Years,1651,867,784,1206,635,571,11,4,7,2,0,2,52,20,32,380,208,172
PARKER COUNTY,367,8 Years,1784,896,888,1355,671,684,17,9,8,5,2,3,41,14,27,366,200,166
PARKER COUNTY,367,9 Years,1876,960,916,1425,722,703,15,8,7,8,4,4,57,33,24,371,193,178
PARKER COUNTY,367,10 Years,1907,977,930,1450,740,710,14,8,6,6,4,2,53,30,23,384,195,189
PARKER COUNTY,367,11 Years,1834,930,904,1409,710,699,16,9,7,7,3,4,49,25,24,353,183,170
PARKER COUNTY,367,12 Years,1855,926,929,1447,725,722,18,8,10,8,4,4,54,26,28,328,163,165
PARKER COUNTY,367,13 Years,1821,902,919,1422,699,723,23,17,6,9,2,7,49,25,24,318,159,159
PARKER COUNTY,367,14 Years,1859,956,903,1448,744,704,16,12,4,9,3,6,38,18,20,348,179,169
PARKER COUNTY,367,15 Years,1816,964,852,1429,755,674,21,12,9,12,4,8,43,22,21,311,171,140
PARKER COUNTY,367,16 Years,1815,924,891,1421,712,709,27,18,9,15,7,8,41,24,17,311,163,148
PARKER COUNTY,367,17 Years,1713,839,874,1341,667,674,22,12,10,8,3,5,44,24,20,298,133,165
PARKER COUNTY,367,18 Years,1674,842,832,1268,633,635,40,23,17,10,5,5,68,40,28,288,141,147
PARKER COUNTY,367,19 Years,1500,767,733,1098,544,554,72,53,19,9,4,5,70,40,30,251,126,125
PARKER COUNTY,367,20 Years,1442,758,684,1056,539,517,54,40,14,8,2,6,70,48,22,254,129,125
PARKER COUNTY,367,21 Years,1500,796,704,1112,579,533,66,55,11,15,5,10,69,40,29,238,117,121
PARKER COUNTY,367,22 Years,1428,751,677,1082,561,521,46,37,9,15,7,8,66,43,23,219,103,116
PARKER COUNTY,367,23 Years,1606,826,780,1237,620,617,51,39,12,17,9,8,68,47,21,233,111,122
PARKER COUNTY,367,24 Years,1745,910,835,1368,704,664,58,48,10,9,6,3,68,38,30,242,114,128
PARKER COUNTY,367,25 Years,1772,862,910,1415,688,727,44,34,10,13,8,5,62,26,36,238,106,132
PARKER COUNTY,367,26 Years,1906,909,997,1555,727,828,51,36,15,10,8,2,56,35,21,234,103,131
PARKER COUNTY,367,27 Years,1786,862,924,1469,683,786,57,45,12,6,5,1,37,15,22,217,114,103
PARKER COUNTY,367,28 Years,1682,851,831,1371,664,707,63,56,7,8,4,4,29,15,14,211,112,99
PARKER COUNTY,367,29 Years,1631,837,794,1350,671,679,47,44,3,4,1,3,22,12,10,208,109,99
PARKER COUNTY,367,30 Years,1583,820,763,1294,663,631,45,40,5,10,5,5,27,11,16,207,101,106
PARKER COUNTY,367,31 Years,1601,812,789,1287,631,656,52,45,7,8,5,3,17,6,11,237,125,112
PARKER COUNTY,367,32 Years,1635,820,815,1352,644,708,43,39,4,3,2,1,13,6,7,224,129,95
PARKER COUNTY,367,33 Years,1518,766,752,1264,609,655,34,29,5,8,1,7,20,13,7,192,114,78
PARKER COUNTY,367,34 Years,1594,804,790,1286,627,659,32,28,4,7,0,7,27,12,15,242,137,105
PARKER COUNTY,367,35 Years,1598,802,796,1292,632,660,29,26,3,8,1,7,28,10,18,241,133,108
PARKER COUNTY,367,36 Years,1585,770,815,1291,612,679,28,25,3,9,2,7,15,4,11,242,127,115
PARKER COUNTY,367,37 Years,1657,820,837,1368,665,703,35,29,6,5,1,4,21,11,10,228,114,114
PARKER COUNTY,367,38 Years,1656,841,815,1363,683,680,37,29,8,3,1,2,18,7,11,235,121,114
PARKER COUNTY,367,39 Years,1537,734,803,1265,587,678,37,29,8,7,2,5,17,7,10,211,109,102
PARKER COUNTY,367,40 Years,1484,714,770,1219,568,651,34,27,7,8,2,6,18,5,13,205,112,93
PARKER COUNTY,367,41 Years,1445,722,723,1193,589,604,30,25,5,12,5,7,22,7,15,188,96,92
PARKER COUNTY,367,42 Years,1515,757,758,1247,606,641,34,30,4,9,2,7,22,12,10,203,107,96
PARKER COUNTY,367,43 Years,1552,768,784,1298,635,663,31,25,6,7,3,4,23,9,14,193,96,97
PARKER COUNTY,367,44 Years,1596,794,802,1351,667,684,25,21,4,8,4,4,29,16,13,183,86,97
PARKER COUNTY,367,45 Years,1700,829,871,1438,691,747,30,24,6,8,4,4,28,9,19,196,101,95
PARKER COUNTY,367,46 Years,1759,863,896,1488,724,764,33,25,8,9,4,5,29,10,19,200,100,100
PARKER COUNTY,367,47 Years,1816,883,933,1542,750,792,31,22,9,6,2,4,32,11,21,205,98,107
PARKER COUNTY,367,48 Years,1735,846,889,1480,721,759,26,19,7,10,1,9,33,14,19,186,91,95
PARKER COUNTY,367,49 Years,1687,823,864,1463,714,749,23,14,9,11,3,8,28,12,16,162,80,82
PARKER COUNTY,367,50 Years,1737,869,868,1503,749,754,30,22,8,11,4,7,23,9,14,170,85,85
PARKER COUNTY,367,51 Years,1788,892,896,1530,763,767,26,17,9,14,5,9,28,12,16,190,95,95
PARKER COUNTY,367,52 Years,1824,891,933,1581,773,808,19,13,6,13,7,6,29,13,16,182,85,97
PARKER COUNTY,367,53 Years,2056,1037,1019,1795,902,893,21,15,6,20,10,10,38,15,23,182,95,87
PARKER COUNTY,367,54 Years,2072,1019,1053,1802,873,929,23,14,9,16,5,11,37,18,19,194,109,85
PARKER COUNTY,367,55 Years,2117,1072,1045,1870,937,933,24,18,6,10,5,5,41,19,22,172,93,79
PARKER COUNTY,367,56 Years,2041,1073,968,1820,952,868,19,11,8,10,6,4,32,14,18,160,90,70
PARKER COUNTY,367,57 Years,2061,1022,1039,1837,908,929,11,6,5,16,9,7,35,16,19,162,83,79
PARKER COUNTY,367,58 Years,1974,967,1007,1773,870,903,13,6,7,19,9,10,32,14,18,137,68,69
PARKER COUNTY,367,59 Years,1908,925,983,1738,842,896,10,3,7,8,4,4,37,23,14,115,53,62
PARKER COUNTY,367,60 Years,1863,912,951,1710,846,864,7,2,5,10,1,9,32,14,18,104,49,55
PARKER COUNTY,367,61 Years,1754,851,903,1593,773,820,7,2,5,11,5,6,36,16,20,107,55,52
PARKER COUNTY,367,62 Years,1792,887,905,1650,812,838,6,3,3,6,3,3,33,16,17,97,53,44
PARKER COUNTY,367,63 Years,1736,862,874,1599,788,811,5,3,2,11,7,4,33,16,17,88,48,40
PARKER COUNTY,367,64 Years,1671,806,865,1545,744,801,3,1,2,12,5,7,30,15,15,81,41,40
PARKER COUNTY,367,65 Years,1590,752,838,1478,698,780,3,1,2,5,1,4,24,13,11,80,39,41
PARKER COUNTY,367,66 Years,1553,747,806,1425,678,747,18,12,6,5,1,4,23,12,11,82,44,38
PARKER COUNTY,367,67 Years,1482,723,759,1362,656,706,12,9,3,7,2,5,19,10,9,82,46,36
PARKER COUNTY,367,68 Years,1443,694,749,1335,635,700,11,8,3,6,2,4,24,12,12,67,37,30
PARKER COUNTY,367,69 Years,1538,756,782,1435,708,727,11,7,4,5,3,2,24,8,16,63,30,33
PARKER COUNTY,367,70 Years,1480,724,756,1386,679,707,11,6,5,4,1,3,22,8,14,57,30,27
PARKER COUNTY,367,71 Years,1116,556,560,1045,520,525,10,5,5,4,1,3,16,9,7,41,21,20
PARKER COUNTY,367,72 Years,1107,557,550,1038,519,519,6,5,1,5,2,3,19,8,11,39,23,16
PARKER COUNTY,367,73 Years,1089,544,545,1032,518,514,5,3,2,4,1,3,13,6,7,35,16,19
PARKER COUNTY,367,74 Years,1041,517,524,979,490,489,5,1,4,4,1,3,14,8,6,39,17,22
PARKER COUNTY,367,75 Years,944,450,494,886,423,463,6,3,3,2,1,1,15,5,10,35,18,17
PARKER COUNTY,367,76 Years,799,392,407,747,372,375,4,1,3,3,2,1,13,4,9,32,13,19
PARKER COUNTY,367,77 Years,724,365,359,670,340,330,6,3,3,4,3,1,15,9,6,29,10,19
PARKER COUNTY,367,78 Years,706,350,356,662,327,335,5,4,1,3,1,2,9,6,3,27,12,15
PARKER COUNTY,367,79 Years,638,299,339,597,283,314,5,3,2,4,0,4,9,4,5,23,9,14
PARKER COUNTY,367,80 Years,568,260,308,534,247,287,3,2,1,4,0,4,10,4,6,17,7,10
PARKER COUNTY,367,81 Years,537,257,280,504,241,263,4,2,2,1,0,1,11,6,5,17,8,9
PARKER COUNTY,367,82 Years,498,246,252,460,231,229,3,2,1,2,0,2,5,3,2,28,10,18
PARKER COUNTY,367,83 Years,454,206,248,427,193,234,1,1,0,2,0,2,4,2,2,20,10,10
PARKER COUNTY,367,84 Years,421,191,230,395,177,218,2,2,0,3,2,1,3,2,1,18,8,10
PARKER COUNTY,367,85 Years,397,163,234,371,153,218,2,1,1,3,2,1,3,1,2,18,6,12
PARKER COUNTY,367,86 Years,341,140,201,321,130,191,2,1,1,2,1,1,4,3,1,12,5,7
PARKER COUNTY,367,87 Years,281,119,162,263,109,154,3,2,1,5,3,2,2,1,1,8,4,4
PARKER COUNTY,367,88 Years,253,106,147,239,97,142,4,3,1,2,1,1,0,0,0,8,5,3
PARKER COUNTY,367,89 Years,215,82,133,205,77,128,2,1,1,1,0,1,1,1,0,6,3,3
PARKER COUNTY,367,90 Years,178,68,110,164,61,103,4,2,2,1,1,0,1,0,1,8,4,4
PARKER COUNTY,367,91 Years,153,49,104,143,45,98,2,0,2,1,1,0,3,1,2,4,2,2
PARKER COUNTY,367,92 Years,116,34,82,111,32,79,1,0,1,0,0,0,2,1,1,2,1,1
PARKER COUNTY,367,93 Years,95,23,72,91,21,70,0,0,0,0,0,0,0,0,0,4,2,2
PARKER COUNTY,367,94 Years,73,18,55,67,16,51,1,0,1,0,0,0,1,0,1,4,2,2
PARKER COUNTY,367,95 Years +,166,47,119,153,42,111,2,0,2,1,0,1,2,0,2,8,5,3
PARMER COUNTY,369,All Ages,9849,5021,4828,3401,1669,1732,148,74,74,18,7,11,61,33,28,6221,3238,2983
PARMER COUNTY,369,< 1 Year,185,97,88,45,23,22,0,0,0,0,0,0,0,0,0,140,74,66
PARMER COUNTY,369,1 Years,165,87,78,37,20,17,13,4,9,0,0,0,0,0,0,115,63,52
PARMER COUNTY,369,2 Years,166,89,77,41,22,19,15,8,7,0,0,0,1,0,1,109,59,50
PARMER COUNTY,369,3 Years,152,79,73,41,19,22,15,7,8,0,0,0,2,1,1,94,52,42
PARMER COUNTY,369,4 Years,144,69,75,40,16,24,4,2,2,0,0,0,3,1,2,97,50,47
PARMER COUNTY,369,5 Years,149,71,78,37,15,22,4,2,2,0,0,0,2,1,1,106,53,53
PARMER COUNTY,369,6 Years,139,67,72,32,15,17,0,0,0,0,0,0,0,0,0,107,52,55
PARMER COUNTY,369,7 Years,167,75,92,40,20,20,4,1,3,0,0,0,0,0,0,123,54,69
PARMER COUNTY,369,8 Years,163,81,82,39,18,21,3,0,3,1,0,1,0,0,0,120,63,57
PARMER COUNTY,369,9 Years,151,82,69,35,21,14,2,0,2,0,0,0,0,0,0,114,61,53
PARMER COUNTY,369,10 Years,171,84,87,52,24,28,1,0,1,1,0,1,2,0,2,115,60,55
PARMER COUNTY,369,11 Years,161,86,75,48,25,23,2,1,1,0,0,0,0,0,0,111,60,51
PARMER COUNTY,369,12 Years,162,81,81,43,22,21,1,1,0,0,0,0,1,1,0,117,57,60
PARMER COUNTY,369,13 Years,148,78,70,37,23,14,1,0,1,0,0,0,2,1,1,108,54,54
PARMER COUNTY,369,14 Years,146,82,64,38,23,15,0,0,0,1,0,1,1,1,0,106,58,48
PARMER COUNTY,369,15 Years,148,80,68,36,23,13,0,0,0,0,0,0,0,0,0,112,57,55
PARMER COUNTY,369,16 Years,137,73,64,29,16,13,0,0,0,0,0,0,1,0,1,107,57,50
PARMER COUNTY,369,17 Years,135,73,62,34,21,13,0,0,0,1,0,1,0,0,0,100,52,48
PARMER COUNTY,369,18 Years,126,70,56,34,18,16,1,1,0,0,0,0,0,0,0,91,51,40
PARMER COUNTY,369,19 Years,120,66,54,28,13,15,1,1,0,1,1,0,0,0,0,90,51,39
PARMER COUNTY,369,20 Years,116,63,53,32,16,16,1,1,0,0,0,0,0,0,0,83,46,37
PARMER COUNTY,369,21 Years,114,63,51,32,17,15,1,0,1,0,0,0,1,0,1,80,46,34
PARMER COUNTY,369,22 Years,137,83,54,37,21,16,0,0,0,0,0,0,2,2,0,98,60,38
PARMER COUNTY,369,23 Years,125,68,57,36,18,18,2,2,0,0,0,0,1,0,1,86,48,38
PARMER COUNTY,369,24 Years,142,77,65,40,24,16,2,2,0,0,0,0,1,0,1,99,51,48
PARMER COUNTY,369,25 Years,137,75,62,39,22,17,2,1,1,0,0,0,1,1,0,95,51,44
PARMER COUNTY,369,26 Years,126,64,62,27,16,11,0,0,0,0,0,0,1,0,1,98,48,50
PARMER COUNTY,369,27 Years,128,67,61,32,15,17,2,1,1,0,0,0,2,2,0,92,49,43
PARMER COUNTY,369,28 Years,127,68,59,39,17,22,1,1,0,0,0,0,2,1,1,85,49,36
PARMER COUNTY,369,29 Years,116,64,52,33,16,17,1,0,1,0,0,0,1,1,0,81,47,34
PARMER COUNTY,369,30 Years,134,74,60,31,16,15,2,2,0,0,0,0,0,0,0,101,56,45
PARMER COUNTY,369,31 Years,119,70,49,33,20,13,1,1,0,0,0,0,2,1,1,83,48,35
PARMER COUNTY,369,32 Years,133,75,58,32,18,14,0,0,0,0,0,0,0,0,0,101,57,44
PARMER COUNTY,369,33 Years,130,65,65,41,18,23,2,1,1,0,0,0,1,0,1,86,46,40
PARMER COUNTY,369,34 Years,122,64,58,40,21,19,2,1,1,0,0,0,1,0,1,79,42,37
PARMER COUNTY,369,35 Years,113,59,54,38,21,17,0,0,0,0,0,0,1,1,0,74,37,37
PARMER COUNTY,369,36 Years,108,57,51,33,19,14,1,1,0,0,0,0,1,1,0,73,36,37
PARMER COUNTY,369,37 Years,114,58,56,26,15,11,0,0,0,0,0,0,2,2,0,86,41,45
PARMER COUNTY,369,38 Years,113,62,51,27,12,15,1,0,1,1,0,1,2,2,0,82,48,34
PARMER COUNTY,369,39 Years,97,45,52,29,12,17,0,0,0,0,0,0,1,1,0,67,32,35
PARMER COUNTY,369,40 Years,113,53,60,34,18,16,0,0,0,1,1,0,0,0,0,78,34,44
PARMER COUNTY,369,41 Years,98,50,48,29,13,16,0,0,0,0,0,0,0,0,0,69,37,32
PARMER COUNTY,369,42 Years,120,56,64,28,14,14,1,0,1,0,0,0,1,0,1,90,42,48
PARMER COUNTY,369,43 Years,126,57,69,36,15,21,2,1,1,0,0,0,2,1,1,86,40,46
PARMER COUNTY,369,44 Years,112,61,51,31,14,17,1,1,0,0,0,0,1,1,0,79,45,34
PARMER COUNTY,369,45 Years,119,57,62,38,15,23,1,1,0,0,0,0,1,0,1,79,41,38
PARMER COUNTY,369,46 Years,113,55,58,38,20,18,1,1,0,0,0,0,2,1,1,72,33,39
PARMER COUNTY,369,47 Years,132,71,61,36,19,17,2,0,2,1,1,0,2,1,1,91,50,41
PARMER COUNTY,369,48 Years,124,58,66,39,20,19,0,0,0,0,0,0,1,0,1,84,38,46
PARMER COUNTY,369,49 Years,113,56,57,34,13,21,1,1,0,0,0,0,0,0,0,78,42,36
PARMER COUNTY,369,50 Years,123,65,58,38,17,21,0,0,0,0,0,0,0,0,0,85,48,37
PARMER COUNTY,369,51 Years,136,69,67,45,19,26,0,0,0,1,0,1,1,1,0,89,49,40
PARMER COUNTY,369,52 Years,108,48,60,44,18,26,2,1,1,1,1,0,0,0,0,61,28,33
PARMER COUNTY,369,53 Years,131,62,69,48,18,30,3,1,2,1,1,0,1,1,0,78,41,37
PARMER COUNTY,369,54 Years,147,70,77,61,25,36,2,1,1,1,0,1,1,1,0,82,43,39
PARMER COUNTY,369,55 Years,132,64,68,51,24,27,2,2,0,0,0,0,1,1,0,78,37,41
PARMER COUNTY,369,56 Years,123,64,59,52,23,29,4,4,0,0,0,0,0,0,0,67,37,30
PARMER COUNTY,369,57 Years,128,65,63,62,33,29,2,2,0,0,0,0,1,0,1,63,30,33
PARMER COUNTY,369,58 Years,128,64,64,55,28,27,2,0,2,1,1,0,0,0,0,70,35,35
PARMER COUNTY,369,59 Years,120,64,56,55,27,28,3,2,1,0,0,0,0,0,0,62,35,27
PARMER COUNTY,369,60 Years,130,79,51,59,36,23,1,1,0,0,0,0,0,0,0,70,42,28
PARMER COUNTY,369,61 Years,120,65,55,51,28,23,1,0,1,0,0,0,0,0,0,68,37,31
PARMER COUNTY,369,62 Years,109,54,55,50,26,24,2,0,2,0,0,0,0,0,0,57,28,29
PARMER COUNTY,369,63 Years,95,47,48,43,24,19,1,0,1,0,0,0,0,0,0,51,23,28
PARMER COUNTY,369,64 Years,97,52,45,44,23,21,0,0,0,0,0,0,1,0,1,52,29,23
PARMER COUNTY,369,65 Years,89,41,48,49,20,29,0,0,0,0,0,0,0,0,0,40,21,19
PARMER COUNTY,369,66 Years,79,33,46,40,16,24,1,1,0,1,0,1,1,0,1,36,16,20
PARMER COUNTY,369,67 Years,86,39,47,49,24,25,0,0,0,2,1,1,1,0,1,34,14,20
PARMER COUNTY,369,68 Years,71,34,37,36,19,17,2,1,1,0,0,0,0,0,0,33,14,19
PARMER COUNTY,369,69 Years,81,43,38,42,27,15,2,0,2,1,0,1,1,1,0,35,15,20
PARMER COUNTY,369,70 Years,70,31,39,37,18,19,1,0,1,1,0,1,0,0,0,31,13,18
PARMER COUNTY,369,71 Years,62,31,31,34,17,17,1,1,0,0,0,0,0,0,0,27,13,14
PARMER COUNTY,369,72 Years,61,31,30,38,18,20,1,0,1,0,0,0,0,0,0,22,13,9
PARMER COUNTY,369,73 Years,59,27,32,37,18,19,0,0,0,0,0,0,0,0,0,22,9,13
PARMER COUNTY,369,74 Years,72,33,39,47,21,26,1,0,1,0,0,0,0,0,0,24,12,12
PARMER COUNTY,369,75 Years,54,26,28,36,16,20,2,2,0,0,0,0,0,0,0,16,8,8
PARMER COUNTY,369,76 Years,58,30,28,40,19,21,3,2,1,0,0,0,0,0,0,15,9,6
PARMER COUNTY,369,77 Years,47,24,23,33,16,17,3,3,0,0,0,0,1,1,0,10,4,6
PARMER COUNTY,369,78 Years,48,20,28,35,15,20,1,0,1,0,0,0,1,1,0,11,4,7
PARMER COUNTY,369,79 Years,36,17,19,24,12,12,3,1,2,0,0,0,1,0,1,8,4,4
PARMER COUNTY,369,80 Years,36,18,18,24,10,14,1,1,0,0,0,0,0,0,0,11,7,4
PARMER COUNTY,369,81 Years,45,18,27,29,13,16,0,0,0,0,0,0,0,0,0,16,5,11
PARMER COUNTY,369,82 Years,40,18,22,29,14,15,0,0,0,0,0,0,0,0,0,11,4,7
PARMER COUNTY,369,83 Years,34,14,20,24,10,14,0,0,0,0,0,0,0,0,0,10,4,6
PARMER COUNTY,369,84 Years,25,11,14,17,6,11,0,0,0,0,0,0,0,0,0,8,5,3
PARMER COUNTY,369,85 Years,29,12,17,24,9,15,0,0,0,0,0,0,0,0,0,5,3,2
PARMER COUNTY,369,86 Years,29,14,15,25,12,13,0,0,0,0,0,0,0,0,0,4,2,2
PARMER COUNTY,369,87 Years,23,9,14,16,6,10,0,0,0,0,0,0,0,0,0,7,3,4
PARMER COUNTY,369,88 Years,27,11,16,18,6,12,0,0,0,0,0,0,1,1,0,8,4,4
PARMER COUNTY,369,89 Years,25,10,15,18,6,12,1,1,0,0,0,0,0,0,0,6,3,3
PARMER COUNTY,369,90 Years,19,12,7,14,8,6,0,0,0,0,0,0,0,0,0,5,4,1
PARMER COUNTY,369,91 Years,12,5,7,7,3,4,1,0,1,0,0,0,0,0,0,4,2,2
PARMER COUNTY,369,92 Years,7,3,4,6,2,4,0,0,0,0,0,0,0,0,0,1,1,0
PARMER COUNTY,369,93 Years,11,3,8,6,2,4,1,0,1,0,0,0,0,0,0,4,1,3
PARMER COUNTY,369,94 Years,7,2,5,6,2,4,0,0,0,0,0,0,0,0,0,1,0,1
PARMER COUNTY,369,95 Years +,24,4,20,17,3,14,1,0,1,0,0,0,0,0,0,6,1,5
PECOS COUNTY,371,All Ages,15626,8921,6705,4032,2393,1639,520,489,31,91,38,53,162,79,83,10821,5922,4899
PECOS COUNTY,371,< 1 Year,205,97,108,25,12,13,2,1,1,0,0,0,2,0,2,176,84,92
PECOS COUNTY,371,1 Years,205,99,106,22,11,11,2,1,1,2,0,2,2,0,2,177,87,90
PECOS COUNTY,371,2 Years,224,108,116,25,12,13,2,1,1,2,1,1,3,2,1,192,92,100
PECOS COUNTY,371,3 Years,236,118,118,27,15,12,2,1,1,2,1,1,2,1,1,203,100,103
PECOS COUNTY,371,4 Years,235,119,116,29,17,12,1,0,1,2,1,1,2,1,1,201,100,101
PECOS COUNTY,371,5 Years,235,121,114,29,16,13,0,0,0,1,1,0,2,1,1,203,103,100
PECOS COUNTY,371,6 Years,227,114,113,27,13,14,1,1,0,1,1,0,2,1,1,196,98,98
PECOS COUNTY,371,7 Years,240,119,121,26,15,11,2,0,2,1,0,1,2,1,1,209,103,106
PECOS COUNTY,371,8 Years,228,111,117,32,16,16,2,2,0,0,0,0,3,1,2,191,92,99
PECOS COUNTY,371,9 Years,220,111,109,34,17,17,2,1,1,1,1,0,2,1,1,181,91,90
PECOS COUNTY,371,10 Years,210,120,90,35,21,14,1,0,1,0,0,0,3,0,3,171,99,72
PECOS COUNTY,371,11 Years,206,105,101,27,15,12,2,1,1,1,1,0,4,2,2,172,86,86
PECOS COUNTY,371,12 Years,204,100,104,27,14,13,0,0,0,0,0,0,4,2,2,173,84,89
PECOS COUNTY,371,13 Years,198,100,98,25,12,13,1,1,0,0,0,0,1,1,0,171,86,85
PECOS COUNTY,371,14 Years,168,81,87,24,10,14,1,0,1,0,0,0,0,0,0,143,71,72
PECOS COUNTY,371,15 Years,176,89,87,26,13,13,1,0,1,0,0,0,0,0,0,149,76,73
PECOS COUNTY,371,16 Years,185,97,88,34,17,17,2,2,0,1,0,1,1,0,1,147,78,69
PECOS COUNTY,371,17 Years,178,86,92,36,10,26,2,2,0,0,0,0,2,0,2,138,74,64
PECOS COUNTY,371,18 Years,194,112,82,37,23,14,1,1,0,2,1,1,2,1,1,152,86,66
PECOS COUNTY,371,19 Years,171,107,64,36,27,9,2,2,0,2,0,2,2,1,1,129,77,52
PECOS COUNTY,371,20 Years,192,119,73,40,26,14,4,4,0,1,0,1,4,3,1,143,86,57
PECOS COUNTY,371,21 Years,180,116,64,39,26,13,5,5,0,0,0,0,4,2,2,132,83,49
PECOS COUNTY,371,22 Years,209,112,97,42,22,20,6,6,0,1,0,1,3,2,1,157,82,75
PECOS COUNTY,371,23 Years,225,130,95,45,30,15,4,4,0,1,0,1,5,4,1,170,92,78
PECOS COUNTY,371,24 Years,238,143,95,46,28,18,10,8,2,1,0,1,3,3,0,178,104,74
PECOS COUNTY,371,25 Years,236,138,98,48,32,16,9,9,0,1,1,0,1,0,1,177,96,81
PECOS COUNTY,371,26 Years,235,150,85,53,36,17,10,10,0,0,0,0,0,0,0,172,104,68
PECOS COUNTY,371,27 Years,244,167,77,43,31,12,14,13,1,0,0,0,0,0,0,187,123,64
PECOS COUNTY,371,28 Years,246,151,95,55,43,12,14,14,0,0,0,0,0,0,0,177,94,83
PECOS COUNTY,371,29 Years,215,122,93,44,34,10,9,8,1,0,0,0,2,2,0,160,78,82
PECOS COUNTY,371,30 Years,234,154,80,51,42,9,14,14,0,1,0,1,3,1,2,165,97,68
PECOS COUNTY,371,31 Years,272,165,107,64,43,21,20,19,1,0,0,0,2,0,2,186,103,83
PECOS COUNTY,371,32 Years,207,117,90,41,23,18,9,9,0,1,0,1,3,1,2,153,84,69
PECOS COUNTY,371,33 Years,229,141,88,60,43,17,15,15,0,2,0,2,3,1,2,149,82,67
PECOS COUNTY,371,34 Years,240,154,86,50,33,17,19,19,0,1,0,1,1,0,1,169,102,67
PECOS COUNTY,371,35 Years,243,158,85,54,36,18,14,14,0,0,0,0,4,1,3,171,107,64
PECOS COUNTY,371,36 Years,236,154,82,53,35,18,15,15,0,1,1,0,1,0,1,166,103,63
PECOS COUNTY,371,37 Years,219,148,71,60,45,15,11,11,0,2,1,1,1,1,0,145,90,55
PECOS COUNTY,371,38 Years,214,147,67,58,43,15,14,13,1,2,2,0,0,0,0,140,89,51
PECOS COUNTY,371,39 Years,206,143,63,54,39,15,13,12,1,2,1,1,0,0,0,137,91,46
PECOS COUNTY,371,40 Years,209,143,66,53,39,14,16,15,1,2,0,2,9,8,1,129,81,48
PECOS COUNTY,371,41 Years,196,134,62,50,37,13,12,12,0,2,1,1,3,3,0,129,81,48
PECOS COUNTY,371,42 Years,206,136,70,49,37,12,8,8,0,2,1,1,5,2,3,142,88,54
PECOS COUNTY,371,43 Years,194,116,78,45,30,15,11,11,0,1,0,1,2,0,2,135,75,60
PECOS COUNTY,371,44 Years,222,134,88,57,37,20,15,14,1,0,0,0,2,1,1,148,82,66
PECOS COUNTY,371,45 Years,197,117,80,58,38,20,7,7,0,0,0,0,1,1,0,131,71,60
PECOS COUNTY,371,46 Years,222,142,80,63,41,22,18,18,0,0,0,0,3,2,1,138,81,57
PECOS COUNTY,371,47 Years,206,130,76,56,41,15,15,15,0,0,0,0,2,0,2,133,74,59
PECOS COUNTY,371,48 Years,206,130,76,62,44,18,17,17,0,2,0,2,0,0,0,125,69,56
PECOS COUNTY,371,49 Years,199,131,68,62,45,17,11,10,1,2,1,1,1,1,0,123,74,49
PECOS COUNTY,371,50 Years,175,112,63,44,30,14,13,12,1,2,2,0,2,2,0,114,66,48
PECOS COUNTY,371,51 Years,193,110,83,56,34,22,9,9,0,9,1,8,2,2,0,117,64,53
PECOS COUNTY,371,52 Years,195,119,76,67,44,23,8,7,1,4,1,3,1,0,1,115,67,48
PECOS COUNTY,371,53 Years,223,129,94,80,48,32,11,10,1,0,0,0,2,1,1,130,70,60
PECOS COUNTY,371,54 Years,205,118,87,86,45,41,9,9,0,0,0,0,3,2,1,107,62,45
PECOS COUNTY,371,55 Years,177,104,73,75,43,32,9,9,0,2,0,2,3,1,2,88,51,37
PECOS COUNTY,371,56 Years,195,112,83,81,44,37,9,9,0,1,1,0,3,0,3,101,58,43
PECOS COUNTY,371,57 Years,198,114,84,81,38,43,10,9,1,2,0,2,2,1,1,103,66,37
PECOS COUNTY,371,58 Years,202,114,88,82,46,36,6,6,0,2,2,0,3,3,0,109,57,52
PECOS COUNTY,371,59 Years,181,108,73,73,45,28,5,5,0,1,1,0,1,1,0,101,56,45
PECOS COUNTY,371,60 Years,176,101,75,70,41,29,4,4,0,0,0,0,1,1,0,101,55,46
PECOS COUNTY,371,61 Years,186,100,86,71,41,30,4,4,0,0,0,0,1,0,1,110,55,55
PECOS COUNTY,371,62 Years,182,90,92,77,41,36,6,5,1,0,0,0,2,2,0,97,42,55
PECOS COUNTY,371,63 Years,167,87,80,69,37,32,4,3,1,2,1,1,0,0,0,92,46,46
PECOS COUNTY,371,64 Years,158,82,76,60,30,30,5,4,1,2,2,0,1,0,1,90,46,44
PECOS COUNTY,371,65 Years,153,79,74,61,30,31,2,2,0,3,1,2,2,1,1,85,45,40
PECOS COUNTY,371,66 Years,149,81,68,57,30,27,2,1,1,1,1,0,2,2,0,87,47,40
PECOS COUNTY,371,67 Years,139,70,69,57,28,29,2,1,1,1,0,1,1,0,1,78,41,37
PECOS COUNTY,371,68 Years,124,60,64,48,25,23,1,1,0,1,0,1,2,0,2,72,34,38
PECOS COUNTY,371,69 Years,122,68,54,48,24,24,3,3,0,0,0,0,0,0,0,71,41,30
PECOS COUNTY,371,70 Years,128,69,59,52,26,26,2,2,0,1,1,0,0,0,0,73,40,33
PECOS COUNTY,371,71 Years,106,51,55,42,18,24,1,1,0,1,0,1,0,0,0,62,32,30
PECOS COUNTY,371,72 Years,105,54,51,39,22,17,0,0,0,2,1,1,0,0,0,64,31,33
PECOS COUNTY,371,73 Years,93,43,50,35,16,19,1,1,0,1,1,0,1,0,1,55,25,30
PECOS COUNTY,371,74 Years,90,39,51,34,15,19,1,1,0,0,0,0,2,1,1,53,22,31
PECOS COUNTY,371,75 Years,94,43,51,34,15,19,2,2,0,1,1,0,4,1,3,53,24,29
PECOS COUNTY,371,76 Years,87,41,46,30,13,17,1,1,0,1,1,0,1,0,1,54,26,28
PECOS COUNTY,371,77 Years,79,37,42,24,11,13,0,0,0,1,0,1,1,0,1,53,26,27
PECOS COUNTY,371,78 Years,72,33,39,22,9,13,1,1,0,0,0,0,2,1,1,47,22,25
PECOS COUNTY,371,79 Years,68,42,26,27,15,12,1,1,0,1,1,0,1,1,0,38,24,14
PECOS COUNTY,371,80 Years,64,42,22,28,18,10,0,0,0,0,0,0,0,0,0,36,24,12
PECOS COUNTY,371,81 Years,57,34,23,22,11,11,0,0,0,0,0,0,0,0,0,35,23,12
PECOS COUNTY,371,82 Years,44,25,19,17,8,9,0,0,0,0,0,0,1,1,0,26,16,10
PECOS COUNTY,371,83 Years,39,16,23,18,7,11,0,0,0,0,0,0,1,0,1,20,9,11
PECOS COUNTY,371,84 Years,44,22,22,18,10,8,0,0,0,0,0,0,2,0,2,24,12,12
PECOS COUNTY,371,85 Years,40,21,19,20,11,9,0,0,0,0,0,0,1,0,1,19,10,9
PECOS COUNTY,371,86 Years,29,12,17,12,5,7,0,0,0,0,0,0,0,0,0,17,7,10
PECOS COUNTY,371,87 Years,31,13,18,12,3,9,0,0,0,0,0,0,0,0,0,19,10,9
PECOS COUNTY,371,88 Years,28,13,15,10,3,7,0,0,0,0,0,0,1,0,1,17,10,7
PECOS COUNTY,371,89 Years,25,13,12,12,7,5,0,0,0,1,0,1,0,0,0,12,6,6
PECOS COUNTY,371,90 Years,18,12,6,10,8,2,0,0,0,0,0,0,0,0,0,8,4,4
PECOS COUNTY,371,91 Years,12,7,5,7,4,3,0,0,0,0,0,0,0,0,0,5,3,2
PECOS COUNTY,371,92 Years,10,5,5,6,2,4,0,0,0,0,0,0,0,0,0,4,3,1
PECOS COUNTY,371,93 Years,9,4,5,5,2,3,0,0,0,0,0,0,0,0,0,4,2,2
PECOS COUNTY,371,94 Years,11,6,5,6,2,4,0,0,0,2,2,0,0,0,0,3,2,1
PECOS COUNTY,371,95 Years +,21,10,11,9,3,6,0,0,0,0,0,0,1,0,1,11,7,4
POLK COUNTY,373,All Ages,48964,26326,22638,34679,17852,16827,5332,3360,1972,223,86,137,1510,735,775,7220,4293,2927
POLK COUNTY,373,< 1 Year,529,277,252,336,178,158,62,32,30,2,1,1,29,17,12,100,49,51
POLK COUNTY,373,1 Years,546,285,261,339,176,163,70,36,34,2,1,1,29,18,11,106,54,52
POLK COUNTY,373,2 Years,545,277,268,342,174,168,64,34,30,2,1,1,26,14,12,111,54,57
POLK COUNTY,373,3 Years,553,282,271,341,173,168,65,33,32,3,2,1,29,15,14,115,59,56
POLK COUNTY,373,4 Years,536,263,273,333,167,166,63,28,35,4,2,2,28,12,16,108,54,54
POLK COUNTY,373,5 Years,538,274,264,330,171,159,69,32,37,2,1,1,28,12,16,109,58,51
POLK COUNTY,373,6 Years,534,269,265,322,164,158,71,35,36,3,1,2,26,12,14,112,57,55
POLK COUNTY,373,7 Years,549,283,266,328,175,153,76,40,36,3,2,1,26,11,15,116,55,61
POLK COUNTY,373,8 Years,529,274,255,310,160,150,55,30,25,1,1,0,28,11,17,135,72,63
POLK COUNTY,373,9 Years,576,297,279,354,194,160,58,26,32,0,0,0,34,12,22,130,65,65
POLK COUNTY,373,10 Years,578,319,259,358,206,152,51,26,25,3,1,2,24,14,10,142,72,70
POLK COUNTY,373,11 Years,542,278,264,340,175,165,56,30,26,3,1,2,26,14,12,117,58,59
POLK COUNTY,373,12 Years,494,250,244,311,155,156,52,27,25,1,1,0,20,10,10,110,57,53
POLK COUNTY,373,13 Years,521,287,234,336,185,151,47,21,26,0,0,0,22,13,9,116,68,48
POLK COUNTY,373,14 Years,503,264,239,316,170,146,50,25,25,0,0,0,33,17,16,104,52,52
POLK COUNTY,373,15 Years,505,242,263,322,153,169,48,27,21,4,1,3,29,14,15,102,47,55
POLK COUNTY,373,16 Years,525,281,244,327,176,151,62,27,35,11,9,2,24,13,11,101,56,45
POLK COUNTY,373,17 Years,518,272,246,312,165,147,65,32,33,6,4,2,26,15,11,109,56,53
POLK COUNTY,373,18 Years,525,302,223,317,178,139,60,38,22,1,0,1,25,13,12,122,73,49
POLK COUNTY,373,19 Years,480,270,210,272,143,129,60,36,24,3,2,1,30,15,15,115,74,41
POLK COUNTY,373,20 Years,500,286,214,272,145,127,71,41,30,3,1,2,29,15,14,125,84,41
POLK COUNTY,373,21 Years,539,321,218,278,146,132,75,50,25,3,1,2,41,26,15,142,98,44
POLK COUNTY,373,22 Years,544,326,218,293,156,137,79,53,26,11,2,9,25,14,11,136,101,35
POLK COUNTY,373,23 Years,569,324,245,324,162,162,83,58,25,5,1,4,32,24,8,125,79,46
POLK COUNTY,373,24 Years,556,315,241,334,166,168,75,51,24,2,1,1,28,18,10,117,79,38
POLK COUNTY,373,25 Years,654,377,277,385,208,177,93,67,26,1,0,1,38,18,20,137,84,53
POLK COUNTY,373,26 Years,659,373,286,409,216,193,107,77,30,1,0,1,20,8,12,122,72,50
POLK COUNTY,373,27 Years,572,330,242,371,195,176,76,56,20,0,0,0,13,8,5,112,71,41
POLK COUNTY,373,28 Years,560,316,244,343,173,170,86,60,26,1,1,0,12,6,6,118,76,42
POLK COUNTY,373,29 Years,617,364,253,380,193,187,87,68,19,3,3,0,18,8,10,129,92,37
POLK COUNTY,373,30 Years,672,410,262,405,221,184,98,70,28,2,2,0,15,9,6,152,108,44
POLK COUNTY,373,31 Years,617,379,238,360,209,151,105,75,30,3,0,3,14,4,10,135,91,44
POLK COUNTY,373,32 Years,597,364,233,358,197,161,94,73,21,2,0,2,13,10,3,130,84,46
POLK COUNTY,373,33 Years,581,350,231,365,201,164,89,70,19,2,1,1,10,4,6,115,74,41
POLK COUNTY,373,34 Years,578,366,212,356,213,143,92,68,24,2,0,2,10,4,6,118,81,37
POLK COUNTY,373,35 Years,561,329,232,342,185,157,94,69,25,4,1,3,11,8,3,110,66,44
POLK COUNTY,373,36 Years,572,352,220,348,197,151,103,79,24,5,3,2,14,9,5,102,64,38
POLK COUNTY,373,37 Years,612,381,231,371,206,165,111,82,29,3,2,1,11,7,4,116,84,32
POLK COUNTY,373,38 Years,575,342,233,365,194,171,99,74,25,2,2,0,12,5,7,97,67,30
POLK COUNTY,373,39 Years,552,329,223,341,189,152,102,74,28,3,1,2,14,6,8,92,59,33
POLK COUNTY,373,40 Years,532,316,216,323,176,147,91,60,31,5,2,3,15,8,7,98,70,28
POLK COUNTY,373,41 Years,568,342,226,363,201,162,79,58,21,4,2,2,11,6,5,111,75,36
POLK COUNTY,373,42 Years,589,327,262,384,195,189,87,58,29,3,0,3,13,6,7,102,68,34
POLK COUNTY,373,43 Years,557,323,234,348,185,163,85,63,22,3,2,1,17,9,8,104,64,40
POLK COUNTY,373,44 Years,563,346,217,345,190,155,93,72,21,1,1,0,11,4,7,113,79,34
POLK COUNTY,373,45 Years,608,346,262,382,193,189,79,61,18,10,1,9,13,9,4,124,82,42
POLK COUNTY,373,46 Years,626,348,278,413,219,194,84,60,24,6,2,4,18,9,9,105,58,47
POLK COUNTY,373,47 Years,601,363,238,411,229,182,79,61,18,2,1,1,20,12,8,89,60,29
POLK COUNTY,373,48 Years,583,345,238,419,234,185,63,47,16,3,2,1,15,6,9,83,56,27
POLK COUNTY,373,49 Years,597,333,264,424,224,200,73,51,22,3,2,1,12,4,8,85,52,33
POLK COUNTY,373,50 Years,585,314,271,426,216,210,66,45,21,3,1,2,16,6,10,74,46,28
POLK COUNTY,373,51 Years,613,320,293,430,222,208,71,45,26,1,0,1,18,8,10,93,45,48
POLK COUNTY,373,52 Years,689,367,322,527,263,264,65,45,20,1,0,1,13,6,7,83,53,30
POLK COUNTY,373,53 Years,720,379,341,560,282,278,68,43,25,2,0,2,18,8,10,72,46,26
POLK COUNTY,373,54 Years,708,364,344,533,258,275,79,50,29,5,2,3,17,10,7,74,44,30
POLK COUNTY,373,55 Years,685,335,350,534,251,283,71,44,27,4,1,3,9,3,6,67,36,31
POLK COUNTY,373,56 Years,735,356,379,569,267,302,72,44,28,3,2,1,17,5,12,74,38,36
POLK COUNTY,373,57 Years,771,374,397,606,282,324,65,42,23,1,0,1,17,4,13,82,46,36
POLK COUNTY,373,58 Years,797,386,411,632,300,332,73,40,33,3,0,3,11,4,7,78,42,36
POLK COUNTY,373,59 Years,822,409,413,664,322,342,76,44,32,3,1,2,10,3,7,69,39,30
POLK COUNTY,373,60 Years,821,407,414,680,330,350,68,41,27,2,1,1,14,2,12,57,33,24
POLK COUNTY,373,61 Years,831,413,418,683,336,347,65,37,28,3,0,3,15,3,12,65,37,28
POLK COUNTY,373,62 Years,866,440,426,716,360,356,72,41,31,5,1,4,13,4,9,60,34,26
POLK COUNTY,373,63 Years,831,429,402,698,354,344,62,34,28,3,1,2,10,7,3,58,33,25
POLK COUNTY,373,64 Years,777,402,375,655,336,319,46,23,23,4,1,3,14,7,7,58,35,23
POLK COUNTY,373,65 Years,761,374,387,660,331,329,44,20,24,2,0,2,12,4,8,43,19,24
POLK COUNTY,373,66 Years,710,355,355,626,316,310,40,20,20,1,1,0,8,3,5,35,15,20
POLK COUNTY,373,67 Years,681,345,336,596,301,295,41,20,21,2,1,1,12,4,8,30,19,11
POLK COUNTY,373,68 Years,678,359,319,602,317,285,30,17,13,2,1,1,11,4,7,33,20,13
POLK COUNTY,373,69 Years,663,360,303,594,325,269,26,17,9,2,0,2,13,4,9,28,14,14
POLK COUNTY,373,70 Years,629,317,312,568,289,279,24,14,10,1,0,1,13,3,10,23,11,12
POLK COUNTY,373,71 Years,531,263,268,470,237,233,25,10,15,1,1,0,11,4,7,24,11,13
POLK COUNTY,373,72 Years,507,246,261,447,218,229,20,10,10,0,0,0,14,5,9,26,13,13
POLK COUNTY,373,73 Years,490,261,229,436,232,204,16,8,8,2,1,1,13,8,5,23,12,11
POLK COUNTY,373,74 Years,462,248,214,407,222,185,15,8,7,1,0,1,15,7,8,24,11,13
POLK COUNTY,373,75 Years,418,217,201,366,195,171,20,9,11,1,0,1,13,7,6,18,6,12
POLK COUNTY,373,76 Years,358,182,176,311,162,149,18,7,11,2,0,2,12,6,6,15,7,8
POLK COUNTY,373,77 Years,319,162,157,284,147,137,13,5,8,1,0,1,10,4,6,11,6,5
POLK COUNTY,373,78 Years,280,136,144,250,121,129,12,6,6,2,1,1,6,3,3,10,5,5
POLK COUNTY,373,79 Years,265,143,122,232,125,107,14,6,8,2,0,2,8,6,2,9,6,3
POLK COUNTY,373,80 Years,236,119,117,205,104,101,15,7,8,1,0,1,7,4,3,8,4,4
POLK COUNTY,373,81 Years,210,102,108,184,92,92,11,4,7,1,0,1,6,2,4,8,4,4
POLK COUNTY,373,82 Years,184,90,94,166,82,84,9,3,6,0,0,0,3,2,1,6,3,3
POLK COUNTY,373,83 Years,165,79,86,144,69,75,7,2,5,0,0,0,7,4,3,7,4,3
POLK COUNTY,373,84 Years,161,74,87,137,62,75,12,5,7,1,0,1,3,2,1,8,5,3
POLK COUNTY,373,85 Years,140,65,75,118,55,63,7,3,4,1,1,0,7,2,5,7,4,3
POLK COUNTY,373,86 Years,130,50,80,114,43,71,5,2,3,0,0,0,4,1,3,7,4,3
POLK COUNTY,373,87 Years,114,41,73,103,36,67,5,2,3,0,0,0,4,2,2,2,1,1
POLK COUNTY,373,88 Years,95,37,58,82,32,50,7,2,5,0,0,0,4,2,2,2,1,1
POLK COUNTY,373,89 Years,93,36,57,77,29,48,5,2,3,1,0,1,4,2,2,6,3,3
POLK COUNTY,373,90 Years,78,28,50,63,21,42,6,2,4,0,0,0,4,2,2,5,3,2
POLK COUNTY,373,91 Years,58,22,36,45,17,28,7,3,4,0,0,0,3,1,2,3,1,2
POLK COUNTY,373,92 Years,44,16,28,35,12,23,5,2,3,0,0,0,2,1,1,2,1,1
POLK COUNTY,373,93 Years,35,10,25,26,7,19,4,1,3,0,0,0,1,0,1,4,2,2
POLK COUNTY,373,94 Years,25,8,17,19,7,12,5,1,4,0,0,0,0,0,0,1,0,1
POLK COUNTY,373,95 Years +,56,17,39,41,11,30,9,3,6,1,0,1,1,0,1,4,3,1
POTTER COUNTY,375,All Ages,118290,61023,57267,53242,26505,26737,11176,6515,4661,6027,3156,2871,2958,1423,1535,44887,23424,21463
POTTER COUNTY,375,< 1 Year,1618,810,808,525,264,261,169,87,82,28,15,13,76,38,38,820,406,414
POTTER COUNTY,375,1 Years,1627,816,811,508,252,256,168,86,82,46,25,21,78,41,37,827,412,415
POTTER COUNTY,375,2 Years,1734,877,857,523,260,263,168,86,82,71,37,34,82,40,42,890,454,436
POTTER COUNTY,375,3 Years,1789,927,862,530,270,260,172,87,85,94,51,43,86,43,43,907,476,431
POTTER COUNTY,375,4 Years,1805,942,863,541,281,260,169,87,82,103,57,46,84,41,43,908,476,432
POTTER COUNTY,375,5 Years,1761,920,841,547,284,263,160,82,78,103,59,44,79,38,41,872,457,415
POTTER COUNTY,375,6 Years,1726,879,847,543,279,264,152,74,78,99,52,47,78,36,42,854,438,416
POTTER COUNTY,375,7 Years,1605,832,773,511,266,245,149,64,85,84,42,42,64,31,33,797,429,368
POTTER COUNTY,375,8 Years,1740,858,882,556,277,279,150,74,76,107,46,61,64,32,32,863,429,434
POTTER COUNTY,375,9 Years,1777,902,875,560,276,284,167,98,69,105,49,56,80,47,33,865,432,433
POTTER COUNTY,375,10 Years,1773,930,843,559,281,278,163,94,69,94,52,42,67,35,32,890,468,422
POTTER COUNTY,375,11 Years,1748,861,887,529,274,255,153,74,79,96,41,55,68,30,38,902,442,460
POTTER COUNTY,375,12 Years,1712,865,847,543,273,270,160,79,81,86,37,49,63,27,36,860,449,411
POTTER COUNTY,375,13 Years,1715,876,839,524,269,255,154,86,68,100,36,64,61,25,36,876,460,416
POTTER COUNTY,375,14 Years,1620,811,809,519,259,260,145,77,68,91,35,56,60,25,35,805,415,390
POTTER COUNTY,375,15 Years,1621,819,802,527,268,259,146,78,68,83,34,49,51,24,27,814,415,399
POTTER COUNTY,375,16 Years,1602,798,804,513,250,263,134,72,62,86,37,49,51,26,25,818,413,405
POTTER COUNTY,375,17 Years,1587,789,798,531,252,279,130,66,64,87,48,39,56,28,28,783,395,388
POTTER COUNTY,375,18 Years,1559,811,748,517,267,250,124,71,53,96,49,47,48,24,24,774,400,374
POTTER COUNTY,375,19 Years,1447,768,679,453,235,218,135,78,57,78,35,43,50,22,28,731,398,333
POTTER COUNTY,375,20 Years,1492,776,716,466,231,235,160,96,64,82,42,40,49,21,28,735,386,349
POTTER COUNTY,375,21 Years,1533,831,702,477,245,232,164,98,66,80,52,28,45,26,19,767,410,357
POTTER COUNTY,375,22 Years,1545,817,728,503,259,244,171,110,61,85,42,43,48,24,24,738,382,356
POTTER COUNTY,375,23 Years,1597,852,745,500,252,248,198,122,76,105,58,47,48,19,29,746,401,345
POTTER COUNTY,375,24 Years,1650,882,768,535,262,273,210,121,89,110,59,51,45,22,23,750,418,332
POTTER COUNTY,375,25 Years,1753,922,831,582,304,278,213,124,89,109,56,53,47,22,25,802,416,386
POTTER COUNTY,375,26 Years,1857,982,875,646,334,312,206,129,77,118,65,53,41,19,22,846,435,411
POTTER COUNTY,375,27 Years,1827,947,880,656,334,322,211,126,85,139,61,78,35,15,20,786,411,375
POTTER COUNTY,375,28 Years,1840,973,867,686,353,333,212,132,80,148,86,62,30,13,17,764,389,375
POTTER COUNTY,375,29 Years,1869,996,873,677,340,337,220,140,80,156,89,67,36,16,20,780,411,369
POTTER COUNTY,375,30 Years,1834,1029,805,706,375,331,225,152,73,124,74,50,35,16,19,744,412,332
POTTER COUNTY,375,31 Years,1856,999,857,751,362,389,212,150,62,118,64,54,37,16,21,738,407,331
POTTER COUNTY,375,32 Years,1800,945,855,741,359,382,189,127,62,127,69,58,33,17,16,710,373,337
POTTER COUNTY,375,33 Years,1781,977,804,727,376,351,190,123,67,135,83,52,31,21,10,698,374,324
POTTER COUNTY,375,34 Years,1773,975,798,726,374,352,182,112,70,128,82,46,35,18,17,702,389,313
POTTER COUNTY,375,35 Years,1804,982,822,744,392,352,198,130,68,118,69,49,33,16,17,711,375,336
POTTER COUNTY,375,36 Years,1780,951,829,790,411,379,192,127,65,109,58,51,32,17,15,657,338,319
POTTER COUNTY,375,37 Years,1708,928,780,754,400,354,185,122,63,119,67,52,24,11,13,626,328,298
POTTER COUNTY,375,38 Years,1560,861,699,680,358,322,185,127,58,88,41,47,19,9,10,588,326,262
POTTER COUNTY,375,39 Years,1510,812,698,677,344,333,160,114,46,89,50,39,21,9,12,563,295,268
POTTER COUNTY,375,40 Years,1485,844,641,670,380,290,158,111,47,69,33,36,28,13,15,560,307,253
POTTER COUNTY,375,41 Years,1461,811,650,658,360,298,151,104,47,81,49,32,24,10,14,547,288,259
POTTER COUNTY,375,42 Years,1409,770,639,610,328,282,150,101,49,74,40,34,23,10,13,552,291,261
POTTER COUNTY,375,43 Years,1384,788,596,615,333,282,143,99,44,78,43,35,21,11,10,527,302,225
POTTER COUNTY,375,44 Years,1399,780,619,630,333,297,135,97,38,74,45,29,25,12,13,535,293,242
POTTER COUNTY,375,45 Years,1460,814,646,646,346,300,163,108,55,91,55,36,21,12,9,539,293,246
POTTER COUNTY,375,46 Years,1437,803,634,667,369,298,153,101,52,76,42,34,28,17,11,513,274,239
POTTER COUNTY,375,47 Years,1496,824,672,723,391,332,147,99,48,67,35,32,26,12,14,533,287,246
POTTER COUNTY,375,48 Years,1409,768,641,669,349,320,154,107,47,59,32,27,20,10,10,507,270,237
POTTER COUNTY,375,49 Years,1376,754,622,643,330,313,143,99,44,59,34,25,31,14,17,500,277,223
POTTER COUNTY,375,50 Years,1300,727,573,600,323,277,129,85,44,65,34,31,27,14,13,479,271,208
POTTER COUNTY,375,51 Years,1336,736,600,638,321,317,135,92,43,56,31,25,26,12,14,481,280,201
POTTER COUNTY,375,52 Years,1428,765,663,706,364,342,150,93,57,53,27,26,28,12,16,491,269,222
POTTER COUNTY,375,53 Years,1420,759,661,742,397,345,139,81,58,59,29,30,33,15,18,447,237,210
POTTER COUNTY,375,54 Years,1426,757,669,788,425,363,143,76,67,48,23,25,29,14,15,418,219,199
POTTER COUNTY,375,55 Years,1397,695,702,787,390,397,129,73,56,51,23,28,23,8,15,407,201,206
POTTER COUNTY,375,56 Years,1392,708,684,800,406,394,121,67,54,57,25,32,22,13,9,392,197,195
POTTER COUNTY,375,57 Years,1457,752,705,870,448,422,124,63,61,59,27,32,22,14,8,382,200,182
POTTER COUNTY,375,58 Years,1402,720,682,831,430,401,114,64,50,58,27,31,26,12,14,373,187,186
POTTER COUNTY,375,59 Years,1394,706,688,834,410,424,114,68,46,52,27,25,21,10,11,373,191,182
POTTER COUNTY,375,60 Years,1363,658,705,821,392,429,114,57,57,54,27,27,21,11,10,353,171,182
POTTER COUNTY,375,61 Years,1394,714,680,876,451,425,111,58,53,54,27,27,14,8,6,339,170,169
POTTER COUNTY,375,62 Years,1341,676,665,853,432,421,109,60,49,56,26,30,18,8,10,305,150,155
POTTER COUNTY,375,63 Years,1220,628,592,780,397,383,93,50,43,48,23,25,27,15,12,272,143,129
POTTER COUNTY,375,64 Years,1198,607,591,772,385,387,89,45,44,55,27,28,23,11,12,259,139,120
POTTER COUNTY,375,65 Years,1089,538,551,720,352,368,78,34,44,49,20,29,17,9,8,225,123,102
POTTER COUNTY,375,66 Years,1033,514,519,682,329,353,77,37,40,40,22,18,15,9,6,219,117,102
POTTER COUNTY,375,67 Years,979,499,480,633,312,321,68,33,35,36,23,13,21,11,10,221,120,101
POTTER COUNTY,375,68 Years,930,455,475,613,304,309,72,31,41,43,23,20,22,10,12,180,87,93
POTTER COUNTY,375,69 Years,900,425,475,629,305,324,62,26,36,30,16,14,16,9,7,163,69,94
POTTER COUNTY,375,70 Years,864,406,458,633,293,340,52,22,30,22,13,9,18,10,8,139,68,71
POTTER COUNTY,375,71 Years,721,319,402,498,219,279,39,17,22,23,14,9,16,9,7,145,60,85
POTTER COUNTY,375,72 Years,667,310,357,461,214,247,49,21,28,26,13,13,10,5,5,121,57,64
POTTER COUNTY,375,73 Years,681,326,355,496,241,255,40,17,23,24,13,11,14,5,9,107,50,57
POTTER COUNTY,375,74 Years,620,282,338,458,213,245,40,11,29,20,13,7,14,4,10,88,41,47
POTTER COUNTY,375,75 Years,584,269,315,437,197,240,39,13,26,14,8,6,13,7,6,81,44,37
POTTER COUNTY,375,76 Years,571,267,304,419,197,222,33,14,19,13,7,6,11,4,7,95,45,50
POTTER COUNTY,375,77 Years,525,224,301,401,173,228,24,7,17,13,6,7,9,4,5,78,34,44
POTTER COUNTY,375,78 Years,500,208,292,385,158,227,23,9,14,10,5,5,13,5,8,69,31,38
POTTER COUNTY,375,79 Years,459,199,260,352,149,203,20,9,11,12,6,6,10,5,5,65,30,35
POTTER COUNTY,375,80 Years,436,167,269,339,128,211,21,8,13,13,7,6,8,2,6,55,22,33
POTTER COUNTY,375,81 Years,407,165,242,312,132,180,22,8,14,10,3,7,7,2,5,56,20,36
POTTER COUNTY,375,82 Years,401,165,236,320,134,186,20,7,13,6,3,3,5,2,3,50,19,31
POTTER COUNTY,375,83 Years,379,156,223,304,128,176,17,5,12,6,4,2,6,2,4,46,17,29
POTTER COUNTY,375,84 Years,356,143,213,297,119,178,13,4,9,6,4,2,4,2,2,36,14,22
POTTER COUNTY,375,85 Years,358,143,215,293,113,180,16,8,8,5,3,2,5,0,5,39,19,20
POTTER COUNTY,375,86 Years,313,119,194,255,96,159,14,4,10,5,3,2,3,0,3,36,16,20
POTTER COUNTY,375,87 Years,292,118,174,233,95,138,11,4,7,5,3,2,5,1,4,38,15,23
POTTER COUNTY,375,88 Years,258,99,159,212,79,133,9,4,5,3,2,1,4,1,3,30,13,17
POTTER COUNTY,375,89 Years,237,90,147,195,68,127,8,4,4,3,3,0,3,2,1,28,13,15
POTTER COUNTY,375,90 Years,226,78,148,186,63,123,12,4,8,2,1,1,3,1,2,23,9,14
POTTER COUNTY,375,91 Years,182,65,117,153,56,97,9,3,6,1,0,1,3,1,2,16,5,11
POTTER COUNTY,375,92 Years,146,48,98,126,41,85,5,2,3,1,0,1,2,1,1,12,4,8
POTTER COUNTY,375,93 Years,122,42,80,106,33,73,5,2,3,0,0,0,1,1,0,10,6,4
POTTER COUNTY,375,94 Years,102,31,71,88,25,63,5,2,3,2,0,2,1,1,0,6,3,3
POTTER COUNTY,375,95 Years +,233,61,172,194,47,147,11,5,6,7,3,4,2,0,2,19,6,13
PRESIDIO COUNTY,377,All Ages,7074,3537,3537,1094,542,552,33,23,10,80,36,44,69,40,29,5798,2896,2902
PRESIDIO COUNTY,377,< 1 Year,120,62,58,14,8,6,0,0,0,0,0,0,0,0,0,106,54,52
PRESIDIO COUNTY,377,1 Years,106,55,51,14,6,8,0,0,0,0,0,0,0,0,0,92,49,43
PRESIDIO COUNTY,377,2 Years,115,59,56,13,6,7,0,0,0,0,0,0,0,0,0,102,53,49
PRESIDIO COUNTY,377,3 Years,113,58,55,16,8,8,0,0,0,0,0,0,0,0,0,97,50,47
PRESIDIO COUNTY,377,4 Years,109,58,51,15,8,7,0,0,0,0,0,0,0,0,0,94,50,44
PRESIDIO COUNTY,377,5 Years,96,47,49,13,6,7,0,0,0,0,0,0,0,0,0,83,41,42
PRESIDIO COUNTY,377,6 Years,93,47,46,10,3,7,0,0,0,0,0,0,0,0,0,83,44,39
PRESIDIO COUNTY,377,7 Years,84,43,41,12,4,8,1,1,0,1,0,1,2,1,1,68,37,31
PRESIDIO COUNTY,377,8 Years,89,44,45,11,4,7,2,0,2,1,0,1,2,1,1,73,39,34
PRESIDIO COUNTY,377,9 Years,102,52,50,14,7,7,1,0,1,2,1,1,3,2,1,82,42,40
PRESIDIO COUNTY,377,10 Years,98,47,51,7,4,3,1,1,0,1,0,1,2,2,0,87,40,47
PRESIDIO COUNTY,377,11 Years,90,42,48,9,4,5,0,0,0,0,0,0,0,0,0,81,38,43
PRESIDIO COUNTY,377,12 Years,96,49,47,9,5,4,1,1,0,1,0,1,0,0,0,85,43,42
PRESIDIO COUNTY,377,13 Years,93,53,40,7,4,3,1,1,0,4,1,3,1,1,0,80,46,34
PRESIDIO COUNTY,377,14 Years,98,54,44,13,11,2,1,1,0,4,3,1,2,2,0,78,37,41
PRESIDIO COUNTY,377,15 Years,82,45,37,10,7,3,1,1,0,1,1,0,2,1,1,68,35,33
PRESIDIO COUNTY,377,16 Years,89,51,38,6,5,1,0,0,0,1,1,0,0,0,0,82,45,37
PRESIDIO COUNTY,377,17 Years,90,44,46,5,2,3,1,1,0,4,1,3,1,1,0,79,39,40
PRESIDIO COUNTY,377,18 Years,91,47,44,7,3,4,1,1,0,2,1,1,2,2,0,79,40,39
PRESIDIO COUNTY,377,19 Years,89,48,41,9,5,4,1,1,0,0,0,0,3,2,1,76,40,36
PRESIDIO COUNTY,377,20 Years,80,41,39,7,3,4,1,1,0,1,1,0,2,1,1,69,35,34
PRESIDIO COUNTY,377,21 Years,86,36,50,6,2,4,1,1,0,2,1,1,2,0,2,75,32,43
PRESIDIO COUNTY,377,22 Years,93,44,49,4,3,1,0,0,0,1,1,0,1,0,1,87,40,47
PRESIDIO COUNTY,377,23 Years,91,45,46,3,1,2,1,0,1,3,0,3,1,0,1,83,44,39
PRESIDIO COUNTY,377,24 Years,98,52,46,8,2,6,1,0,1,5,3,2,0,0,0,84,47,37
PRESIDIO COUNTY,377,25 Years,92,51,41,6,4,2,1,0,1,1,1,0,0,0,0,84,46,38
PRESIDIO COUNTY,377,26 Years,88,47,41,1,1,0,0,0,0,2,2,0,0,0,0,85,44,41
PRESIDIO COUNTY,377,27 Years,77,37,40,3,2,1,1,0,1,0,0,0,1,1,0,72,34,38
PRESIDIO COUNTY,377,28 Years,60,36,24,7,3,4,0,0,0,0,0,0,0,0,0,53,33,20
PRESIDIO COUNTY,377,29 Years,64,35,29,8,4,4,0,0,0,0,0,0,0,0,0,56,31,25
PRESIDIO COUNTY,377,30 Years,74,45,29,9,6,3,1,1,0,0,0,0,0,0,0,64,38,26
PRESIDIO COUNTY,377,31 Years,84,43,41,9,4,5,1,1,0,0,0,0,0,0,0,74,38,36
PRESIDIO COUNTY,377,32 Years,74,38,36,14,6,8,0,0,0,0,0,0,0,0,0,60,32,28
PRESIDIO COUNTY,377,33 Years,69,32,37,10,4,6,0,0,0,0,0,0,0,0,0,59,28,31
PRESIDIO COUNTY,377,34 Years,62,28,34,8,3,5,0,0,0,0,0,0,0,0,0,54,25,29
PRESIDIO COUNTY,377,35 Years,66,32,34,11,5,6,1,0,1,1,0,1,0,0,0,53,27,26
PRESIDIO COUNTY,377,36 Years,74,35,39,13,7,6,2,1,1,0,0,0,0,0,0,59,27,32
PRESIDIO COUNTY,377,37 Years,74,37,37,13,8,5,1,1,0,0,0,0,0,0,0,60,28,32
PRESIDIO COUNTY,377,38 Years,68,32,36,10,5,5,1,1,0,3,2,1,0,0,0,54,24,30
PRESIDIO COUNTY,377,39 Years,59,30,29,10,7,3,0,0,0,2,1,1,1,0,1,46,22,24
PRESIDIO COUNTY,377,40 Years,65,31,34,11,7,4,2,2,0,1,0,1,2,0,2,49,22,27
PRESIDIO COUNTY,377,41 Years,74,36,38,11,5,6,2,2,0,2,2,0,1,0,1,58,27,31
PRESIDIO COUNTY,377,42 Years,74,33,41,10,5,5,0,0,0,5,1,4,1,1,0,58,26,32
PRESIDIO COUNTY,377,43 Years,72,30,42,12,7,5,0,0,0,4,1,3,1,1,0,55,21,34
PRESIDIO COUNTY,377,44 Years,74,35,39,15,7,8,0,0,0,1,0,1,1,1,0,57,27,30
PRESIDIO COUNTY,377,45 Years,92,51,41,20,10,10,0,0,0,3,2,1,1,1,0,68,38,30
PRESIDIO COUNTY,377,46 Years,90,41,49,18,9,9,0,0,0,2,1,1,0,0,0,70,31,39
PRESIDIO COUNTY,377,47 Years,89,40,49,18,10,8,0,0,0,3,1,2,1,0,1,67,29,38
PRESIDIO COUNTY,377,48 Years,86,41,45,19,10,9,0,0,0,1,1,0,1,0,1,65,30,35
PRESIDIO COUNTY,377,49 Years,85,43,42,18,9,9,0,0,0,1,1,0,2,1,1,64,32,32
PRESIDIO COUNTY,377,50 Years,75,37,38,11,6,5,0,0,0,2,0,2,0,0,0,62,31,31
PRESIDIO COUNTY,377,51 Years,80,37,43,14,7,7,1,1,0,0,0,0,0,0,0,65,29,36
PRESIDIO COUNTY,377,52 Years,79,38,41,9,4,5,0,0,0,2,1,1,0,0,0,68,33,35
PRESIDIO COUNTY,377,53 Years,91,51,40,11,7,4,0,0,0,1,0,1,0,0,0,79,44,35
PRESIDIO COUNTY,377,54 Years,88,44,44,18,8,10,0,0,0,0,0,0,0,0,0,70,36,34
PRESIDIO COUNTY,377,55 Years,84,41,43,16,8,8,0,0,0,0,0,0,0,0,0,68,33,35
PRESIDIO COUNTY,377,56 Years,87,43,44,13,5,8,0,0,0,2,0,2,0,0,0,72,38,34
PRESIDIO COUNTY,377,57 Years,77,39,38,11,7,4,1,1,0,1,0,1,0,0,0,64,31,33
PRESIDIO COUNTY,377,58 Years,70,35,35,12,6,6,0,0,0,1,1,0,1,1,0,56,27,29
PRESIDIO COUNTY,377,59 Years,78,38,40,17,7,10,0,0,0,0,0,0,1,1,0,60,30,30
PRESIDIO COUNTY,377,60 Years,93,50,43,22,11,11,0,0,0,2,2,0,0,0,0,69,37,32
PRESIDIO COUNTY,377,61 Years,81,39,42,14,7,7,0,0,0,1,1,0,1,0,1,65,31,34
PRESIDIO COUNTY,377,62 Years,77,37,40,17,9,8,1,1,0,0,0,0,1,1,0,58,26,32
PRESIDIO COUNTY,377,63 Years,81,37,44,15,8,7,0,0,0,0,0,0,1,1,0,65,28,37
PRESIDIO COUNTY,377,64 Years,83,39,44,17,8,9,0,0,0,0,0,0,1,1,0,65,30,35
PRESIDIO COUNTY,377,65 Years,90,34,56,19,8,11,0,0,0,0,0,0,2,1,1,69,25,44
PRESIDIO COUNTY,377,66 Years,87,43,44,18,7,11,0,0,0,0,0,0,5,5,0,64,31,33
PRESIDIO COUNTY,377,67 Years,93,50,43,23,12,11,1,0,1,0,0,0,1,1,0,68,37,31
PRESIDIO COUNTY,377,68 Years,97,54,43,29,17,12,0,0,0,0,0,0,2,0,2,66,37,29
PRESIDIO COUNTY,377,69 Years,97,54,43,32,20,12,0,0,0,1,0,1,3,3,0,61,31,30
PRESIDIO COUNTY,377,70 Years,106,57,49,25,16,9,0,0,0,1,0,1,3,1,2,77,40,37
PRESIDIO COUNTY,377,71 Years,76,40,36,23,15,8,0,0,0,0,0,0,1,0,1,52,25,27
PRESIDIO COUNTY,377,72 Years,70,35,35,15,8,7,0,0,0,0,0,0,1,0,1,54,27,27
PRESIDIO COUNTY,377,73 Years,68,41,27,11,5,6,0,0,0,0,0,0,1,0,1,56,36,20
PRESIDIO COUNTY,377,74 Years,79,44,35,16,6,10,0,0,0,0,0,0,1,0,1,62,38,24
PRESIDIO COUNTY,377,75 Years,63,32,31,12,5,7,0,0,0,0,0,0,0,0,0,51,27,24
PRESIDIO COUNTY,377,76 Years,61,25,36,6,3,3,0,0,0,0,0,0,0,0,0,55,22,33
PRESIDIO COUNTY,377,77 Years,51,23,28,8,4,4,0,0,0,0,0,0,1,0,1,42,19,23
PRESIDIO COUNTY,377,78 Years,53,27,26,11,5,6,0,0,0,0,0,0,1,0,1,41,22,19
PRESIDIO COUNTY,377,79 Years,49,27,22,8,4,4,0,0,0,0,0,0,0,0,0,41,23,18
PRESIDIO COUNTY,377,80 Years,45,25,20,8,4,4,0,0,0,0,0,0,0,0,0,37,21,16
PRESIDIO COUNTY,377,81 Years,46,20,26,8,2,6,0,0,0,0,0,0,0,0,0,38,18,20
PRESIDIO COUNTY,377,82 Years,45,23,22,8,3,5,0,0,0,0,0,0,0,0,0,37,20,17
PRESIDIO COUNTY,377,83 Years,38,19,19,9,3,6,0,0,0,0,0,0,0,0,0,29,16,13
PRESIDIO COUNTY,377,84 Years,32,13,19,9,3,6,0,0,0,0,0,0,0,0,0,23,10,13
PRESIDIO COUNTY,377,85 Years,29,13,16,7,3,4,0,0,0,0,0,0,0,0,0,22,10,12
PRESIDIO COUNTY,377,86 Years,29,11,18,4,0,4,0,0,0,0,0,0,1,1,0,24,10,14
PRESIDIO COUNTY,377,87 Years,29,12,17,6,1,5,0,0,0,0,0,0,1,1,0,22,10,12
PRESIDIO COUNTY,377,88 Years,25,9,16,7,2,5,0,0,0,0,0,0,0,0,0,18,7,11
PRESIDIO COUNTY,377,89 Years,25,8,17,6,2,4,0,0,0,0,0,0,0,0,0,19,6,13
PRESIDIO COUNTY,377,90 Years,21,7,14,5,2,3,0,0,0,0,0,0,0,0,0,16,5,11
PRESIDIO COUNTY,377,91 Years,14,6,8,4,1,3,0,0,0,0,0,0,0,0,0,10,5,5
PRESIDIO COUNTY,377,92 Years,13,5,8,2,1,1,0,0,0,0,0,0,0,0,0,11,4,7
PRESIDIO COUNTY,377,93 Years,10,4,6,3,1,2,0,0,0,0,0,0,0,0,0,7,3,4
PRESIDIO COUNTY,377,94 Years,10,2,8,3,0,3,0,0,0,0,0,0,0,0,0,7,2,5
PRESIDIO COUNTY,377,95 Years +,22,7,15,6,2,4,0,0,0,0,0,0,0,0,0,16,5,11
RAINS COUNTY,379,All Ages,11528,5798,5730,9958,4979,4979,266,143,123,64,26,38,252,125,127,988,525,463
RAINS COUNTY,379,< 1 Year,128,67,61,104,57,47,0,0,0,0,0,0,5,1,4,19,9,10
RAINS COUNTY,379,1 Years,135,71,64,106,56,50,0,0,0,3,1,2,5,3,2,21,11,10
RAINS COUNTY,379,2 Years,114,57,57,93,47,46,0,0,0,3,2,1,3,1,2,15,7,8
RAINS COUNTY,379,3 Years,118,60,58,93,48,45,0,0,0,3,1,2,6,4,2,16,7,9
RAINS COUNTY,379,4 Years,122,66,56,97,51,46,0,0,0,3,2,1,6,4,2,16,9,7
RAINS COUNTY,379,5 Years,127,70,57,102,55,47,1,1,0,0,0,0,5,4,1,19,10,9
RAINS COUNTY,379,6 Years,136,77,59,109,58,51,1,1,0,0,0,0,5,4,1,21,14,7
RAINS COUNTY,379,7 Years,139,76,63,111,57,54,1,0,1,2,2,0,5,0,5,20,17,3
RAINS COUNTY,379,8 Years,116,66,50,90,50,40,5,4,1,1,1,0,5,3,2,15,8,7
RAINS COUNTY,379,9 Years,115,71,44,91,54,37,2,2,0,0,0,0,3,2,1,19,13,6
RAINS COUNTY,379,10 Years,137,68,69,109,53,56,0,0,0,0,0,0,2,0,2,26,15,11
RAINS COUNTY,379,11 Years,128,64,64,103,50,53,1,1,0,1,1,0,1,0,1,22,12,10
RAINS COUNTY,379,12 Years,116,65,51,98,55,43,4,3,1,1,1,0,0,0,0,13,6,7
RAINS COUNTY,379,13 Years,117,67,50,98,56,42,3,2,1,0,0,0,3,2,1,13,7,6
RAINS COUNTY,379,14 Years,117,68,49,87,48,39,1,1,0,1,1,0,6,5,1,22,13,9
RAINS COUNTY,379,15 Years,111,53,58,90,42,48,1,1,0,1,1,0,2,1,1,17,8,9
RAINS COUNTY,379,16 Years,117,56,61,96,47,49,2,1,1,0,0,0,4,2,2,15,6,9
RAINS COUNTY,379,17 Years,119,54,65,84,38,46,4,2,2,1,0,1,6,3,3,24,11,13
RAINS COUNTY,379,18 Years,119,62,57,84,42,42,5,2,3,2,2,0,6,3,3,22,13,9
RAINS COUNTY,379,19 Years,124,64,60,88,44,44,6,3,3,2,1,1,4,3,1,24,13,11
RAINS COUNTY,379,20 Years,109,62,47,82,46,36,5,4,1,0,0,0,6,3,3,16,9,7
RAINS COUNTY,379,21 Years,110,61,49,80,46,34,3,1,2,0,0,0,4,3,1,23,11,12
RAINS COUNTY,379,22 Years,112,60,52,79,44,35,4,2,2,1,1,0,5,2,3,23,11,12
RAINS COUNTY,379,23 Years,116,52,64,86,37,49,4,1,3,2,1,1,5,2,3,19,11,8
RAINS COUNTY,379,24 Years,124,62,62,92,45,47,4,1,3,0,0,0,6,2,4,22,14,8
RAINS COUNTY,379,25 Years,138,71,67,110,57,53,3,1,2,0,0,0,5,2,3,20,11,9
RAINS COUNTY,379,26 Years,123,59,64,103,49,54,3,2,1,0,0,0,2,1,1,15,7,8
RAINS COUNTY,379,27 Years,122,61,61,103,48,55,2,1,1,0,0,0,2,1,1,15,11,4
RAINS COUNTY,379,28 Years,124,70,54,109,62,47,0,0,0,0,0,0,3,1,2,12,7,5
RAINS COUNTY,379,29 Years,119,66,53,103,57,46,0,0,0,0,0,0,2,1,1,14,8,6
RAINS COUNTY,379,30 Years,110,51,59,98,42,56,0,0,0,0,0,0,1,0,1,11,9,2
RAINS COUNTY,379,31 Years,125,57,68,106,45,61,1,1,0,0,0,0,2,0,2,16,11,5
RAINS COUNTY,379,32 Years,127,62,65,107,53,54,0,0,0,1,0,1,2,0,2,17,9,8
RAINS COUNTY,379,33 Years,109,56,53,92,51,41,4,2,2,2,1,1,1,0,1,10,2,8
RAINS COUNTY,379,34 Years,114,48,66,99,40,59,2,1,1,1,0,1,1,1,0,11,6,5
RAINS COUNTY,379,35 Years,125,59,66,104,47,57,3,2,1,0,0,0,2,1,1,16,9,7
RAINS COUNTY,379,36 Years,113,57,56,98,48,50,1,1,0,1,0,1,2,1,1,11,7,4
RAINS COUNTY,379,37 Years,101,50,51,79,37,42,3,3,0,0,0,0,2,1,1,17,9,8
RAINS COUNTY,379,38 Years,109,55,54,96,50,46,3,1,2,0,0,0,0,0,0,10,4,6
RAINS COUNTY,379,39 Years,96,51,45,84,44,40,2,1,1,0,0,0,0,0,0,10,6,4
RAINS COUNTY,379,40 Years,119,60,59,103,52,51,2,2,0,0,0,0,3,1,2,11,5,6
RAINS COUNTY,379,41 Years,121,52,69,101,47,54,4,2,2,3,0,3,2,1,1,11,2,9
RAINS COUNTY,379,42 Years,117,54,63,93,42,51,5,3,2,1,0,1,3,2,1,15,7,8
RAINS COUNTY,379,43 Years,112,56,56,99,50,49,2,1,1,0,0,0,1,0,1,10,5,5
RAINS COUNTY,379,44 Years,119,61,58,102,54,48,4,3,1,0,0,0,2,1,1,11,3,8
RAINS COUNTY,379,45 Years,127,63,64,104,50,54,6,3,3,0,0,0,2,2,0,15,8,7
RAINS COUNTY,379,46 Years,152,74,78,130,63,67,5,1,4,0,0,0,2,1,1,15,9,6
RAINS COUNTY,379,47 Years,143,76,67,127,68,59,1,0,1,1,0,1,3,2,1,11,6,5
RAINS COUNTY,379,48 Years,129,69,60,115,63,52,0,0,0,2,0,2,2,1,1,10,5,5
RAINS COUNTY,379,49 Years,130,67,63,113,58,55,4,3,1,1,0,1,4,1,3,8,5,3
RAINS COUNTY,379,50 Years,161,79,82,140,72,68,4,2,2,2,0,2,3,0,3,12,5,7
RAINS COUNTY,379,51 Years,158,75,83,138,64,74,2,1,1,1,0,1,2,1,1,15,9,6
RAINS COUNTY,379,52 Years,149,77,72,128,65,63,3,1,2,2,2,0,2,1,1,14,8,6
RAINS COUNTY,379,53 Years,158,78,80,144,72,72,3,2,1,0,0,0,1,1,0,10,3,7
RAINS COUNTY,379,54 Years,179,91,88,164,82,82,7,5,2,1,0,1,1,1,0,6,3,3
RAINS COUNTY,379,55 Years,178,96,82,163,92,71,2,1,1,5,1,4,1,0,1,7,2,5
RAINS COUNTY,379,56 Years,182,92,90,168,87,81,2,0,2,2,0,2,3,1,2,7,4,3
RAINS COUNTY,379,57 Years,185,100,85,172,93,79,2,1,1,1,0,1,3,2,1,7,4,3
RAINS COUNTY,379,58 Years,214,104,110,201,97,104,3,2,1,1,0,1,2,0,2,7,5,2
RAINS COUNTY,379,59 Years,207,99,108,188,91,97,6,2,4,1,1,0,5,2,3,7,3,4
RAINS COUNTY,379,60 Years,212,102,110,187,90,97,4,1,3,4,2,2,6,4,2,11,5,6
RAINS COUNTY,379,61 Years,191,88,103,173,80,93,4,2,2,1,0,1,6,4,2,7,2,5
RAINS COUNTY,379,62 Years,157,74,83,142,67,75,4,2,2,0,0,0,4,2,2,7,3,4
RAINS COUNTY,379,63 Years,172,78,94,159,72,87,7,3,4,0,0,0,2,1,1,4,2,2
RAINS COUNTY,379,64 Years,188,94,94,174,85,89,8,5,3,0,0,0,3,2,1,3,2,1
RAINS COUNTY,379,65 Years,179,89,90,163,79,84,6,4,2,0,0,0,5,2,3,5,4,1
RAINS COUNTY,379,66 Years,179,84,95,166,76,90,5,4,1,0,0,0,5,2,3,3,2,1
RAINS COUNTY,379,67 Years,170,89,81,161,83,78,5,4,1,0,0,0,2,1,1,2,1,1
RAINS COUNTY,379,68 Years,184,92,92,170,87,83,7,4,3,0,0,0,2,0,2,5,1,4
RAINS COUNTY,379,69 Years,189,88,101,179,84,95,3,1,2,0,0,0,1,0,1,6,3,3
RAINS COUNTY,379,70 Years,201,104,97,186,95,91,7,5,2,0,0,0,6,3,3,2,1,1
RAINS COUNTY,379,71 Years,140,70,70,128,66,62,5,3,2,0,0,0,4,1,3,3,0,3
RAINS COUNTY,379,72 Years,139,73,66,132,69,63,5,3,2,0,0,0,1,1,0,1,0,1
RAINS COUNTY,379,73 Years,139,74,65,135,73,62,2,1,1,1,0,1,0,0,0,1,0,1
RAINS COUNTY,379,74 Years,131,64,67,126,63,63,1,0,1,1,0,1,0,0,0,3,1,2
RAINS COUNTY,379,75 Years,131,66,65,120,61,59,2,1,1,0,0,0,4,3,1,5,1,4
RAINS COUNTY,379,76 Years,110,60,50,99,53,46,3,0,3,1,1,0,3,3,0,4,3,1
RAINS COUNTY,379,77 Years,97,48,49,91,42,49,2,2,0,0,0,0,2,2,0,2,2,0
RAINS COUNTY,379,78 Years,97,41,56,96,40,56,1,1,0,0,0,0,0,0,0,0,0,0
RAINS COUNTY,379,79 Years,96,36,60,89,34,55,4,2,2,0,0,0,1,0,1,2,0,2
RAINS COUNTY,379,80 Years,79,36,43,72,33,39,4,2,2,0,0,0,1,0,1,2,1,1
RAINS COUNTY,379,81 Years,80,44,36,75,40,35,2,1,1,0,0,0,2,2,0,1,1,0
RAINS COUNTY,379,82 Years,72,41,31,69,39,30,2,1,1,0,0,0,1,1,0,0,0,0
RAINS COUNTY,379,83 Years,59,32,27,56,30,26,1,0,1,0,0,0,0,0,0,2,2,0
RAINS COUNTY,379,84 Years,52,26,26,43,22,21,3,1,2,0,0,0,2,1,1,4,2,2
RAINS COUNTY,379,85 Years,45,20,25,41,19,22,2,0,2,0,0,0,1,1,0,1,0,1
RAINS COUNTY,379,86 Years,38,20,18,37,20,17,1,0,1,0,0,0,0,0,0,0,0,0
RAINS COUNTY,379,87 Years,38,13,25,34,13,21,1,0,1,0,0,0,2,0,2,1,0,1
RAINS COUNTY,379,88 Years,31,13,18,26,10,16,1,1,0,0,0,0,2,1,1,2,1,1
RAINS COUNTY,379,89 Years,23,12,11,21,10,11,1,1,0,0,0,0,0,0,0,1,1,0
RAINS COUNTY,379,90 Years,16,8,8,13,5,8,2,2,0,0,0,0,0,0,0,1,1,0
RAINS COUNTY,379,91 Years,22,8,14,19,7,12,1,0,1,0,0,0,1,0,1,1,1,0
RAINS COUNTY,379,92 Years,13,5,8,11,5,6,2,0,2,0,0,0,0,0,0,0,0,0
RAINS COUNTY,379,93 Years,10,3,7,9,3,6,1,0,1,0,0,0,0,0,0,0,0,0
RAINS COUNTY,379,94 Years,8,2,6,7,2,5,1,0,1,0,0,0,0,0,0,0,0,0
RAINS COUNTY,379,95 Years +,19,6,13,13,4,9,5,2,3,0,0,0,1,0,1,0,0,0
RANDALL COUNTY,381,All Ages,134639,66548,68091,96232,46672,49560,3833,2167,1666,1892,890,1002,3050,1607,1443,29632,15212,14420
RANDALL COUNTY,381,< 1 Year,1658,836,822,954,477,477,47,22,25,27,15,12,91,47,44,539,275,264
RANDALL COUNTY,381,1 Years,1688,856,832,967,494,473,51,26,25,29,13,16,89,44,45,552,279,273
RANDALL COUNTY,381,2 Years,1797,903,894,1035,522,513,55,27,28,33,17,16,98,50,48,576,287,289
RANDALL COUNTY,381,3 Years,1848,940,908,1066,555,511,61,31,30,31,14,17,102,49,53,588,291,297
RANDALL COUNTY,381,4 Years,1865,964,901,1076,565,511,60,30,30,33,17,16,101,51,50,595,301,294
RANDALL COUNTY,381,5 Years,1847,965,882,1090,578,512,53,26,27,27,14,13,96,48,48,581,299,282
RANDALL COUNTY,381,6 Years,1809,938,871,1068,552,516,50,24,26,25,14,11,84,44,40,582,304,278
RANDALL COUNTY,381,7 Years,1780,942,838,1041,547,494,49,22,27,20,10,10,82,51,31,588,312,276
RANDALL COUNTY,381,8 Years,1858,986,872,1114,594,520,60,27,33,20,11,9,74,39,35,590,315,275
RANDALL COUNTY,381,9 Years,1826,950,876,1077,551,526,59,29,30,43,19,24,68,34,34,579,317,262
RANDALL COUNTY,381,10 Years,1868,965,903,1121,579,542,67,28,39,28,10,18,62,40,22,590,308,282
RANDALL COUNTY,381,11 Years,1863,973,890,1082,558,524,74,41,33,31,6,25,59,32,27,617,336,281
RANDALL COUNTY,381,12 Years,1871,978,893,1096,556,540,68,37,31,27,8,19,63,42,21,617,335,282
RANDALL COUNTY,381,13 Years,1838,931,907,1109,568,541,54,27,27,21,5,16,57,33,24,597,298,299
RANDALL COUNTY,381,14 Years,1809,941,868,1104,583,521,61,29,32,34,18,16,47,24,23,563,287,276
RANDALL COUNTY,381,15 Years,1776,932,844,1075,566,509,58,28,30,31,17,14,39,19,20,573,302,271
RANDALL COUNTY,381,16 Years,1782,942,840,1058,552,506,73,46,27,22,9,13,51,30,21,578,305,273
RANDALL COUNTY,381,17 Years,1704,896,808,969,491,478,71,40,31,20,8,12,49,26,23,595,331,264
RANDALL COUNTY,381,18 Years,1963,1036,927,1029,506,523,107,55,52,25,13,12,45,23,22,757,439,318
RANDALL COUNTY,381,19 Years,2314,1150,1164,1360,649,711,105,56,49,37,21,16,65,34,31,747,390,357
RANDALL COUNTY,381,20 Years,2203,1099,1104,1241,615,626,94,44,50,36,15,21,54,25,29,778,400,378
RANDALL COUNTY,381,21 Years,2169,1081,1088,1236,604,632,100,54,46,37,19,18,74,37,37,722,367,355
RANDALL COUNTY,381,22 Years,2053,1064,989,1187,609,578,95,60,35,33,18,15,69,35,34,669,342,327
RANDALL COUNTY,381,23 Years,1994,1025,969,1202,599,603,91,48,43,45,32,13,59,38,21,597,308,289
RANDALL COUNTY,381,24 Years,1937,971,966,1239,599,640,89,50,39,28,16,12,60,39,21,521,267,254
RANDALL COUNTY,381,25 Years,2041,1014,1027,1412,670,742,92,54,38,41,25,16,41,22,19,455,243,212
RANDALL COUNTY,381,26 Years,1842,967,875,1326,670,656,58,41,17,31,19,12,34,24,10,393,213,180
RANDALL COUNTY,381,27 Years,1791,887,904,1311,613,698,56,40,16,41,28,13,36,21,15,347,185,162
RANDALL COUNTY,381,28 Years,1678,799,879,1300,616,684,38,22,16,20,7,13,40,29,11,280,125,155
RANDALL COUNTY,381,29 Years,1611,830,781,1230,640,590,43,23,20,16,6,10,15,8,7,307,153,154
RANDALL COUNTY,381,30 Years,1615,841,774,1203,655,548,32,12,20,16,1,15,22,12,10,342,161,181
RANDALL COUNTY,381,31 Years,1785,894,891,1331,669,662,35,20,15,28,8,20,26,14,12,365,183,182
RANDALL COUNTY,381,32 Years,1807,899,908,1319,658,661,55,31,24,20,8,12,24,8,16,389,194,195
RANDALL COUNTY,381,33 Years,1838,919,919,1329,667,662,57,33,24,19,5,14,20,10,10,413,204,209
RANDALL COUNTY,381,34 Years,1850,900,950,1328,654,674,61,33,28,17,1,16,28,15,13,416,197,219
RANDALL COUNTY,381,35 Years,1805,876,929,1278,611,667,56,28,28,26,11,15,24,11,13,421,215,206
RANDALL COUNTY,381,36 Years,1867,909,958,1304,599,705,68,43,25,29,12,17,41,22,19,425,233,192
RANDALL COUNTY,381,37 Years,1887,972,915,1339,680,659,71,41,30,28,14,14,32,17,15,417,220,197
RANDALL COUNTY,381,38 Years,1766,927,839,1252,646,606,61,43,18,17,9,8,32,16,16,404,213,191
RANDALL COUNTY,381,39 Years,1710,868,842,1203,589,614,62,50,12,28,13,15,21,14,7,396,202,194
RANDALL COUNTY,381,40 Years,1679,864,815,1189,604,585,44,31,13,29,14,15,23,18,5,394,197,197
RANDALL COUNTY,381,41 Years,1650,843,807,1174,578,596,54,34,20,28,17,11,28,17,11,366,197,169
RANDALL COUNTY,381,42 Years,1696,874,822,1212,608,604,48,35,13,24,10,14,36,20,16,376,201,175
RANDALL COUNTY,381,43 Years,1489,753,736,1062,524,538,43,22,21,27,9,18,19,8,11,338,190,148
RANDALL COUNTY,381,44 Years,1420,708,712,1005,485,520,41,29,12,25,12,13,22,12,10,327,170,157
RANDALL COUNTY,381,45 Years,1538,748,790,1093,514,579,45,34,11,25,13,12,19,9,10,356,178,178
RANDALL COUNTY,381,46 Years,1636,809,827,1205,587,618,47,36,11,22,9,13,29,11,18,333,166,167
RANDALL COUNTY,381,47 Years,1674,811,863,1237,596,641,51,29,22,28,14,14,24,9,15,334,163,171
RANDALL COUNTY,381,48 Years,1515,741,774,1108,531,577,41,25,16,21,10,11,19,5,14,326,170,156
RANDALL COUNTY,381,49 Years,1467,703,764,1064,498,566,52,32,20,26,11,15,19,7,12,306,155,151
RANDALL COUNTY,381,50 Years,1446,705,741,1078,520,558,38,25,13,19,10,9,20,9,11,291,141,150
RANDALL COUNTY,381,51 Years,1461,721,740,1082,525,557,32,23,9,17,7,10,27,10,17,303,156,147
RANDALL COUNTY,381,52 Years,1602,782,820,1192,566,626,53,35,18,22,11,11,29,16,13,306,154,152
RANDALL COUNTY,381,53 Years,1645,814,831,1262,618,644,45,31,14,22,11,11,29,18,11,287,136,151
RANDALL COUNTY,381,54 Years,1732,817,915,1343,632,711,49,28,21,22,12,10,34,20,14,284,125,159
RANDALL COUNTY,381,55 Years,1735,868,867,1362,674,688,45,32,13,19,10,9,31,19,12,278,133,145
RANDALL COUNTY,381,56 Years,1738,878,860,1420,719,701,42,26,16,20,10,10,21,10,11,235,113,122
RANDALL COUNTY,381,57 Years,1760,867,893,1415,691,724,55,32,23,25,11,14,21,9,12,244,124,120
RANDALL COUNTY,381,58 Years,1727,847,880,1407,675,732,40,26,14,26,14,12,29,18,11,225,114,111
RANDALL COUNTY,381,59 Years,1722,829,893,1411,667,744,40,22,18,18,9,9,23,13,10,230,118,112
RANDALL COUNTY,381,60 Years,1713,795,918,1418,645,773,28,19,9,22,9,13,21,7,14,224,115,109
RANDALL COUNTY,381,61 Years,1656,799,857,1392,659,733,34,26,8,23,10,13,20,9,11,187,95,92
RANDALL COUNTY,381,62 Years,1665,800,865,1399,669,730,34,15,19,22,12,10,25,13,12,185,91,94
RANDALL COUNTY,381,63 Years,1590,752,838,1349,645,704,24,9,15,17,4,13,22,9,13,178,85,93
RANDALL COUNTY,381,64 Years,1573,737,836,1351,628,723,20,9,11,21,10,11,26,11,15,155,79,76
RANDALL COUNTY,381,65 Years,1506,722,784,1307,625,682,21,12,9,14,6,8,20,11,9,144,68,76
RANDALL COUNTY,381,66 Years,1398,659,739,1199,559,640,20,10,10,17,8,9,19,12,7,143,70,73
RANDALL COUNTY,381,67 Years,1349,631,718,1156,539,617,18,5,13,14,6,8,23,13,10,138,68,70
RANDALL COUNTY,381,68 Years,1293,618,675,1128,533,595,17,6,11,13,6,7,18,9,9,117,64,53
RANDALL COUNTY,381,69 Years,1288,652,636,1140,567,573,14,10,4,13,7,6,20,9,11,101,59,42
RANDALL COUNTY,381,70 Years,1267,591,676,1126,526,600,12,6,6,14,6,8,22,10,12,93,43,50
RANDALL COUNTY,381,71 Years,969,437,532,851,383,468,8,2,6,12,6,6,16,8,8,82,38,44
RANDALL COUNTY,381,72 Years,870,394,476,767,341,426,3,1,2,9,4,5,13,7,6,78,41,37
RANDALL COUNTY,381,73 Years,936,427,509,830,375,455,9,5,4,8,4,4,13,8,5,76,35,41
RANDALL COUNTY,381,74 Years,921,421,500,820,377,443,10,4,6,8,3,5,9,5,4,74,32,42
RANDALL COUNTY,381,75 Years,812,356,456,734,324,410,9,3,6,6,2,4,9,5,4,54,22,32
RANDALL COUNTY,381,76 Years,733,324,409,675,301,374,4,2,2,8,5,3,9,3,6,37,13,24
RANDALL COUNTY,381,77 Years,711,303,408,645,279,366,3,1,2,8,3,5,8,4,4,47,16,31
RANDALL COUNTY,381,78 Years,647,258,389,591,237,354,5,1,4,8,4,4,8,4,4,35,12,23
RANDALL COUNTY,381,79 Years,623,246,377,580,226,354,2,0,2,9,6,3,4,1,3,28,13,15
RANDALL COUNTY,381,80 Years,552,214,338,510,196,314,2,1,1,5,3,2,4,1,3,31,13,18
RANDALL COUNTY,381,81 Years,511,216,295,474,198,276,3,1,2,4,3,1,4,1,3,26,13,13
RANDALL COUNTY,381,82 Years,514,215,299,476,191,285,3,2,1,6,5,1,4,2,2,25,15,10
RANDALL COUNTY,381,83 Years,464,192,272,425,175,250,2,0,2,4,2,2,4,2,2,29,13,16
RANDALL COUNTY,381,84 Years,411,167,244,377,156,221,5,1,4,1,1,0,6,2,4,22,7,15
RANDALL COUNTY,381,85 Years,365,151,214,342,144,198,2,0,2,4,0,4,4,1,3,13,6,7
RANDALL COUNTY,381,86 Years,363,151,212,340,143,197,3,1,2,1,0,1,2,1,1,17,6,11
RANDALL COUNTY,381,87 Years,321,129,192,297,117,180,1,0,1,1,0,1,3,1,2,19,11,8
RANDALL COUNTY,381,88 Years,267,102,165,242,93,149,2,1,1,3,1,2,4,0,4,16,7,9
RANDALL COUNTY,381,89 Years,218,82,136,198,73,125,3,2,1,2,0,2,3,1,2,12,6,6
RANDALL COUNTY,381,90 Years,193,72,121,173,63,110,2,1,1,3,1,2,4,1,3,11,6,5
RANDALL COUNTY,381,91 Years,160,53,107,146,48,98,1,0,1,3,2,1,2,0,2,8,3,5
RANDALL COUNTY,381,92 Years,120,41,79,110,37,73,2,1,1,1,1,0,1,0,1,6,2,4
RANDALL COUNTY,381,93 Years,94,30,64,86,28,58,1,1,0,0,0,0,2,0,2,5,1,4
RANDALL COUNTY,381,94 Years,66,20,46,63,19,44,0,0,0,1,0,1,0,0,0,2,1,1
RANDALL COUNTY,381,95 Years +,155,43,112,133,35,98,4,1,3,2,0,2,2,1,1,14,6,8
REAGAN COUNTY,383,All Ages,3682,1956,1726,1102,542,560,63,40,23,1,1,0,25,13,12,2491,1360,1131
REAGAN COUNTY,383,< 1 Year,58,25,33,8,3,5,0,0,0,0,0,0,0,0,0,50,22,28
REAGAN COUNTY,383,1 Years,58,27,31,8,4,4,0,0,0,0,0,0,0,0,0,50,23,27
REAGAN COUNTY,383,2 Years,55,29,26,6,3,3,2,1,1,0,0,0,1,1,0,46,24,22
REAGAN COUNTY,383,3 Years,59,30,29,7,4,3,1,0,1,0,0,0,0,0,0,51,26,25
REAGAN COUNTY,383,4 Years,54,26,28,6,3,3,1,0,1,0,0,0,0,0,0,47,23,24
REAGAN COUNTY,383,5 Years,58,28,30,7,4,3,0,0,0,0,0,0,0,0,0,51,24,27
REAGAN COUNTY,383,6 Years,49,24,25,7,3,4,0,0,0,0,0,0,0,0,0,42,21,21
REAGAN COUNTY,383,7 Years,51,28,23,7,4,3,0,0,0,0,0,0,1,0,1,43,24,19
REAGAN COUNTY,383,8 Years,61,27,34,6,3,3,0,0,0,0,0,0,2,0,2,53,24,29
REAGAN COUNTY,383,9 Years,61,35,26,8,4,4,0,0,0,0,0,0,1,0,1,52,31,21
REAGAN COUNTY,383,10 Years,64,40,24,11,7,4,2,2,0,0,0,0,1,1,0,50,30,20
REAGAN COUNTY,383,11 Years,59,36,23,12,8,4,1,1,0,0,0,0,1,1,0,45,26,19
REAGAN COUNTY,383,12 Years,52,29,23,8,4,4,0,0,0,0,0,0,0,0,0,44,25,19
REAGAN COUNTY,383,13 Years,54,31,23,7,5,2,1,0,1,0,0,0,0,0,0,46,26,20
REAGAN COUNTY,383,14 Years,75,33,42,9,5,4,0,0,0,0,0,0,1,0,1,65,28,37
REAGAN COUNTY,383,15 Years,60,34,26,9,5,4,0,0,0,0,0,0,1,1,0,50,28,22
REAGAN COUNTY,383,16 Years,57,33,24,8,5,3,2,1,1,0,0,0,0,0,0,47,27,20
REAGAN COUNTY,383,17 Years,53,26,27,9,4,5,0,0,0,0,0,0,1,1,0,43,21,22
REAGAN COUNTY,383,18 Years,52,29,23,9,5,4,0,0,0,0,0,0,0,0,0,43,24,19
REAGAN COUNTY,383,19 Years,48,25,23,9,7,2,1,0,1,0,0,0,0,0,0,38,18,20
REAGAN COUNTY,383,20 Years,62,33,29,9,6,3,1,0,1,0,0,0,0,0,0,52,27,25
REAGAN COUNTY,383,21 Years,57,28,29,9,7,2,2,1,1,0,0,0,1,0,1,45,20,25
REAGAN COUNTY,383,22 Years,52,31,21,9,5,4,0,0,0,0,0,0,1,0,1,42,26,16
REAGAN COUNTY,383,23 Years,44,25,19,8,3,5,1,1,0,0,0,0,0,0,0,35,21,14
REAGAN COUNTY,383,24 Years,46,31,15,10,6,4,2,2,0,0,0,0,0,0,0,34,23,11
REAGAN COUNTY,383,25 Years,57,30,27,18,7,11,0,0,0,1,1,0,0,0,0,38,22,16
REAGAN COUNTY,383,26 Years,37,23,14,8,4,4,2,2,0,0,0,0,0,0,0,27,17,10
REAGAN COUNTY,383,27 Years,43,27,16,7,3,4,2,1,1,0,0,0,0,0,0,34,23,11
REAGAN COUNTY,383,28 Years,40,22,18,11,5,6,0,0,0,0,0,0,0,0,0,29,17,12
REAGAN COUNTY,383,29 Years,45,29,16,14,7,7,0,0,0,0,0,0,0,0,0,31,22,9
REAGAN COUNTY,383,30 Years,38,26,12,12,7,5,0,0,0,0,0,0,0,0,0,26,19,7
REAGAN COUNTY,383,31 Years,45,26,19,13,8,5,0,0,0,0,0,0,0,0,0,32,18,14
REAGAN COUNTY,383,32 Years,47,29,18,20,13,7,1,1,0,0,0,0,0,0,0,26,15,11
REAGAN COUNTY,383,33 Years,51,29,22,14,9,5,1,1,0,0,0,0,0,0,0,36,19,17
REAGAN COUNTY,383,34 Years,48,28,20,14,8,6,1,1,0,0,0,0,0,0,0,33,19,14
REAGAN COUNTY,383,35 Years,49,29,20,12,7,5,2,2,0,0,0,0,0,0,0,35,20,15
REAGAN COUNTY,383,36 Years,44,27,17,11,6,5,3,2,1,0,0,0,0,0,0,30,19,11
REAGAN COUNTY,383,37 Years,39,20,19,12,7,5,1,0,1,0,0,0,0,0,0,26,13,13
REAGAN COUNTY,383,38 Years,40,22,18,9,4,5,0,0,0,0,0,0,2,2,0,29,16,13
REAGAN COUNTY,383,39 Years,46,29,17,10,5,5,1,1,0,0,0,0,1,1,0,34,22,12
REAGAN COUNTY,383,40 Years,49,30,19,13,6,7,1,1,0,0,0,0,0,0,0,35,23,12
REAGAN COUNTY,383,41 Years,45,28,17,8,4,4,0,0,0,0,0,0,0,0,0,37,24,13
REAGAN COUNTY,383,42 Years,46,28,18,11,5,6,0,0,0,0,0,0,0,0,0,35,23,12
REAGAN COUNTY,383,43 Years,35,15,20,8,2,6,0,0,0,0,0,0,0,0,0,27,13,14
REAGAN COUNTY,383,44 Years,42,21,21,7,3,4,0,0,0,0,0,0,0,0,0,35,18,17
REAGAN COUNTY,383,45 Years,47,22,25,9,4,5,1,1,0,0,0,0,0,0,0,37,17,20
REAGAN COUNTY,383,46 Years,47,27,20,11,8,3,0,0,0,0,0,0,0,0,0,36,19,17
REAGAN COUNTY,383,47 Years,48,23,25,16,8,8,2,2,0,0,0,0,2,1,1,28,12,16
REAGAN COUNTY,383,48 Years,52,24,28,19,8,11,0,0,0,0,0,0,1,0,1,32,16,16
REAGAN COUNTY,383,49 Years,45,24,21,19,7,12,0,0,0,0,0,0,0,0,0,26,17,9
REAGAN COUNTY,383,50 Years,42,20,22,17,9,8,0,0,0,0,0,0,1,1,0,24,10,14
REAGAN COUNTY,383,51 Years,43,19,24,15,7,8,1,0,1,0,0,0,0,0,0,27,12,15
REAGAN COUNTY,383,52 Years,38,25,13,15,10,5,0,0,0,0,0,0,0,0,0,23,15,8
REAGAN COUNTY,383,53 Years,43,29,14,19,10,9,0,0,0,0,0,0,0,0,0,24,19,5
REAGAN COUNTY,383,54 Years,44,24,20,21,8,13,1,1,0,0,0,0,0,0,0,22,15,7
REAGAN COUNTY,383,55 Years,50,26,24,25,11,14,2,1,1,0,0,0,0,0,0,23,14,9
REAGAN COUNTY,383,56 Years,51,23,28,27,12,15,0,0,0,0,0,0,0,0,0,24,11,13
REAGAN COUNTY,383,57 Years,46,21,25,22,10,12,1,1,0,0,0,0,0,0,0,23,10,13
REAGAN COUNTY,383,58 Years,41,19,22,22,9,13,1,1,0,0,0,0,0,0,0,18,9,9
REAGAN COUNTY,383,59 Years,48,25,23,24,11,13,2,2,0,0,0,0,0,0,0,22,12,10
REAGAN COUNTY,383,60 Years,50,21,29,25,9,16,2,1,1,0,0,0,1,0,1,22,11,11
REAGAN COUNTY,383,61 Years,47,24,23,19,9,10,1,0,1,0,0,0,0,0,0,27,15,12
REAGAN COUNTY,383,62 Years,48,24,24,24,10,14,1,1,0,0,0,0,1,1,0,22,12,10
REAGAN COUNTY,383,63 Years,39,23,16,24,13,11,1,1,0,0,0,0,0,0,0,14,9,5
REAGAN COUNTY,383,64 Years,35,22,13,18,12,6,0,0,0,0,0,0,0,0,0,17,10,7
REAGAN COUNTY,383,65 Years,29,14,15,16,8,8,1,1,0,0,0,0,0,0,0,12,5,7
REAGAN COUNTY,383,66 Years,38,19,19,21,11,10,0,0,0,0,0,0,1,0,1,16,8,8
REAGAN COUNTY,383,67 Years,30,16,14,15,8,7,0,0,0,0,0,0,0,0,0,15,8,7
REAGAN COUNTY,383,68 Years,22,13,9,9,6,3,1,1,0,0,0,0,0,0,0,12,6,6
REAGAN COUNTY,383,69 Years,25,12,13,10,4,6,0,0,0,0,0,0,0,0,0,15,8,7
REAGAN COUNTY,383,70 Years,32,13,19,13,5,8,1,1,0,0,0,0,1,0,1,17,7,10
REAGAN COUNTY,383,71 Years,25,11,14,13,5,8,1,1,0,0,0,0,0,0,0,11,5,6
REAGAN COUNTY,383,72 Years,20,12,8,9,5,4,1,0,1,0,0,0,0,0,0,10,7,3
REAGAN COUNTY,383,73 Years,16,8,8,8,4,4,0,0,0,0,0,0,0,0,0,8,4,4
REAGAN COUNTY,383,74 Years,17,7,10,12,5,7,0,0,0,0,0,0,0,0,0,5,2,3
REAGAN COUNTY,383,75 Years,15,7,8,10,4,6,0,0,0,0,0,0,0,0,0,5,3,2
REAGAN COUNTY,383,76 Years,20,7,13,8,4,4,0,0,0,0,0,0,0,0,0,12,3,9
REAGAN COUNTY,383,77 Years,18,8,10,11,5,6,0,0,0,0,0,0,0,0,0,7,3,4
REAGAN COUNTY,383,78 Years,14,7,7,9,5,4,1,0,1,0,0,0,0,0,0,4,2,2
REAGAN COUNTY,383,79 Years,20,13,7,8,4,4,1,0,1,0,0,0,2,2,0,9,7,2
REAGAN COUNTY,383,80 Years,18,9,9,11,4,7,1,1,0,0,0,0,0,0,0,6,4,2
REAGAN COUNTY,383,81 Years,17,8,9,11,4,7,2,1,1,0,0,0,0,0,0,4,3,1
REAGAN COUNTY,383,82 Years,13,6,7,9,4,5,1,0,1,0,0,0,0,0,0,3,2,1
REAGAN COUNTY,383,83 Years,15,6,9,10,4,6,1,0,1,0,0,0,0,0,0,4,2,2
REAGAN COUNTY,383,84 Years,11,5,6,8,3,5,0,0,0,0,0,0,0,0,0,3,2,1
REAGAN COUNTY,383,85 Years,11,5,6,8,3,5,0,0,0,0,0,0,0,0,0,3,2,1
REAGAN COUNTY,383,86 Years,11,4,7,7,3,4,1,0,1,0,0,0,0,0,0,3,1,2
REAGAN COUNTY,383,87 Years,11,4,7,7,3,4,0,0,0,0,0,0,0,0,0,4,1,3
REAGAN COUNTY,383,88 Years,6,2,4,4,1,3,0,0,0,0,0,0,0,0,0,2,1,1
REAGAN COUNTY,383,89 Years,6,2,4,4,1,3,0,0,0,0,0,0,0,0,0,2,1,1
REAGAN COUNTY,383,90 Years,8,2,6,5,1,4,1,0,1,0,0,0,0,0,0,2,1,1
REAGAN COUNTY,383,91 Years,5,2,3,3,1,2,0,0,0,0,0,0,0,0,0,2,1,1
REAGAN COUNTY,383,92 Years,5,2,3,2,0,2,1,1,0,0,0,0,0,0,0,2,1,1
REAGAN COUNTY,383,93 Years,4,3,1,3,2,1,0,0,0,0,0,0,0,0,0,1,1,0
REAGAN COUNTY,383,94 Years,4,1,3,3,1,2,0,0,0,0,0,0,0,0,0,1,0,1
REAGAN COUNTY,383,95 Years +,7,2,5,6,2,4,0,0,0,0,0,0,0,0,0,1,0,1
REAL COUNTY,385,All Ages,3508,1726,1782,2464,1207,1257,20,10,10,1,0,1,81,35,46,942,474,468
REAL COUNTY,385,< 1 Year,41,22,19,23,14,9,0,0,0,0,0,0,2,1,1,16,7,9
REAL COUNTY,385,1 Years,43,21,22,26,13,13,0,0,0,0,0,0,0,0,0,17,8,9
REAL COUNTY,385,2 Years,45,24,21,27,15,12,0,0,0,0,0,0,1,1,0,17,8,9
REAL COUNTY,385,3 Years,43,22,21,28,15,13,0,0,0,0,0,0,0,0,0,15,7,8
REAL COUNTY,385,4 Years,39,20,19,24,13,11,0,0,0,0,0,0,0,0,0,15,7,8
REAL COUNTY,385,5 Years,40,20,20,26,14,12,0,0,0,0,0,0,0,0,0,14,6,8
REAL COUNTY,385,6 Years,41,21,20,28,16,12,0,0,0,0,0,0,0,0,0,13,5,8
REAL COUNTY,385,7 Years,37,22,15,24,17,7,0,0,0,0,0,0,0,0,0,13,5,8
REAL COUNTY,385,8 Years,35,19,16,15,9,6,0,0,0,0,0,0,0,0,0,20,10,10
REAL COUNTY,385,9 Years,32,17,15,18,9,9,0,0,0,0,0,0,1,0,1,13,8,5
REAL COUNTY,385,10 Years,32,11,21,17,6,11,0,0,0,0,0,0,2,0,2,13,5,8
REAL COUNTY,385,11 Years,35,16,19,20,9,11,0,0,0,0,0,0,1,0,1,14,7,7
REAL COUNTY,385,12 Years,27,13,14,14,6,8,0,0,0,0,0,0,2,1,1,11,6,5
REAL COUNTY,385,13 Years,34,18,16,17,10,7,0,0,0,0,0,0,1,0,1,16,8,8
REAL COUNTY,385,14 Years,34,22,12,20,16,4,0,0,0,0,0,0,0,0,0,14,6,8
REAL COUNTY,385,15 Years,28,13,15,18,9,9,0,0,0,0,0,0,0,0,0,10,4,6
REAL COUNTY,385,16 Years,33,17,16,22,10,12,1,0,1,0,0,0,0,0,0,10,7,3
REAL COUNTY,385,17 Years,29,14,15,20,9,11,0,0,0,0,0,0,0,0,0,9,5,4
REAL COUNTY,385,18 Years,32,17,15,17,7,10,0,0,0,0,0,0,0,0,0,15,10,5
REAL COUNTY,385,19 Years,34,17,17,19,10,9,1,0,1,0,0,0,2,1,1,12,6,6
REAL COUNTY,385,20 Years,48,24,24,23,13,10,0,0,0,0,0,0,1,1,0,24,10,14
REAL COUNTY,385,21 Years,38,16,22,18,9,9,0,0,0,0,0,0,1,0,1,19,7,12
REAL COUNTY,385,22 Years,41,22,19,22,12,10,2,1,1,0,0,0,3,2,1,14,7,7
REAL COUNTY,385,23 Years,59,30,29,35,22,13,6,2,4,0,0,0,1,0,1,17,6,11
REAL COUNTY,385,24 Years,57,28,29,31,14,17,3,1,2,0,0,0,1,1,0,22,12,10
REAL COUNTY,385,25 Years,44,20,24,23,9,14,1,1,0,0,0,0,7,4,3,13,6,7
REAL COUNTY,385,26 Years,39,23,16,24,14,10,0,0,0,0,0,0,3,1,2,12,8,4
REAL COUNTY,385,27 Years,31,17,14,23,13,10,0,0,0,0,0,0,0,0,0,8,4,4
REAL COUNTY,385,28 Years,21,10,11,14,6,8,0,0,0,0,0,0,0,0,0,7,4,3
REAL COUNTY,385,29 Years,24,11,13,15,7,8,0,0,0,0,0,0,1,0,1,8,4,4
REAL COUNTY,385,30 Years,23,10,13,12,5,7,0,0,0,0,0,0,0,0,0,11,5,6
REAL COUNTY,385,31 Years,19,10,9,13,8,5,0,0,0,0,0,0,0,0,0,6,2,4
REAL COUNTY,385,32 Years,24,14,10,13,11,2,0,0,0,0,0,0,0,0,0,11,3,8
REAL COUNTY,385,33 Years,28,9,19,15,6,9,0,0,0,0,0,0,0,0,0,13,3,10
REAL COUNTY,385,34 Years,28,13,15,15,6,9,0,0,0,0,0,0,0,0,0,13,7,6
REAL COUNTY,385,35 Years,28,14,14,16,8,8,0,0,0,0,0,0,1,0,1,11,6,5
REAL COUNTY,385,36 Years,21,12,9,12,6,6,0,0,0,0,0,0,0,0,0,9,6,3
REAL COUNTY,385,37 Years,22,11,11,16,6,10,0,0,0,0,0,0,0,0,0,6,5,1
REAL COUNTY,385,38 Years,21,15,6,15,10,5,0,0,0,0,0,0,0,0,0,6,5,1
REAL COUNTY,385,39 Years,24,13,11,18,9,9,0,0,0,0,0,0,0,0,0,6,4,2
REAL COUNTY,385,40 Years,25,12,13,15,6,9,0,0,0,0,0,0,1,0,1,9,6,3
REAL COUNTY,385,41 Years,28,13,15,19,9,10,0,0,0,0,0,0,0,0,0,9,4,5
REAL COUNTY,385,42 Years,34,17,17,22,11,11,0,0,0,0,0,0,1,0,1,11,6,5
REAL COUNTY,385,43 Years,26,14,12,18,10,8,0,0,0,0,0,0,1,0,1,7,4,3
REAL COUNTY,385,44 Years,31,9,22,22,7,15,0,0,0,0,0,0,0,0,0,9,2,7
REAL COUNTY,385,45 Years,26,13,13,20,10,10,0,0,0,0,0,0,1,1,0,5,2,3
REAL COUNTY,385,46 Years,30,19,11,21,12,9,0,0,0,0,0,0,0,0,0,9,7,2
REAL COUNTY,385,47 Years,38,17,21,25,10,15,0,0,0,0,0,0,3,1,2,10,6,4
REAL COUNTY,385,48 Years,29,18,11,21,13,8,0,0,0,0,0,0,2,1,1,6,4,2
REAL COUNTY,385,49 Years,42,21,21,35,16,19,0,0,0,0,0,0,1,1,0,6,4,2
REAL COUNTY,385,50 Years,40,19,21,28,12,16,0,0,0,0,0,0,1,1,0,11,6,5
REAL COUNTY,385,51 Years,30,12,18,20,7,13,1,1,0,0,0,0,0,0,0,9,4,5
REAL COUNTY,385,52 Years,35,14,21,26,11,15,0,0,0,0,0,0,2,0,2,7,3,4
REAL COUNTY,385,53 Years,44,21,23,28,14,14,0,0,0,0,0,0,2,0,2,14,7,7
REAL COUNTY,385,54 Years,60,25,35,44,15,29,0,0,0,0,0,0,3,2,1,13,8,5
REAL COUNTY,385,55 Years,52,30,22,37,20,17,0,0,0,0,0,0,3,1,2,12,9,3
REAL COUNTY,385,56 Years,43,19,24,35,15,20,0,0,0,0,0,0,0,0,0,8,4,4
REAL COUNTY,385,57 Years,53,25,28,42,20,22,0,0,0,0,0,0,1,1,0,10,4,6
REAL COUNTY,385,58 Years,47,21,26,34,14,20,1,0,1,0,0,0,1,1,0,11,6,5
REAL COUNTY,385,59 Years,49,25,24,37,19,18,0,0,0,1,0,1,2,1,1,9,5,4
REAL COUNTY,385,60 Years,48,33,15,41,27,14,0,0,0,0,0,0,0,0,0,7,6,1
REAL COUNTY,385,61 Years,56,30,26,48,25,23,0,0,0,0,0,0,1,1,0,7,4,3
REAL COUNTY,385,62 Years,66,36,30,55,30,25,0,0,0,0,0,0,0,0,0,11,6,5
REAL COUNTY,385,63 Years,58,25,33,48,21,27,0,0,0,0,0,0,1,0,1,9,4,5
REAL COUNTY,385,64 Years,52,22,30,46,19,27,1,1,0,0,0,0,0,0,0,5,2,3
REAL COUNTY,385,65 Years,45,20,25,39,18,21,0,0,0,0,0,0,0,0,0,6,2,4
REAL COUNTY,385,66 Years,54,22,32,47,20,27,0,0,0,0,0,0,0,0,0,7,2,5
REAL COUNTY,385,67 Years,61,24,37,48,15,33,0,0,0,0,0,0,0,0,0,13,9,4
REAL COUNTY,385,68 Years,69,33,36,52,23,29,0,0,0,0,0,0,2,2,0,15,8,7
REAL COUNTY,385,69 Years,67,30,37,49,22,27,0,0,0,0,0,0,1,0,1,17,8,9
REAL COUNTY,385,70 Years,70,36,34,59,30,29,0,0,0,0,0,0,1,0,1,10,6,4
REAL COUNTY,385,71 Years,57,25,32,49,20,29,1,1,0,0,0,0,1,1,0,6,3,3
REAL COUNTY,385,72 Years,67,37,30,48,26,22,0,0,0,0,0,0,2,2,0,17,9,8
REAL COUNTY,385,73 Years,63,31,32,48,24,24,0,0,0,0,0,0,0,0,0,15,7,8
REAL COUNTY,385,74 Years,54,24,30,46,21,25,0,0,0,0,0,0,2,0,2,6,3,3
REAL COUNTY,385,75 Years,44,22,22,36,20,16,0,0,0,0,0,0,1,0,1,7,2,5
REAL COUNTY,385,76 Years,45,22,23,39,20,19,0,0,0,0,0,0,0,0,0,6,2,4
REAL COUNTY,385,77 Years,43,19,24,35,17,18,0,0,0,0,0,0,1,0,1,7,2,5
REAL COUNTY,385,78 Years,41,19,22,32,14,18,0,0,0,0,0,0,2,1,1,7,4,3
REAL COUNTY,385,79 Years,43,23,20,32,15,17,0,0,0,0,0,0,3,2,1,8,6,2
REAL COUNTY,385,80 Years,41,22,19,31,17,14,0,0,0,0,0,0,2,1,1,8,4,4
REAL COUNTY,385,81 Years,44,25,19,35,20,15,0,0,0,0,0,0,2,1,1,7,4,3
REAL COUNTY,385,82 Years,35,22,13,29,17,12,0,0,0,0,0,0,0,0,0,6,5,1
REAL COUNTY,385,83 Years,25,10,15,19,9,10,0,0,0,0,0,0,1,0,1,5,1,4
REAL COUNTY,385,84 Years,20,8,12,16,7,9,0,0,0,0,0,0,1,0,1,3,1,2
REAL COUNTY,385,85 Years,19,10,9,16,8,8,0,0,0,0,0,0,0,0,0,3,2,1
REAL COUNTY,385,86 Years,16,6,10,12,5,7,0,0,0,0,0,0,0,0,0,4,1,3
REAL COUNTY,385,87 Years,16,7,9,11,4,7,0,0,0,0,0,0,0,0,0,5,3,2
REAL COUNTY,385,88 Years,16,8,8,11,5,6,0,0,0,0,0,0,0,0,0,5,3,2
REAL COUNTY,385,89 Years,10,5,5,8,4,4,0,0,0,0,0,0,0,0,0,2,1,1
REAL COUNTY,385,90 Years,8,3,5,7,3,4,0,0,0,0,0,0,1,0,1,0,0,0
REAL COUNTY,385,91 Years,7,4,3,5,2,3,1,1,0,0,0,0,0,0,0,1,1,0
REAL COUNTY,385,92 Years,7,4,3,4,2,2,1,1,0,0,0,0,0,0,0,2,1,1
REAL COUNTY,385,93 Years,5,2,3,4,2,2,0,0,0,0,0,0,0,0,0,1,0,1
REAL COUNTY,385,94 Years,6,1,5,5,1,4,0,0,0,0,0,0,0,0,0,1,0,1
REAL COUNTY,385,95 Years +,14,4,10,9,2,7,0,0,0,0,0,0,0,0,0,5,2,3
RED RIVER COUNTY,387,All Ages,11787,5743,6044,8456,4108,4348,2069,977,1092,27,16,11,376,189,187,859,453,406
RED RIVER COUNTY,387,< 1 Year,131,64,67,80,39,41,21,10,11,0,0,0,22,11,11,8,4,4
RED RIVER COUNTY,387,1 Years,130,67,63,85,45,40,21,10,11,0,0,0,15,8,7,9,4,5
RED RIVER COUNTY,387,2 Years,133,64,69,88,41,47,21,11,10,1,0,1,14,8,6,9,4,5
RED RIVER COUNTY,387,3 Years,147,73,74,99,47,52,23,13,10,1,1,0,16,8,8,8,4,4
RED RIVER COUNTY,387,4 Years,154,75,79,99,44,55,29,17,12,1,1,0,17,9,8,8,4,4
RED RIVER COUNTY,387,5 Years,151,72,79,95,45,50,29,14,15,1,1,0,17,8,9,9,4,5
RED RIVER COUNTY,387,6 Years,142,71,71,89,45,44,28,14,14,0,0,0,15,8,7,10,4,6
RED RIVER COUNTY,387,7 Years,139,65,74,95,41,54,23,11,12,0,0,0,11,4,7,10,9,1
RED RIVER COUNTY,387,8 Years,126,63,63,77,38,39,24,11,13,1,1,0,9,5,4,15,8,7
RED RIVER COUNTY,387,9 Years,137,65,72,83,40,43,26,14,12,0,0,0,9,4,5,19,7,12
RED RIVER COUNTY,387,10 Years,131,66,65,78,40,38,24,12,12,0,0,0,8,4,4,21,10,11
RED RIVER COUNTY,387,11 Years,134,73,61,83,43,40,24,13,11,0,0,0,5,3,2,22,14,8
RED RIVER COUNTY,387,12 Years,116,61,55,72,39,33,18,8,10,0,0,0,6,4,2,20,10,10
RED RIVER COUNTY,387,13 Years,118,65,53,76,43,33,23,14,9,0,0,0,3,2,1,16,6,10
RED RIVER COUNTY,387,14 Years,128,70,58,76,42,34,28,16,12,0,0,0,3,1,2,21,11,10
RED RIVER COUNTY,387,15 Years,121,67,54,73,39,34,25,16,9,0,0,0,3,2,1,20,10,10
RED RIVER COUNTY,387,16 Years,127,70,57,75,41,34,27,16,11,0,0,0,5,3,2,20,10,10
RED RIVER COUNTY,387,17 Years,125,70,55,78,44,34,27,14,13,1,1,0,6,3,3,13,8,5
RED RIVER COUNTY,387,18 Years,122,69,53,76,40,36,27,18,9,1,0,1,5,2,3,13,9,4
RED RIVER COUNTY,387,19 Years,110,58,52,65,34,31,20,9,11,0,0,0,7,4,3,18,11,7
RED RIVER COUNTY,387,20 Years,105,51,54,63,31,32,21,10,11,0,0,0,5,2,3,16,8,8
RED RIVER COUNTY,387,21 Years,118,63,55,68,36,32,35,20,15,1,0,1,1,0,1,13,7,6
RED RIVER COUNTY,387,22 Years,122,71,51,73,43,30,31,18,13,0,0,0,3,1,2,15,9,6
RED RIVER COUNTY,387,23 Years,129,74,55,74,41,33,29,17,12,0,0,0,6,3,3,20,13,7
RED RIVER COUNTY,387,24 Years,132,74,58,77,44,33,29,15,14,0,0,0,6,4,2,20,11,9
RED RIVER COUNTY,387,25 Years,147,70,77,87,44,43,38,16,22,0,0,0,4,2,2,18,8,10
RED RIVER COUNTY,387,26 Years,135,61,74,89,41,48,24,12,12,0,0,0,6,4,2,16,4,12
RED RIVER COUNTY,387,27 Years,131,62,69,90,45,45,27,11,16,0,0,0,3,1,2,11,5,6
RED RIVER COUNTY,387,28 Years,130,64,66,84,42,42,34,16,18,0,0,0,3,2,1,9,4,5
RED RIVER COUNTY,387,29 Years,130,58,72,84,37,47,30,15,15,0,0,0,3,0,3,13,6,7
RED RIVER COUNTY,387,30 Years,122,60,62,79,40,39,28,13,15,0,0,0,3,1,2,12,6,6
RED RIVER COUNTY,387,31 Years,121,65,56,82,45,37,25,12,13,0,0,0,2,1,1,12,7,5
RED RIVER COUNTY,387,32 Years,122,53,69,85,34,51,21,8,13,0,0,0,3,2,1,13,9,4
RED RIVER COUNTY,387,33 Years,117,61,56,81,41,40,17,9,8,1,1,0,3,3,0,15,7,8
RED RIVER COUNTY,387,34 Years,126,66,60,90,48,42,16,7,9,1,1,0,2,2,0,17,8,9
RED RIVER COUNTY,387,35 Years,127,51,76,92,36,56,17,6,11,1,0,1,1,1,0,16,8,8
RED RIVER COUNTY,387,36 Years,133,67,66,96,51,45,26,9,17,0,0,0,1,1,0,10,6,4
RED RIVER COUNTY,387,37 Years,129,61,68,98,47,51,20,8,12,0,0,0,2,1,1,9,5,4
RED RIVER COUNTY,387,38 Years,107,54,53,78,36,42,17,11,6,1,1,0,3,1,2,8,5,3
RED RIVER COUNTY,387,39 Years,126,58,68,94,44,50,19,7,12,0,0,0,2,1,1,11,6,5
RED RIVER COUNTY,387,40 Years,122,63,59,96,49,47,13,6,7,0,0,0,0,0,0,13,8,5
RED RIVER COUNTY,387,41 Years,112,69,43,84,53,31,15,7,8,1,1,0,2,2,0,10,6,4
RED RIVER COUNTY,387,42 Years,118,64,54,89,49,40,21,10,11,0,0,0,1,1,0,7,4,3
RED RIVER COUNTY,387,43 Years,110,55,55,84,43,41,13,7,6,0,0,0,0,0,0,13,5,8
RED RIVER COUNTY,387,44 Years,122,64,58,90,47,43,22,14,8,0,0,0,1,0,1,9,3,6
RED RIVER COUNTY,387,45 Years,147,73,74,110,53,57,24,12,12,0,0,0,2,1,1,11,7,4
RED RIVER COUNTY,387,46 Years,164,80,84,124,62,62,30,14,16,1,0,1,3,1,2,6,3,3
RED RIVER COUNTY,387,47 Years,140,64,76,93,43,50,28,11,17,0,0,0,3,3,0,16,7,9
RED RIVER COUNTY,387,48 Years,129,70,59,91,54,37,19,5,14,0,0,0,5,3,2,14,8,6
RED RIVER COUNTY,387,49 Years,146,69,77,99,50,49,26,8,18,0,0,0,5,2,3,16,9,7
RED RIVER COUNTY,387,50 Years,147,63,84,103,46,57,29,10,19,0,0,0,4,1,3,11,6,5
RED RIVER COUNTY,387,51 Years,147,70,77,99,47,52,37,16,21,0,0,0,3,1,2,8,6,2
RED RIVER COUNTY,387,52 Years,144,70,74,107,53,54,25,11,14,0,0,0,4,2,2,8,4,4
RED RIVER COUNTY,387,53 Years,153,77,76,116,55,61,25,12,13,0,0,0,3,3,0,9,7,2
RED RIVER COUNTY,387,54 Years,180,85,95,130,64,66,37,13,24,0,0,0,3,1,2,10,7,3
RED RIVER COUNTY,387,55 Years,170,78,92,120,54,66,33,16,17,0,0,0,6,2,4,11,6,5
RED RIVER COUNTY,387,56 Years,166,79,87,122,57,65,30,13,17,2,2,0,3,1,2,9,6,3
RED RIVER COUNTY,387,57 Years,176,87,89,129,66,63,33,14,19,3,1,2,1,0,1,10,6,4
RED RIVER COUNTY,387,58 Years,185,82,103,132,60,72,39,16,23,2,1,1,3,2,1,9,3,6
RED RIVER COUNTY,387,59 Years,180,77,103,131,57,74,38,15,23,1,0,1,3,1,2,7,4,3
RED RIVER COUNTY,387,60 Years,164,71,93,126,55,71,33,14,19,0,0,0,3,1,2,2,1,1
RED RIVER COUNTY,387,61 Years,167,78,89,131,61,70,28,13,15,0,0,0,4,2,2,4,2,2
RED RIVER COUNTY,387,62 Years,174,91,83,139,70,69,26,15,11,0,0,0,3,2,1,6,4,2
RED RIVER COUNTY,387,63 Years,184,97,87,148,82,66,25,12,13,0,0,0,3,0,3,8,3,5
RED RIVER COUNTY,387,64 Years,174,82,92,136,65,71,28,12,16,0,0,0,2,0,2,8,5,3
RED RIVER COUNTY,387,65 Years,158,73,85,124,58,66,26,9,17,1,1,0,1,1,0,6,4,2
RED RIVER COUNTY,387,66 Years,174,89,85,134,71,63,31,14,17,0,0,0,5,3,2,4,1,3
RED RIVER COUNTY,387,67 Years,156,81,75,128,65,63,22,13,9,0,0,0,3,1,2,3,2,1
RED RIVER COUNTY,387,68 Years,151,80,71,121,63,58,24,14,10,1,0,1,1,1,0,4,2,2
RED RIVER COUNTY,387,69 Years,158,69,89,130,57,73,23,10,13,1,0,1,1,1,0,3,1,2
RED RIVER COUNTY,387,70 Years,177,79,98,147,65,82,24,11,13,0,0,0,4,1,3,2,2,0
RED RIVER COUNTY,387,71 Years,157,65,92,130,52,78,20,10,10,0,0,0,3,1,2,4,2,2
RED RIVER COUNTY,387,72 Years,146,67,79,120,53,67,19,9,10,0,0,0,1,1,0,6,4,2
RED RIVER COUNTY,387,73 Years,160,78,82,137,68,69,18,8,10,1,1,0,2,0,2,2,1,1
RED RIVER COUNTY,387,74 Years,139,70,69,114,59,55,19,8,11,0,0,0,4,2,2,2,1,1
RED RIVER COUNTY,387,75 Years,116,54,62,99,47,52,13,5,8,0,0,0,3,2,1,1,0,1
RED RIVER COUNTY,387,76 Years,128,58,70,109,49,60,15,7,8,0,0,0,2,1,1,2,1,1
RED RIVER COUNTY,387,77 Years,104,47,57,85,39,46,15,7,8,0,0,0,1,0,1,3,1,2
RED RIVER COUNTY,387,78 Years,107,47,60,88,40,48,14,6,8,0,0,0,3,0,3,2,1,1
RED RIVER COUNTY,387,79 Years,99,49,50,83,40,43,13,7,6,0,0,0,1,1,0,2,1,1
RED RIVER COUNTY,387,80 Years,86,37,49,74,30,44,10,6,4,0,0,0,1,1,0,1,0,1
RED RIVER COUNTY,387,81 Years,79,32,47,67,27,40,11,5,6,0,0,0,1,0,1,0,0,0
RED RIVER COUNTY,387,82 Years,69,31,38,56,25,31,10,4,6,0,0,0,1,0,1,2,2,0
RED RIVER COUNTY,387,83 Years,67,31,36,54,24,30,11,5,6,0,0,0,1,1,0,1,1,0
RED RIVER COUNTY,387,84 Years,60,26,34,52,21,31,5,2,3,0,0,0,1,1,0,2,2,0
RED RIVER COUNTY,387,85 Years,48,18,30,41,16,25,6,1,5,0,0,0,1,1,0,0,0,0
RED RIVER COUNTY,387,86 Years,45,19,26,37,16,21,7,3,4,0,0,0,1,0,1,0,0,0
RED RIVER COUNTY,387,87 Years,43,14,29,35,11,24,6,3,3,0,0,0,1,0,1,1,0,1
RED RIVER COUNTY,387,88 Years,36,12,24,28,9,19,6,2,4,0,0,0,1,1,0,1,0,1
RED RIVER COUNTY,387,89 Years,37,14,23,30,12,18,5,2,3,0,0,0,0,0,0,2,0,2
RED RIVER COUNTY,387,90 Years,24,8,16,19,8,11,3,0,3,0,0,0,1,0,1,1,0,1
RED RIVER COUNTY,387,91 Years,24,12,12,17,9,8,6,2,4,0,0,0,1,1,0,0,0,0
RED RIVER COUNTY,387,92 Years,20,8,12,17,7,10,2,0,2,0,0,0,1,1,0,0,0,0
RED RIVER COUNTY,387,93 Years,18,6,12,13,5,8,4,1,3,0,0,0,0,0,0,1,0,1
RED RIVER COUNTY,387,94 Years,13,4,9,10,3,7,2,1,1,0,0,0,0,0,0,1,0,1
RED RIVER COUNTY,387,95 Years +,36,15,21,22,8,14,10,5,5,1,1,0,1,0,1,2,1,1
REEVES COUNTY,389,All Ages,15308,9117,6191,2742,1805,937,717,609,108,126,85,41,85,44,41,11638,6574,5064
REEVES COUNTY,389,< 1 Year,207,96,111,17,6,11,0,0,0,1,0,1,2,1,1,187,89,98
REEVES COUNTY,389,1 Years,204,97,107,17,7,10,5,2,3,1,0,1,3,1,2,178,87,91
REEVES COUNTY,389,2 Years,210,101,109,18,7,11,5,2,3,1,0,1,2,1,1,184,91,93
REEVES COUNTY,389,3 Years,206,101,105,18,7,11,5,4,1,1,0,1,2,1,1,180,89,91
REEVES COUNTY,389,4 Years,191,93,98,14,6,8,3,2,1,1,0,1,2,1,1,171,84,87
REEVES COUNTY,389,5 Years,178,88,90,15,6,9,3,2,1,1,1,0,2,1,1,157,78,79
REEVES COUNTY,389,6 Years,167,89,78,14,7,7,0,0,0,1,1,0,3,2,1,149,79,70
REEVES COUNTY,389,7 Years,168,88,80,13,8,5,1,1,0,1,1,0,2,1,1,151,77,74
REEVES COUNTY,389,8 Years,184,99,85,14,8,6,2,1,1,0,0,0,2,1,1,166,89,77
REEVES COUNTY,389,9 Years,210,105,105,19,7,12,3,1,2,1,1,0,2,1,1,185,95,90
REEVES COUNTY,389,10 Years,200,97,103,20,8,12,3,2,1,3,2,1,2,1,1,172,84,88
REEVES COUNTY,389,11 Years,168,88,80,18,9,9,1,1,0,2,2,0,2,1,1,145,75,70
REEVES COUNTY,389,12 Years,147,80,67,16,6,10,0,0,0,0,0,0,1,1,0,130,73,57
REEVES COUNTY,389,13 Years,176,99,77,17,6,11,1,1,0,2,2,0,0,0,0,156,90,66
REEVES COUNTY,389,14 Years,179,103,76,17,7,10,3,1,2,2,2,0,1,1,0,156,92,64
REEVES COUNTY,389,15 Years,183,105,78,19,9,10,2,1,1,6,6,0,1,1,0,155,88,67
REEVES COUNTY,389,16 Years,180,98,82,22,11,11,2,1,1,4,4,0,0,0,0,152,82,70
REEVES COUNTY,389,17 Years,173,89,84,11,5,6,3,1,2,2,1,1,0,0,0,157,82,75
REEVES COUNTY,389,18 Years,180,97,83,20,9,11,3,2,1,2,1,1,1,0,1,154,85,69
REEVES COUNTY,389,19 Years,186,114,72,24,18,6,15,14,1,2,1,1,1,1,0,144,80,64
REEVES COUNTY,389,20 Years,288,205,83,55,50,5,18,15,3,2,2,0,2,2,0,211,136,75
REEVES COUNTY,389,21 Years,228,137,91,29,23,6,11,7,4,1,1,0,1,1,0,186,105,81
REEVES COUNTY,389,22 Years,237,138,99,33,24,9,5,3,2,2,1,1,0,0,0,197,110,87
REEVES COUNTY,389,23 Years,322,218,104,60,49,11,23,23,0,2,1,1,0,0,0,237,145,92
REEVES COUNTY,389,24 Years,378,294,84,82,73,9,28,25,3,2,1,1,3,3,0,263,192,71
REEVES COUNTY,389,25 Years,276,191,85,42,35,7,10,9,1,2,1,1,6,4,2,216,142,74
REEVES COUNTY,389,26 Years,283,198,85,46,40,6,23,21,2,2,1,1,0,0,0,212,136,76
REEVES COUNTY,389,27 Years,257,166,91,32,26,6,20,20,0,3,2,1,1,0,1,201,118,83
REEVES COUNTY,389,28 Years,243,157,86,43,36,7,15,15,0,2,2,0,1,0,1,182,104,78
REEVES COUNTY,389,29 Years,175,107,68,19,13,6,10,10,0,1,1,0,0,0,0,145,83,62
REEVES COUNTY,389,30 Years,180,117,63,19,12,7,15,15,0,1,1,0,1,0,1,144,89,55
REEVES COUNTY,389,31 Years,403,338,65,108,99,9,50,50,0,4,4,0,0,0,0,241,185,56
REEVES COUNTY,389,32 Years,238,164,74,35,25,10,15,13,2,3,2,1,1,0,1,184,124,60
REEVES COUNTY,389,33 Years,328,249,79,73,64,9,29,28,1,4,3,1,0,0,0,222,154,68
REEVES COUNTY,389,34 Years,194,110,84,24,14,10,6,4,2,1,1,0,0,0,0,163,91,72
REEVES COUNTY,389,35 Years,243,167,76,37,29,8,13,12,1,2,2,0,0,0,0,191,124,67
REEVES COUNTY,389,36 Years,251,176,75,46,33,13,16,15,1,2,2,0,0,0,0,187,126,61
REEVES COUNTY,389,37 Years,268,198,70,64,56,8,21,19,2,0,0,0,0,0,0,183,123,60
REEVES COUNTY,389,38 Years,386,306,80,85,75,10,41,37,4,5,5,0,2,2,0,253,187,66
REEVES COUNTY,389,39 Years,224,146,78,32,25,7,15,14,1,5,4,1,1,1,0,171,102,69
REEVES COUNTY,389,40 Years,226,154,72,31,22,9,22,20,2,4,3,1,1,1,0,168,108,60
REEVES COUNTY,389,41 Years,206,136,70,39,32,7,16,16,0,1,1,0,0,0,0,150,87,63
REEVES COUNTY,389,42 Years,169,118,51,36,31,5,13,12,1,0,0,0,1,1,0,119,74,45
REEVES COUNTY,389,43 Years,172,108,64,26,21,5,11,9,2,0,0,0,1,0,1,134,78,56
REEVES COUNTY,389,44 Years,195,134,61,32,27,5,14,13,1,3,2,1,2,1,1,144,91,53
REEVES COUNTY,389,45 Years,193,118,75,22,17,5,9,8,1,3,1,2,0,0,0,159,92,67
REEVES COUNTY,389,46 Years,193,131,62,37,32,5,16,14,2,2,1,1,1,0,1,137,84,53
REEVES COUNTY,389,47 Years,175,108,67,24,19,5,9,8,1,2,1,1,2,2,0,138,78,60
REEVES COUNTY,389,48 Years,209,148,61,49,39,10,12,12,0,2,0,2,0,0,0,146,97,49
REEVES COUNTY,389,49 Years,241,179,62,63,48,15,21,21,0,2,1,1,1,1,0,154,108,46
REEVES COUNTY,389,50 Years,131,75,56,18,9,9,4,3,1,0,0,0,0,0,0,109,63,46
REEVES COUNTY,389,51 Years,147,85,62,29,18,11,8,7,1,1,0,1,2,2,0,107,58,49
REEVES COUNTY,389,52 Years,139,66,73,31,18,13,7,5,2,2,1,1,0,0,0,99,42,57
REEVES COUNTY,389,53 Years,182,95,87,34,24,10,9,8,1,2,0,2,2,2,0,135,61,74
REEVES COUNTY,389,54 Years,163,87,76,28,18,10,4,4,0,2,0,2,0,0,0,129,65,64
REEVES COUNTY,389,55 Years,144,81,63,33,19,14,5,4,1,1,0,1,0,0,0,105,58,47
REEVES COUNTY,389,56 Years,179,110,69,39,27,12,11,9,2,1,1,0,1,1,0,127,72,55
REEVES COUNTY,389,57 Years,145,75,70,29,13,16,5,3,2,0,0,0,1,0,1,110,59,51
REEVES COUNTY,389,58 Years,149,86,63,40,23,17,6,5,1,0,0,0,2,1,1,101,57,44
REEVES COUNTY,389,59 Years,158,93,65,43,27,16,8,6,2,0,0,0,1,0,1,106,60,46
REEVES COUNTY,389,60 Years,151,77,74,40,22,18,8,6,2,0,0,0,2,0,2,101,49,52
REEVES COUNTY,389,61 Years,142,61,81,31,15,16,4,2,2,1,0,1,1,0,1,105,44,61
REEVES COUNTY,389,62 Years,132,49,83,33,14,19,4,1,3,2,1,1,1,0,1,92,33,59
REEVES COUNTY,389,63 Years,144,78,66,44,25,19,4,2,2,2,2,0,1,0,1,93,49,44
REEVES COUNTY,389,64 Years,132,69,63,32,20,12,2,1,1,1,1,0,0,0,0,97,47,50
REEVES COUNTY,389,65 Years,121,62,59,31,17,14,1,1,0,1,1,0,0,0,0,88,43,45
REEVES COUNTY,389,66 Years,114,58,56,25,13,12,1,1,0,0,0,0,1,0,1,87,44,43
REEVES COUNTY,389,67 Years,121,65,56,26,15,11,3,2,1,1,1,0,2,1,1,89,46,43
REEVES COUNTY,389,68 Years,116,59,57,29,18,11,1,0,1,1,1,0,0,0,0,85,40,45
REEVES COUNTY,389,69 Years,109,49,60,25,14,11,2,2,0,1,1,0,0,0,0,81,32,49
REEVES COUNTY,389,70 Years,105,42,63,28,11,17,2,1,1,0,0,0,1,0,1,74,30,44
REEVES COUNTY,389,71 Years,91,37,54,25,11,14,0,0,0,1,1,0,0,0,0,65,25,40
REEVES COUNTY,389,72 Years,77,33,44,20,9,11,1,1,0,1,1,0,0,0,0,55,22,33
REEVES COUNTY,389,73 Years,102,49,53,28,15,13,1,1,0,1,0,1,3,1,2,69,32,37
REEVES COUNTY,389,74 Years,98,52,46,24,14,10,1,1,0,1,0,1,1,0,1,71,37,34
REEVES COUNTY,389,75 Years,74,33,41,25,11,14,1,0,1,1,0,1,0,0,0,47,22,25
REEVES COUNTY,389,76 Years,89,34,55,30,10,20,1,0,1,0,0,0,0,0,0,58,24,34
REEVES COUNTY,389,77 Years,82,33,49,24,9,15,1,0,1,1,0,1,2,0,2,54,24,30
REEVES COUNTY,389,78 Years,64,29,35,25,13,12,0,0,0,1,0,1,0,0,0,38,16,22
REEVES COUNTY,389,79 Years,66,26,40,21,8,13,0,0,0,1,1,0,0,0,0,44,17,27
REEVES COUNTY,389,80 Years,63,28,35,25,11,14,2,1,1,0,0,0,0,0,0,36,16,20
REEVES COUNTY,389,81 Years,63,28,35,23,12,11,2,1,1,0,0,0,0,0,0,38,15,23
REEVES COUNTY,389,82 Years,53,18,35,17,5,12,2,0,2,0,0,0,0,0,0,34,13,21
REEVES COUNTY,389,83 Years,51,19,32,14,5,9,2,0,2,0,0,0,0,0,0,35,14,21
REEVES COUNTY,389,84 Years,52,24,28,14,6,8,2,1,1,0,0,0,0,0,0,36,17,19
REEVES COUNTY,389,85 Years,46,17,29,14,6,8,1,0,1,0,0,0,1,0,1,30,11,19
REEVES COUNTY,389,86 Years,40,19,21,13,6,7,1,1,0,0,0,0,0,0,0,26,12,14
REEVES COUNTY,389,87 Years,38,12,26,11,5,6,1,0,1,0,0,0,0,0,0,26,7,19
REEVES COUNTY,389,88 Years,29,11,18,9,3,6,1,0,1,0,0,0,0,0,0,19,8,11
REEVES COUNTY,389,89 Years,24,9,15,8,4,4,2,0,2,0,0,0,0,0,0,14,5,9
REEVES COUNTY,389,90 Years,21,8,13,9,4,5,3,1,2,0,0,0,0,0,0,9,3,6
REEVES COUNTY,389,91 Years,17,7,10,7,3,4,1,0,1,0,0,0,0,0,0,9,4,5
REEVES COUNTY,389,92 Years,14,7,7,6,3,3,1,1,0,0,0,0,0,0,0,7,3,4
REEVES COUNTY,389,93 Years,10,4,6,3,1,2,0,0,0,0,0,0,1,0,1,6,3,3
REEVES COUNTY,389,94 Years,10,3,7,3,1,2,1,0,1,0,0,0,0,0,0,6,2,4
REEVES COUNTY,389,95 Years +,32,12,20,10,4,6,3,0,3,0,0,0,0,0,0,19,8,11
REFUGIO COUNTY,391,All Ages,7250,3579,3671,2979,1435,1544,423,234,189,30,15,15,94,56,38,3724,1839,1885
REFUGIO COUNTY,391,< 1 Year,95,48,47,30,14,16,1,0,1,1,1,0,2,1,1,61,32,29
REFUGIO COUNTY,391,1 Years,99,50,49,35,17,18,2,1,1,1,0,1,3,1,2,58,31,27
REFUGIO COUNTY,391,2 Years,99,47,52,37,17,20,2,1,1,0,0,0,3,2,1,57,27,30
REFUGIO COUNTY,391,3 Years,93,47,46,34,17,17,2,1,1,0,0,0,3,2,1,54,27,27
REFUGIO COUNTY,391,4 Years,88,39,49,31,13,18,2,1,1,0,0,0,0,0,0,55,25,30
REFUGIO COUNTY,391,5 Years,89,41,48,28,11,17,2,1,1,0,0,0,0,0,0,59,29,30
REFUGIO COUNTY,391,6 Years,94,43,51,32,13,19,2,2,0,0,0,0,0,0,0,60,28,32
REFUGIO COUNTY,391,7 Years,87,43,44,28,11,17,2,1,1,0,0,0,2,1,1,55,30,25
REFUGIO COUNTY,391,8 Years,67,36,31,18,10,8,3,3,0,0,0,0,1,1,0,45,22,23
REFUGIO COUNTY,391,9 Years,91,41,50,22,9,13,6,4,2,0,0,0,1,0,1,62,28,34
REFUGIO COUNTY,391,10 Years,101,52,49,29,15,14,5,3,2,0,0,0,3,3,0,64,31,33
REFUGIO COUNTY,391,11 Years,87,46,41,24,12,12,5,3,2,0,0,0,2,2,0,56,29,27
REFUGIO COUNTY,391,12 Years,86,41,45,29,16,13,6,4,2,1,1,0,2,2,0,48,18,30
REFUGIO COUNTY,391,13 Years,86,46,40,29,18,11,5,4,1,3,2,1,1,1,0,48,21,27
REFUGIO COUNTY,391,14 Years,85,43,42,26,16,10,3,1,2,1,0,1,2,1,1,53,25,28
REFUGIO COUNTY,391,15 Years,86,46,40,29,18,11,4,3,1,0,0,0,2,0,2,51,25,26
REFUGIO COUNTY,391,16 Years,116,59,57,37,20,17,3,3,0,0,0,0,2,1,1,74,35,39
REFUGIO COUNTY,391,17 Years,102,42,60,25,11,14,4,2,2,0,0,0,0,0,0,73,29,44
REFUGIO COUNTY,391,18 Years,96,49,47,26,15,11,4,2,2,0,0,0,1,1,0,65,31,34
REFUGIO COUNTY,391,19 Years,86,48,38,27,15,12,8,6,2,0,0,0,1,0,1,50,27,23
REFUGIO COUNTY,391,20 Years,81,49,32,27,13,14,8,5,3,0,0,0,1,1,0,45,30,15
REFUGIO COUNTY,391,21 Years,82,46,36,23,11,12,7,4,3,1,1,0,2,2,0,49,28,21
REFUGIO COUNTY,391,22 Years,85,43,42,25,12,13,7,4,3,0,0,0,1,1,0,52,26,26
REFUGIO COUNTY,391,23 Years,84,42,42,26,11,15,9,4,5,0,0,0,3,1,2,46,26,20
REFUGIO COUNTY,391,24 Years,102,49,53,30,11,19,8,3,5,0,0,0,2,1,1,62,34,28
REFUGIO COUNTY,391,25 Years,101,49,52,36,13,23,5,3,2,0,0,0,1,1,0,59,32,27
REFUGIO COUNTY,391,26 Years,88,49,39,24,10,14,7,4,3,0,0,0,0,0,0,57,35,22
REFUGIO COUNTY,391,27 Years,101,50,51,30,12,18,8,6,2,1,0,1,2,1,1,60,31,29
REFUGIO COUNTY,391,28 Years,71,34,37,22,11,11,7,4,3,0,0,0,1,1,0,41,18,23
REFUGIO COUNTY,391,29 Years,60,33,27,15,10,5,6,3,3,0,0,0,2,1,1,37,19,18
REFUGIO COUNTY,391,30 Years,76,46,30,36,21,15,7,3,4,0,0,0,0,0,0,33,22,11
REFUGIO COUNTY,391,31 Years,69,28,41,34,15,19,3,0,3,0,0,0,2,2,0,30,11,19
REFUGIO COUNTY,391,32 Years,55,25,30,18,8,10,2,1,1,0,0,0,1,1,0,34,15,19
REFUGIO COUNTY,391,33 Years,59,29,30,23,15,8,3,2,1,0,0,0,1,0,1,32,12,20
REFUGIO COUNTY,391,34 Years,77,42,35,31,17,14,2,2,0,0,0,0,1,1,0,43,22,21
REFUGIO COUNTY,391,35 Years,73,34,39,29,14,15,4,3,1,0,0,0,1,1,0,39,16,23
REFUGIO COUNTY,391,36 Years,70,35,35,22,10,12,7,5,2,0,0,0,0,0,0,41,20,21
REFUGIO COUNTY,391,37 Years,61,29,32,19,8,11,2,2,0,0,0,0,1,1,0,39,18,21
REFUGIO COUNTY,391,38 Years,65,31,34,23,9,14,5,2,3,1,0,1,2,1,1,34,19,15
REFUGIO COUNTY,391,39 Years,68,30,38,27,9,18,6,2,4,0,0,0,0,0,0,35,19,16
REFUGIO COUNTY,391,40 Years,49,21,28,19,9,10,3,1,2,0,0,0,0,0,0,27,11,16
REFUGIO COUNTY,391,41 Years,52,22,30,21,10,11,4,3,1,0,0,0,0,0,0,27,9,18
REFUGIO COUNTY,391,42 Years,58,25,33,21,9,12,4,1,3,1,1,0,0,0,0,32,14,18
REFUGIO COUNTY,391,43 Years,71,30,41,27,10,17,5,2,3,1,1,0,0,0,0,38,17,21
REFUGIO COUNTY,391,44 Years,87,46,41,36,16,20,4,3,1,1,0,1,0,0,0,46,27,19
REFUGIO COUNTY,391,45 Years,73,35,38,27,13,14,2,1,1,1,0,1,0,0,0,43,21,22
REFUGIO COUNTY,391,46 Years,87,42,45,38,20,18,4,2,2,1,0,1,0,0,0,44,20,24
REFUGIO COUNTY,391,47 Years,86,44,42,36,22,14,3,1,2,1,0,1,2,0,2,44,21,23
REFUGIO COUNTY,391,48 Years,87,42,45,33,15,18,4,3,1,1,0,1,1,1,0,48,23,25
REFUGIO COUNTY,391,49 Years,88,37,51,37,17,20,4,2,2,1,1,0,1,0,1,45,17,28
REFUGIO COUNTY,391,50 Years,91,41,50,42,19,23,4,3,1,0,0,0,0,0,0,45,19,26
REFUGIO COUNTY,391,51 Years,84,43,41,38,17,21,4,3,1,0,0,0,2,2,0,40,21,19
REFUGIO COUNTY,391,52 Years,91,46,45,39,20,19,8,6,2,1,0,1,0,0,0,43,20,23
REFUGIO COUNTY,391,53 Years,100,50,50,47,24,23,6,5,1,0,0,0,0,0,0,47,21,26
REFUGIO COUNTY,391,54 Years,104,55,49,51,28,23,7,4,3,2,2,0,0,0,0,44,21,23
REFUGIO COUNTY,391,55 Years,102,53,49,49,24,25,6,3,3,0,0,0,1,0,1,46,26,20
REFUGIO COUNTY,391,56 Years,101,55,46,51,26,25,6,3,3,0,0,0,3,3,0,41,23,18
REFUGIO COUNTY,391,57 Years,100,54,46,46,26,20,11,4,7,0,0,0,3,1,2,40,23,17
REFUGIO COUNTY,391,58 Years,98,52,46,44,23,21,8,4,4,0,0,0,1,1,0,45,24,21
REFUGIO COUNTY,391,59 Years,100,49,51,46,22,24,7,4,3,1,0,1,1,1,0,45,22,23
REFUGIO COUNTY,391,60 Years,99,50,49,57,27,30,4,2,2,0,0,0,1,0,1,37,21,16
REFUGIO COUNTY,391,61 Years,109,54,55,52,23,29,4,2,2,0,0,0,4,2,2,49,27,22
REFUGIO COUNTY,391,62 Years,108,56,52,50,25,25,6,3,3,0,0,0,2,2,0,50,26,24
REFUGIO COUNTY,391,63 Years,92,46,46,45,20,25,7,5,2,0,0,0,1,0,1,39,21,18
REFUGIO COUNTY,391,64 Years,90,55,35,44,26,18,5,3,2,2,2,0,1,1,0,38,23,15
REFUGIO COUNTY,391,65 Years,85,49,36,36,21,15,4,3,1,1,1,0,2,1,1,42,23,19
REFUGIO COUNTY,391,66 Years,79,42,37,37,18,19,4,4,0,0,0,0,1,0,1,37,20,17
REFUGIO COUNTY,391,67 Years,81,42,39,42,20,22,2,2,0,0,0,0,0,0,0,37,20,17
REFUGIO COUNTY,391,68 Years,83,43,40,47,24,23,5,2,3,0,0,0,1,1,0,30,16,14
REFUGIO COUNTY,391,69 Years,105,47,58,55,24,31,7,2,5,1,0,1,1,0,1,41,21,20
REFUGIO COUNTY,391,70 Years,88,36,52,45,16,29,7,3,4,1,0,1,0,0,0,35,17,18
REFUGIO COUNTY,391,71 Years,92,41,51,46,23,23,5,1,4,0,0,0,1,0,1,40,17,23
REFUGIO COUNTY,391,72 Years,87,41,46,42,23,19,9,4,5,0,0,0,0,0,0,36,14,22
REFUGIO COUNTY,391,73 Years,93,47,46,52,23,29,8,4,4,2,2,0,1,0,1,30,18,12
REFUGIO COUNTY,391,74 Years,80,35,45,50,20,30,5,2,3,0,0,0,1,0,1,24,13,11
REFUGIO COUNTY,391,75 Years,64,27,37,33,15,18,5,2,3,0,0,0,0,0,0,26,10,16
REFUGIO COUNTY,391,76 Years,64,30,34,32,15,17,6,3,3,0,0,0,0,0,0,26,12,14
REFUGIO COUNTY,391,77 Years,60,31,29,34,17,17,3,3,0,0,0,0,0,0,0,23,11,12
REFUGIO COUNTY,391,78 Years,68,32,36,39,20,19,2,1,1,0,0,0,1,0,1,26,11,15
REFUGIO COUNTY,391,79 Years,59,31,28,33,18,15,2,0,2,0,0,0,1,0,1,23,13,10
REFUGIO COUNTY,391,80 Years,65,36,29,39,24,15,2,1,1,0,0,0,0,0,0,24,11,13
REFUGIO COUNTY,391,81 Years,57,31,26,34,21,13,2,0,2,0,0,0,0,0,0,21,10,11
REFUGIO COUNTY,391,82 Years,55,22,33,31,13,18,2,0,2,1,0,1,1,1,0,20,8,12
REFUGIO COUNTY,391,83 Years,41,18,23,21,9,12,2,2,0,0,0,0,1,0,1,17,7,10
REFUGIO COUNTY,391,84 Years,36,18,18,16,8,8,3,2,1,0,0,0,1,1,0,16,7,9
REFUGIO COUNTY,391,85 Years,38,14,24,21,7,14,1,0,1,0,0,0,1,1,0,15,6,9
REFUGIO COUNTY,391,86 Years,32,14,18,18,6,12,2,2,0,0,0,0,0,0,0,12,6,6
REFUGIO COUNTY,391,87 Years,26,13,13,14,6,8,3,2,1,0,0,0,1,1,0,8,4,4
REFUGIO COUNTY,391,88 Years,25,10,15,12,4,8,3,2,1,0,0,0,0,0,0,10,4,6
REFUGIO COUNTY,391,89 Years,19,8,11,10,4,6,0,0,0,0,0,0,0,0,0,9,4,5
REFUGIO COUNTY,391,90 Years,17,6,11,8,4,4,3,0,3,0,0,0,0,0,0,6,2,4
REFUGIO COUNTY,391,91 Years,17,6,11,10,3,7,1,0,1,0,0,0,0,0,0,6,3,3
REFUGIO COUNTY,391,92 Years,17,6,11,8,2,6,3,1,2,0,0,0,0,0,0,6,3,3
REFUGIO COUNTY,391,93 Years,16,5,11,8,2,6,3,1,2,0,0,0,0,0,0,5,2,3
REFUGIO COUNTY,391,94 Years,10,4,6,4,1,3,1,1,0,0,0,0,0,0,0,5,2,3
REFUGIO COUNTY,391,95 Years +,23,11,12,10,5,5,4,3,1,0,0,0,0,0,0,9,3,6
ROBERTS COUNTY,393,All Ages,926,465,461,836,420,416,0,0,0,3,0,3,10,7,3,77,38,39
ROBERTS COUNTY,393,< 1 Year,13,8,5,13,8,5,0,0,0,0,0,0,0,0,0,0,0,0
ROBERTS COUNTY,393,1 Years,12,7,5,10,6,4,0,0,0,0,0,0,0,0,0,2,1,1
ROBERTS COUNTY,393,2 Years,11,4,7,10,4,6,0,0,0,0,0,0,0,0,0,1,0,1
ROBERTS COUNTY,393,3 Years,8,3,5,7,3,4,0,0,0,0,0,0,0,0,0,1,0,1
ROBERTS COUNTY,393,4 Years,11,6,5,11,6,5,0,0,0,0,0,0,0,0,0,0,0,0
ROBERTS COUNTY,393,5 Years,11,8,3,11,8,3,0,0,0,0,0,0,0,0,0,0,0,0
ROBERTS COUNTY,393,6 Years,12,9,3,12,9,3,0,0,0,0,0,0,0,0,0,0,0,0
ROBERTS COUNTY,393,7 Years,12,8,4,11,7,4,0,0,0,0,0,0,0,0,0,1,1,0
ROBERTS COUNTY,393,8 Years,7,3,4,6,2,4,0,0,0,0,0,0,0,0,0,1,1,0
ROBERTS COUNTY,393,9 Years,14,9,5,10,7,3,0,0,0,0,0,0,0,0,0,4,2,2
ROBERTS COUNTY,393,10 Years,25,14,11,22,12,10,0,0,0,0,0,0,0,0,0,3,2,1
ROBERTS COUNTY,393,11 Years,14,9,5,11,7,4,0,0,0,0,0,0,1,1,0,2,1,1
ROBERTS COUNTY,393,12 Years,15,5,10,13,4,9,0,0,0,0,0,0,0,0,0,2,1,1
ROBERTS COUNTY,393,13 Years,11,5,6,10,4,6,0,0,0,0,0,0,0,0,0,1,1,0
ROBERTS COUNTY,393,14 Years,7,4,3,7,4,3,0,0,0,0,0,0,0,0,0,0,0,0
ROBERTS COUNTY,393,15 Years,10,4,6,9,4,5,0,0,0,0,0,0,0,0,0,1,0,1
ROBERTS COUNTY,393,16 Years,16,7,9,16,7,9,0,0,0,0,0,0,0,0,0,0,0,0
ROBERTS COUNTY,393,17 Years,13,7,6,12,7,5,0,0,0,0,0,0,0,0,0,1,0,1
ROBERTS COUNTY,393,18 Years,13,8,5,11,7,4,0,0,0,0,0,0,0,0,0,2,1,1
ROBERTS COUNTY,393,19 Years,11,7,4,10,7,3,0,0,0,0,0,0,0,0,0,1,0,1
ROBERTS COUNTY,393,20 Years,9,6,3,9,6,3,0,0,0,0,0,0,0,0,0,0,0,0
ROBERTS COUNTY,393,21 Years,8,5,3,8,5,3,0,0,0,0,0,0,0,0,0,0,0,0
ROBERTS COUNTY,393,22 Years,6,2,4,5,2,3,0,0,0,0,0,0,0,0,0,1,0,1
ROBERTS COUNTY,393,23 Years,8,3,5,7,3,4,0,0,0,0,0,0,0,0,0,1,0,1
ROBERTS COUNTY,393,24 Years,8,3,5,5,1,4,0,0,0,0,0,0,0,0,0,3,2,1
ROBERTS COUNTY,393,25 Years,11,6,5,9,4,5,0,0,0,0,0,0,0,0,0,2,2,0
ROBERTS COUNTY,393,26 Years,4,2,2,3,1,2,0,0,0,0,0,0,1,1,0,0,0,0
ROBERTS COUNTY,393,27 Years,7,5,2,7,5,2,0,0,0,0,0,0,0,0,0,0,0,0
ROBERTS COUNTY,393,28 Years,11,4,7,9,4,5,0,0,0,0,0,0,0,0,0,2,0,2
ROBERTS COUNTY,393,29 Years,8,3,5,6,3,3,0,0,0,0,0,0,0,0,0,2,0,2
ROBERTS COUNTY,393,30 Years,10,4,6,9,3,6,0,0,0,0,0,0,0,0,0,1,1,0
ROBERTS COUNTY,393,31 Years,7,2,5,5,1,4,0,0,0,0,0,0,0,0,0,2,1,1
ROBERTS COUNTY,393,32 Years,10,4,6,8,4,4,0,0,0,1,0,1,0,0,0,1,0,1
ROBERTS COUNTY,393,33 Years,10,6,4,9,6,3,0,0,0,0,0,0,0,0,0,1,0,1
ROBERTS COUNTY,393,34 Years,12,7,5,12,7,5,0,0,0,0,0,0,0,0,0,0,0,0
ROBERTS COUNTY,393,35 Years,14,6,8,12,5,7,0,0,0,0,0,0,0,0,0,2,1,1
ROBERTS COUNTY,393,36 Years,15,8,7,13,6,7,0,0,0,0,0,0,0,0,0,2,2,0
ROBERTS COUNTY,393,37 Years,11,4,7,10,3,7,0,0,0,0,0,0,0,0,0,1,1,0
ROBERTS COUNTY,393,38 Years,14,10,4,14,10,4,0,0,0,0,0,0,0,0,0,0,0,0
ROBERTS COUNTY,393,39 Years,11,7,4,11,7,4,0,0,0,0,0,0,0,0,0,0,0,0
ROBERTS COUNTY,393,40 Years,6,5,1,6,5,1,0,0,0,0,0,0,0,0,0,0,0,0
ROBERTS COUNTY,393,41 Years,7,2,5,6,2,4,0,0,0,0,0,0,0,0,0,1,0,1
ROBERTS COUNTY,393,42 Years,7,1,6,6,1,5,0,0,0,0,0,0,0,0,0,1,0,1
ROBERTS COUNTY,393,43 Years,4,1,3,4,1,3,0,0,0,0,0,0,0,0,0,0,0,0
ROBERTS COUNTY,393,44 Years,7,4,3,6,3,3,0,0,0,0,0,0,0,0,0,1,1,0
ROBERTS COUNTY,393,45 Years,6,3,3,5,3,2,0,0,0,0,0,0,0,0,0,1,0,1
ROBERTS COUNTY,393,46 Years,10,4,6,8,3,5,0,0,0,0,0,0,0,0,0,2,1,1
ROBERTS COUNTY,393,47 Years,13,5,8,12,4,8,0,0,0,0,0,0,0,0,0,1,1,0
ROBERTS COUNTY,393,48 Years,13,4,9,11,3,8,0,0,0,0,0,0,0,0,0,2,1,1
ROBERTS COUNTY,393,49 Years,10,5,5,8,4,4,0,0,0,0,0,0,0,0,0,2,1,1
ROBERTS COUNTY,393,50 Years,13,8,5,12,7,5,0,0,0,0,0,0,0,0,0,1,1,0
ROBERTS COUNTY,393,51 Years,10,7,3,10,7,3,0,0,0,0,0,0,0,0,0,0,0,0
ROBERTS COUNTY,393,52 Years,11,8,3,10,7,3,0,0,0,0,0,0,0,0,0,1,1,0
ROBERTS COUNTY,393,53 Years,14,5,9,12,5,7,0,0,0,0,0,0,0,0,0,2,0,2
ROBERTS COUNTY,393,54 Years,12,5,7,10,5,5,0,0,0,0,0,0,0,0,0,2,0,2
ROBERTS COUNTY,393,55 Years,15,10,5,14,9,5,0,0,0,0,0,0,1,1,0,0,0,0
ROBERTS COUNTY,393,56 Years,13,10,3,11,8,3,0,0,0,0,0,0,1,1,0,1,1,0
ROBERTS COUNTY,393,57 Years,17,7,10,15,6,9,0,0,0,0,0,0,0,0,0,2,1,1
ROBERTS COUNTY,393,58 Years,16,8,8,15,8,7,0,0,0,0,0,0,0,0,0,1,0,1
ROBERTS COUNTY,393,59 Years,10,5,5,10,5,5,0,0,0,0,0,0,0,0,0,0,0,0
ROBERTS COUNTY,393,60 Years,13,6,7,12,5,7,0,0,0,0,0,0,0,0,0,1,1,0
ROBERTS COUNTY,393,61 Years,10,5,5,9,4,5,0,0,0,0,0,0,0,0,0,1,1,0
ROBERTS COUNTY,393,62 Years,12,6,6,11,5,6,0,0,0,0,0,0,0,0,0,1,1,0
ROBERTS COUNTY,393,63 Years,15,6,9,14,6,8,0,0,0,0,0,0,0,0,0,1,0,1
ROBERTS COUNTY,393,64 Years,14,9,5,12,8,4,0,0,0,0,0,0,2,1,1,0,0,0
ROBERTS COUNTY,393,65 Years,14,7,7,12,7,5,0,0,0,0,0,0,1,0,1,1,0,1
ROBERTS COUNTY,393,66 Years,11,5,6,11,5,6,0,0,0,0,0,0,0,0,0,0,0,0
ROBERTS COUNTY,393,67 Years,10,6,4,9,5,4,0,0,0,0,0,0,1,1,0,0,0,0
ROBERTS COUNTY,393,68 Years,9,5,4,8,5,3,0,0,0,0,0,0,0,0,0,1,0,1
ROBERTS COUNTY,393,69 Years,14,8,6,14,8,6,0,0,0,0,0,0,0,0,0,0,0,0
ROBERTS COUNTY,393,70 Years,13,9,4,13,9,4,0,0,0,0,0,0,0,0,0,0,0,0
ROBERTS COUNTY,393,71 Years,10,5,5,9,4,5,0,0,0,0,0,0,0,0,0,1,1,0
ROBERTS COUNTY,393,72 Years,11,5,6,10,4,6,0,0,0,0,0,0,0,0,0,1,1,0
ROBERTS COUNTY,393,73 Years,13,5,8,12,4,8,0,0,0,0,0,0,0,0,0,1,1,0
ROBERTS COUNTY,393,74 Years,12,5,7,11,4,7,0,0,0,0,0,0,1,1,0,0,0,0
ROBERTS COUNTY,393,75 Years,9,4,5,8,3,5,0,0,0,0,0,0,0,0,0,1,1,0
ROBERTS COUNTY,393,76 Years,7,5,2,6,4,2,0,0,0,0,0,0,0,0,0,1,1,0
ROBERTS COUNTY,393,77 Years,5,2,3,4,2,2,0,0,0,0,0,0,1,0,1,0,0,0
ROBERTS COUNTY,393,78 Years,6,1,5,6,1,5,0,0,0,0,0,0,0,0,0,0,0,0
ROBERTS COUNTY,393,79 Years,8,3,5,8,3,5,0,0,0,0,0,0,0,0,0,0,0,0
ROBERTS COUNTY,393,80 Years,6,2,4,6,2,4,0,0,0,0,0,0,0,0,0,0,0,0
ROBERTS COUNTY,393,81 Years,5,2,3,5,2,3,0,0,0,0,0,0,0,0,0,0,0,0
ROBERTS COUNTY,393,82 Years,5,3,2,5,3,2,0,0,0,0,0,0,0,0,0,0,0,0
ROBERTS COUNTY,393,83 Years,5,3,2,5,3,2,0,0,0,0,0,0,0,0,0,0,0,0
ROBERTS COUNTY,393,84 Years,2,1,1,1,1,0,0,0,0,1,0,1,0,0,0,0,0,0
ROBERTS COUNTY,393,85 Years,3,1,2,2,1,1,0,0,0,1,0,1,0,0,0,0,0,0
ROBERTS COUNTY,393,86 Years,5,1,4,5,1,4,0,0,0,0,0,0,0,0,0,0,0,0
ROBERTS COUNTY,393,87 Years,5,1,4,5,1,4,0,0,0,0,0,0,0,0,0,0,0,0
ROBERTS COUNTY,393,88 Years,3,1,2,3,1,2,0,0,0,0,0,0,0,0,0,0,0,0
ROBERTS COUNTY,393,89 Years,5,1,4,5,1,4,0,0,0,0,0,0,0,0,0,0,0,0
ROBERTS COUNTY,393,90 Years,3,1,2,3,1,2,0,0,0,0,0,0,0,0,0,0,0,0
ROBERTS COUNTY,393,91 Years,2,1,1,2,1,1,0,0,0,0,0,0,0,0,0,0,0,0
ROBERTS COUNTY,393,92 Years,1,0,1,1,0,1,0,0,0,0,0,0,0,0,0,0,0,0
ROBERTS COUNTY,393,93 Years,0,0,0,0,0,0,0,0,0,0,0,0,0,0,0,0,0,0
ROBERTS COUNTY,393,94 Years,2,0,2,2,0,2,0,0,0,0,0,0,0,0,0,0,0,0
ROBERTS COUNTY,393,95 Years +,4,1,3,3,1,2,0,0,0,0,0,0,0,0,0,1,0,1
ROBERTSON COUNTY,395,All Ages,17852,8865,8987,10136,5057,5079,3558,1706,1852,114,58,56,236,113,123,3808,1931,1877
ROBERTSON COUNTY,395,< 1 Year,221,117,104,86,42,44,47,23,24,3,1,2,3,2,1,82,49,33
ROBERTSON COUNTY,395,1 Years,219,115,104,90,45,45,44,22,22,2,1,1,2,1,1,81,46,35
ROBERTSON COUNTY,395,2 Years,225,116,109,100,49,51,43,23,20,0,0,0,2,1,1,80,43,37
ROBERTSON COUNTY,395,3 Years,228,116,112,101,52,49,44,23,21,0,0,0,1,0,1,82,41,41
ROBERTSON COUNTY,395,4 Years,216,111,105,92,45,47,40,22,18,0,0,0,2,1,1,82,43,39
ROBERTSON COUNTY,395,5 Years,212,108,104,88,42,46,41,22,19,3,2,1,3,1,2,77,41,36
ROBERTSON COUNTY,395,6 Years,208,105,103,87,41,46,37,19,18,2,1,1,2,1,1,80,43,37
ROBERTSON COUNTY,395,7 Years,219,110,109,86,43,43,38,20,18,3,2,1,3,2,1,89,43,46
ROBERTSON COUNTY,395,8 Years,212,100,112,88,40,48,35,15,20,2,2,0,6,4,2,81,39,42
ROBERTSON COUNTY,395,9 Years,250,127,123,110,62,48,45,17,28,2,1,1,9,6,3,84,41,43
ROBERTSON COUNTY,395,10 Years,239,114,125,124,58,66,42,18,24,1,0,1,5,4,1,67,34,33
ROBERTSON COUNTY,395,11 Years,249,133,116,119,66,53,44,20,24,0,0,0,4,3,1,82,44,38
ROBERTSON COUNTY,395,12 Years,216,117,99,101,54,47,39,22,17,0,0,0,8,3,5,68,38,30
ROBERTSON COUNTY,395,13 Years,208,104,104,99,56,43,42,20,22,2,0,2,3,1,2,62,27,35
ROBERTSON COUNTY,395,14 Years,205,107,98,95,56,39,37,16,21,1,1,0,2,0,2,70,34,36
ROBERTSON COUNTY,395,15 Years,200,94,106,88,42,46,43,20,23,2,1,1,2,0,2,65,31,34
ROBERTSON COUNTY,395,16 Years,230,107,123,108,46,62,49,28,21,2,1,1,7,3,4,64,29,35
ROBERTSON COUNTY,395,17 Years,241,122,119,123,60,63,42,23,19,3,2,1,7,3,4,66,34,32
ROBERTSON COUNTY,395,18 Years,202,108,94,100,54,46,40,24,16,2,1,1,4,1,3,56,28,28
ROBERTSON COUNTY,395,19 Years,187,82,105,79,38,41,41,19,22,2,0,2,7,3,4,58,22,36
ROBERTSON COUNTY,395,20 Years,186,88,98,82,45,37,41,23,18,2,0,2,5,1,4,56,19,37
ROBERTSON COUNTY,395,21 Years,186,100,86,88,52,36,48,26,22,2,2,0,3,1,2,45,19,26
ROBERTSON COUNTY,395,22 Years,213,116,97,92,51,41,57,35,22,1,1,0,5,3,2,58,26,32
ROBERTSON COUNTY,395,23 Years,242,125,117,111,57,54,67,37,30,2,1,1,6,3,3,56,27,29
ROBERTSON COUNTY,395,24 Years,253,129,124,126,66,60,67,31,36,3,2,1,3,2,1,54,28,26
ROBERTSON COUNTY,395,25 Years,259,130,129,126,66,60,74,39,35,1,0,1,4,3,1,54,22,32
ROBERTSON COUNTY,395,26 Years,250,121,129,121,59,62,70,32,38,1,0,1,2,1,1,56,29,27
ROBERTSON COUNTY,395,27 Years,242,110,132,101,51,50,75,29,46,0,0,0,3,2,1,63,28,35
ROBERTSON COUNTY,395,28 Years,217,98,119,103,50,53,64,25,39,0,0,0,3,2,1,47,21,26
ROBERTSON COUNTY,395,29 Years,216,99,117,109,47,62,48,20,28,0,0,0,2,1,1,57,31,26
ROBERTSON COUNTY,395,30 Years,211,104,107,102,51,51,55,28,27,2,2,0,1,1,0,51,22,29
ROBERTSON COUNTY,395,31 Years,206,90,116,106,52,54,50,23,27,1,0,1,3,1,2,46,14,32
ROBERTSON COUNTY,395,32 Years,225,112,113,117,61,56,46,23,23,2,0,2,3,1,2,57,27,30
ROBERTSON COUNTY,395,33 Years,216,108,108,111,59,52,44,23,21,1,0,1,2,1,1,58,25,33
ROBERTSON COUNTY,395,34 Years,224,100,124,107,48,59,54,27,27,0,0,0,2,1,1,61,24,37
ROBERTSON COUNTY,395,35 Years,216,108,108,128,62,66,37,23,14,2,1,1,2,1,1,47,21,26
ROBERTSON COUNTY,395,36 Years,192,107,85,110,60,50,33,20,13,2,2,0,1,1,0,46,24,22
ROBERTSON COUNTY,395,37 Years,223,122,101,126,68,58,41,20,21,1,0,1,2,1,1,53,33,20
ROBERTSON COUNTY,395,38 Years,209,117,92,110,64,46,35,18,17,4,2,2,1,0,1,59,33,26
ROBERTSON COUNTY,395,39 Years,201,99,102,104,51,53,40,17,23,2,0,2,2,2,0,53,29,24
ROBERTSON COUNTY,395,40 Years,192,100,92,100,54,46,35,16,19,3,1,2,2,1,1,52,28,24
ROBERTSON COUNTY,395,41 Years,177,94,83,85,46,39,41,19,22,2,1,1,1,0,1,48,28,20
ROBERTSON COUNTY,395,42 Years,190,87,103,93,42,51,54,24,30,1,1,0,1,0,1,41,20,21
ROBERTSON COUNTY,395,43 Years,174,90,84,86,46,40,40,16,24,2,2,0,1,1,0,45,25,20
ROBERTSON COUNTY,395,44 Years,174,95,79,98,62,36,35,10,25,1,1,0,1,1,0,39,21,18
ROBERTSON COUNTY,395,45 Years,201,102,99,120,60,60,38,17,21,2,2,0,1,0,1,40,23,17
ROBERTSON COUNTY,395,46 Years,219,95,124,131,55,76,40,15,25,3,2,1,2,0,2,43,23,20
ROBERTSON COUNTY,395,47 Years,201,96,105,120,62,58,39,9,30,2,1,1,5,2,3,35,22,13
ROBERTSON COUNTY,395,48 Years,208,100,108,122,64,58,46,17,29,1,1,0,2,1,1,37,17,20
ROBERTSON COUNTY,395,49 Years,218,98,120,130,62,68,43,18,25,2,0,2,2,1,1,41,17,24
ROBERTSON COUNTY,395,50 Years,227,112,115,128,56,72,53,30,23,3,3,0,2,0,2,41,23,18
ROBERTSON COUNTY,395,51 Years,232,113,119,144,64,80,48,27,21,2,1,1,3,2,1,35,19,16
ROBERTSON COUNTY,395,52 Years,237,126,111,143,79,64,48,25,23,1,0,1,3,2,1,42,20,22
ROBERTSON COUNTY,395,53 Years,246,133,113,153,81,72,50,28,22,4,2,2,2,2,0,37,20,17
ROBERTSON COUNTY,395,54 Years,242,131,111,169,89,80,46,29,17,1,1,0,1,0,1,25,12,13
ROBERTSON COUNTY,395,55 Years,246,113,133,166,78,88,46,17,29,3,1,2,1,0,1,30,17,13
ROBERTSON COUNTY,395,56 Years,226,117,109,140,73,67,43,18,25,3,1,2,4,1,3,36,24,12
ROBERTSON COUNTY,395,57 Years,264,144,120,165,93,72,54,23,31,2,0,2,3,2,1,40,26,14
ROBERTSON COUNTY,395,58 Years,273,133,140,190,92,98,44,19,25,1,0,1,3,2,1,35,20,15
ROBERTSON COUNTY,395,59 Years,255,124,131,166,82,84,53,25,28,3,1,2,3,0,3,30,16,14
ROBERTSON COUNTY,395,60 Years,265,138,127,173,94,79,56,27,29,1,0,1,4,0,4,31,17,14
ROBERTSON COUNTY,395,61 Years,249,135,114,167,92,75,47,25,22,2,2,0,3,0,3,30,16,14
ROBERTSON COUNTY,395,62 Years,239,117,122,172,85,87,37,17,20,3,2,1,4,2,2,23,11,12
ROBERTSON COUNTY,395,63 Years,259,131,128,180,90,90,39,17,22,1,1,0,5,3,2,34,20,14
ROBERTSON COUNTY,395,64 Years,248,113,135,170,76,94,41,17,24,1,1,0,4,1,3,32,18,14
ROBERTSON COUNTY,395,65 Years,205,101,104,142,68,74,38,20,18,1,1,0,2,0,2,22,12,10
ROBERTSON COUNTY,395,66 Years,207,103,104,151,70,81,35,20,15,0,0,0,2,0,2,19,13,6
ROBERTSON COUNTY,395,67 Years,212,102,110,149,72,77,36,17,19,0,0,0,3,0,3,24,13,11
ROBERTSON COUNTY,395,68 Years,228,109,119,162,75,87,38,19,19,0,0,0,2,1,1,26,14,12
ROBERTSON COUNTY,395,69 Years,216,113,103,156,82,74,37,19,18,0,0,0,3,3,0,20,9,11
ROBERTSON COUNTY,395,70 Years,219,118,101,164,90,74,32,15,17,0,0,0,2,2,0,21,11,10
ROBERTSON COUNTY,395,71 Years,182,97,85,127,66,61,32,17,15,0,0,0,2,2,0,21,12,9
ROBERTSON COUNTY,395,72 Years,145,68,77,108,51,57,19,6,13,0,0,0,2,2,0,16,9,7
ROBERTSON COUNTY,395,73 Years,164,83,81,124,67,57,26,11,15,0,0,0,0,0,0,14,5,9
ROBERTSON COUNTY,395,74 Years,155,73,82,115,54,61,23,12,11,1,0,1,1,1,0,15,6,9
ROBERTSON COUNTY,395,75 Years,150,68,82,106,47,59,24,12,12,0,0,0,1,0,1,19,9,10
ROBERTSON COUNTY,395,76 Years,125,56,69,94,40,54,18,8,10,0,0,0,3,2,1,10,6,4
ROBERTSON COUNTY,395,77 Years,118,52,66,92,40,52,17,8,9,0,0,0,2,1,1,7,3,4
ROBERTSON COUNTY,395,78 Years,117,57,60,91,43,48,18,9,9,0,0,0,1,0,1,7,5,2
ROBERTSON COUNTY,395,79 Years,110,59,51,79,40,39,17,9,8,1,0,1,2,2,0,11,8,3
ROBERTSON COUNTY,395,80 Years,107,61,46,78,43,35,16,9,7,0,0,0,1,1,0,12,8,4
ROBERTSON COUNTY,395,81 Years,92,45,47,73,35,38,10,4,6,0,0,0,1,1,0,8,5,3
ROBERTSON COUNTY,395,82 Years,72,32,40,57,25,32,12,6,6,0,0,0,0,0,0,3,1,2
ROBERTSON COUNTY,395,83 Years,66,34,32,48,27,21,15,6,9,0,0,0,0,0,0,3,1,2
ROBERTSON COUNTY,395,84 Years,71,35,36,52,26,26,10,5,5,0,0,0,2,1,1,7,3,4
ROBERTSON COUNTY,395,85 Years,58,22,36,43,15,28,10,5,5,0,0,0,1,0,1,4,2,2
ROBERTSON COUNTY,395,86 Years,57,24,33,42,16,26,9,4,5,0,0,0,0,0,0,6,4,2
ROBERTSON COUNTY,395,87 Years,52,18,34,38,12,26,8,2,6,0,0,0,0,0,0,6,4,2
ROBERTSON COUNTY,395,88 Years,51,19,32,37,14,23,9,3,6,0,0,0,0,0,0,5,2,3
ROBERTSON COUNTY,395,89 Years,45,19,26,32,13,19,8,3,5,0,0,0,0,0,0,5,3,2
ROBERTSON COUNTY,395,90 Years,41,16,25,27,9,18,7,3,4,0,0,0,2,1,1,5,3,2
ROBERTSON COUNTY,395,91 Years,36,13,23,25,8,17,7,3,4,0,0,0,1,0,1,3,2,1
ROBERTSON COUNTY,395,92 Years,32,10,22,18,8,10,10,2,8,0,0,0,0,0,0,4,0,4
ROBERTSON COUNTY,395,93 Years,26,9,17,16,5,11,6,2,4,0,0,0,0,0,0,4,2,2
ROBERTSON COUNTY,395,94 Years,18,7,11,13,4,9,3,2,1,0,0,0,0,0,0,2,1,1
ROBERTSON COUNTY,395,95 Years +,39,9,30,22,4,18,13,5,8,0,0,0,0,0,0,4,0,4
ROCKWALL COUNTY,397,All Ages,99817,48887,50930,71661,34817,36844,5969,2999,2970,2702,1189,1513,2022,1020,1002,17463,8862,8601
ROCKWALL COUNTY,397,< 1 Year,1131,580,551,667,347,320,82,45,37,23,11,12,62,31,31,297,146,151
ROCKWALL COUNTY,397,1 Years,1137,580,557,688,348,340,77,40,37,22,12,10,54,29,25,296,151,145
ROCKWALL COUNTY,397,2 Years,1156,592,564,707,367,340,75,36,39,23,12,11,51,28,23,300,149,151
ROCKWALL COUNTY,397,3 Years,1147,589,558,713,369,344,66,30,36,23,13,10,44,26,18,301,151,150
ROCKWALL COUNTY,397,4 Years,1151,581,570,707,366,341,63,30,33,25,12,13,45,24,21,311,149,162
ROCKWALL COUNTY,397,5 Years,1172,587,585,724,364,360,64,33,31,25,13,12,42,24,18,317,153,164
ROCKWALL COUNTY,397,6 Years,1186,594,592,739,373,366,67,35,32,24,11,13,40,20,20,316,155,161
ROCKWALL COUNTY,397,7 Years,1226,604,622,768,375,393,78,43,35,16,10,6,36,12,24,328,164,164
ROCKWALL COUNTY,397,8 Years,1332,676,656,867,447,420,83,40,43,28,13,15,41,25,16,313,151,162
ROCKWALL COUNTY,397,9 Years,1443,724,719,921,474,447,86,42,44,35,13,22,45,28,17,356,167,189
ROCKWALL COUNTY,397,10 Years,1503,748,755,939,470,469,89,49,40,38,20,18,46,21,25,391,188,203
ROCKWALL COUNTY,397,11 Years,1542,794,748,983,508,475,97,55,42,36,23,13,43,20,23,383,188,195
ROCKWALL COUNTY,397,12 Years,1605,806,799,1051,530,521,98,46,52,36,23,13,42,18,24,378,189,189
ROCKWALL COUNTY,397,13 Years,1684,855,829,1106,553,553,102,46,56,40,23,17,48,21,27,388,212,176
ROCKWALL COUNTY,397,14 Years,1668,840,828,1115,547,568,112,56,56,34,17,17,48,23,25,359,197,162
ROCKWALL COUNTY,397,15 Years,1727,901,826,1145,572,573,121,65,56,35,22,13,48,29,19,378,213,165
ROCKWALL COUNTY,397,16 Years,1811,936,875,1232,625,607,114,63,51,44,16,28,49,28,21,372,204,168
ROCKWALL COUNTY,397,17 Years,1803,910,893,1242,618,624,105,50,55,37,15,22,45,26,19,374,201,173
ROCKWALL COUNTY,397,18 Years,1684,836,848,1136,553,583,99,48,51,40,14,26,48,23,25,361,198,163
ROCKWALL COUNTY,397,19 Years,1559,809,750,1037,542,495,102,59,43,45,12,33,45,23,22,330,173,157
ROCKWALL COUNTY,397,20 Years,1445,754,691,977,514,463,113,61,52,31,11,20,35,16,19,289,152,137
ROCKWALL COUNTY,397,21 Years,1499,769,730,1012,523,489,129,67,62,36,14,22,42,21,21,280,144,136
ROCKWALL COUNTY,397,22 Years,1511,770,741,992,504,488,134,68,66,33,14,19,47,25,22,305,159,146
ROCKWALL COUNTY,397,23 Years,1429,739,690,956,483,473,119,67,52,29,14,15,46,25,21,279,150,129
ROCKWALL COUNTY,397,24 Years,1444,736,708,975,487,488,126,71,55,33,16,17,39,25,14,271,137,134
ROCKWALL COUNTY,397,25 Years,1320,677,643,872,459,413,98,51,47,51,17,34,38,18,20,261,132,129
ROCKWALL COUNTY,397,26 Years,1036,539,497,650,327,323,84,46,38,25,10,15,27,12,15,250,144,106
ROCKWALL COUNTY,397,27 Years,976,513,463,589,319,270,88,42,46,30,18,12,22,10,12,247,124,123
ROCKWALL COUNTY,397,28 Years,891,474,417,562,297,265,60,34,26,32,15,17,18,12,6,219,116,103
ROCKWALL COUNTY,397,29 Years,846,447,399,521,273,248,50,29,21,55,27,28,11,6,5,209,112,97
ROCKWALL COUNTY,397,30 Years,834,429,405,536,266,270,42,27,15,46,16,30,8,3,5,202,117,85
ROCKWALL COUNTY,397,31 Years,899,429,470,586,261,325,29,16,13,43,14,29,16,10,6,225,128,97
ROCKWALL COUNTY,397,32 Years,988,487,501,665,315,350,46,22,24,37,18,19,15,8,7,225,124,101
ROCKWALL COUNTY,397,33 Years,1038,518,520,688,344,344,49,15,34,44,25,19,17,8,9,240,126,114
ROCKWALL COUNTY,397,34 Years,1129,518,611,747,338,409,54,23,31,49,22,27,21,12,9,258,123,135
ROCKWALL COUNTY,397,35 Years,1172,553,619,796,374,422,57,27,30,49,19,30,16,8,8,254,125,129
ROCKWALL COUNTY,397,36 Years,1253,618,635,845,422,423,54,26,28,47,22,25,19,10,9,288,138,150
ROCKWALL COUNTY,397,37 Years,1293,624,669,886,418,468,70,35,35,43,22,21,14,7,7,280,142,138
ROCKWALL COUNTY,397,38 Years,1326,661,665,891,428,463,80,41,39,34,20,14,13,6,7,308,166,142
ROCKWALL COUNTY,397,39 Years,1368,635,733,921,418,503,77,34,43,48,24,24,12,7,5,310,152,158
ROCKWALL COUNTY,397,40 Years,1317,619,698,877,401,476,81,41,40,50,19,31,22,12,10,287,146,141
ROCKWALL COUNTY,397,41 Years,1379,642,737,943,427,516,94,39,55,39,11,28,23,14,9,280,151,129
ROCKWALL COUNTY,397,42 Years,1385,650,735,956,443,513,87,38,49,47,15,32,26,15,11,269,139,130
ROCKWALL COUNTY,397,43 Years,1427,670,757,999,468,531,87,41,46,51,16,35,22,8,14,268,137,131
ROCKWALL COUNTY,397,44 Years,1396,681,715,998,485,513,82,43,39,45,19,26,18,8,10,253,126,127
ROCKWALL COUNTY,397,45 Years,1468,687,781,1051,490,561,98,45,53,47,21,26,20,10,10,252,121,131
ROCKWALL COUNTY,397,46 Years,1630,778,852,1180,564,616,124,60,64,51,23,28,24,12,12,251,119,132
ROCKWALL COUNTY,397,47 Years,1588,765,823,1185,579,606,103,51,52,45,19,26,22,12,10,233,104,129
ROCKWALL COUNTY,397,48 Years,1498,703,795,1087,512,575,107,49,58,58,26,32,17,7,10,229,109,120
ROCKWALL COUNTY,397,49 Years,1469,712,757,1083,523,560,95,47,48,49,22,27,21,10,11,221,110,111
ROCKWALL COUNTY,397,50 Years,1401,716,685,1041,526,515,104,60,44,48,23,25,22,7,15,186,100,86
ROCKWALL COUNTY,397,51 Years,1376,727,649,1018,538,480,113,59,54,45,23,22,21,10,11,179,97,82
ROCKWALL COUNTY,397,52 Years,1455,745,710,1121,571,550,113,52,61,35,21,14,17,10,7,169,91,78
ROCKWALL COUNTY,397,53 Years,1529,750,779,1185,563,622,105,58,47,49,21,28,17,11,6,173,97,76
ROCKWALL COUNTY,397,54 Years,1492,718,774,1176,561,615,97,47,50,32,9,23,15,10,5,172,91,81
ROCKWALL COUNTY,397,55 Years,1461,705,756,1166,559,607,85,43,42,40,18,22,18,8,10,152,77,75
ROCKWALL COUNTY,397,56 Years,1538,751,787,1208,586,622,113,66,47,35,13,22,15,9,6,167,77,90
ROCKWALL COUNTY,397,57 Years,1472,708,764,1178,565,613,87,46,41,28,10,18,17,8,9,162,79,83
ROCKWALL COUNTY,397,58 Years,1333,640,693,1069,513,556,77,41,36,28,10,18,22,7,15,137,69,68
ROCKWALL COUNTY,397,59 Years,1290,616,674,1064,515,549,70,32,38,31,11,20,21,7,14,104,51,53
ROCKWALL COUNTY,397,60 Years,1263,571,692,1025,468,557,73,38,35,22,9,13,19,9,10,124,47,77
ROCKWALL COUNTY,397,61 Years,1248,599,649,1034,488,546,72,38,34,20,10,10,19,12,7,103,51,52
ROCKWALL COUNTY,397,62 Years,1177,541,636,995,453,542,49,21,28,24,11,13,19,9,10,90,47,43
ROCKWALL COUNTY,397,63 Years,1061,497,564,903,434,469,39,14,25,25,6,19,12,4,8,82,39,43
ROCKWALL COUNTY,397,64 Years,1034,481,553,880,421,459,40,21,19,28,9,19,13,6,7,73,24,49
ROCKWALL COUNTY,397,65 Years,1020,515,505,862,442,420,40,17,23,27,10,17,11,6,5,80,40,40
ROCKWALL COUNTY,397,66 Years,921,449,472,779,380,399,37,18,19,23,9,14,13,5,8,69,37,32
ROCKWALL COUNTY,397,67 Years,887,423,464,761,355,406,32,19,13,19,7,12,11,4,7,64,38,26
ROCKWALL COUNTY,397,68 Years,862,408,454,750,347,403,26,14,12,19,11,8,12,6,6,55,30,25
ROCKWALL COUNTY,397,69 Years,827,385,442,707,327,380,32,18,14,22,10,12,15,8,7,51,22,29
ROCKWALL COUNTY,397,70 Years,836,392,444,732,347,385,25,10,15,22,8,14,9,4,5,48,23,25
ROCKWALL COUNTY,397,71 Years,650,313,337,566,276,290,17,10,7,13,3,10,5,2,3,49,22,27
ROCKWALL COUNTY,397,72 Years,626,276,350,546,246,300,26,10,16,6,3,3,6,1,5,42,16,26
ROCKWALL COUNTY,397,73 Years,638,277,361,568,251,317,24,11,13,13,4,9,5,1,4,28,10,18
ROCKWALL COUNTY,397,74 Years,631,280,351,562,252,310,15,8,7,13,5,8,4,1,3,37,14,23
ROCKWALL COUNTY,397,75 Years,543,252,291,478,224,254,14,6,8,14,7,7,4,3,1,33,12,21
ROCKWALL COUNTY,397,76 Years,494,243,251,431,218,213,19,6,13,12,6,6,1,1,0,31,12,19
ROCKWALL COUNTY,397,77 Years,461,214,247,406,191,215,18,8,10,12,6,6,3,1,2,22,8,14
ROCKWALL COUNTY,397,78 Years,426,190,236,384,170,214,10,6,4,11,6,5,5,2,3,16,6,10
ROCKWALL COUNTY,397,79 Years,356,156,200,321,143,178,8,4,4,9,4,5,3,0,3,15,5,10
ROCKWALL COUNTY,397,80 Years,312,145,167,276,129,147,9,4,5,8,4,4,4,1,3,15,7,8
ROCKWALL COUNTY,397,81 Years,296,141,155,258,121,137,7,3,4,8,4,4,4,3,1,19,10,9
ROCKWALL COUNTY,397,82 Years,268,114,154,245,107,138,5,2,3,5,1,4,2,1,1,11,3,8
ROCKWALL COUNTY,397,83 Years,248,92,156,216,81,135,7,4,3,4,2,2,5,2,3,16,3,13
ROCKWALL COUNTY,397,84 Years,242,102,140,210,92,118,7,1,6,5,2,3,5,2,3,15,5,10
ROCKWALL COUNTY,397,85 Years,203,77,126,167,68,99,8,2,6,9,3,6,3,1,2,16,3,13
ROCKWALL COUNTY,397,86 Years,186,61,125,164,53,111,5,1,4,4,1,3,2,1,1,11,5,6
ROCKWALL COUNTY,397,87 Years,159,54,105,135,47,88,8,3,5,3,1,2,4,1,3,9,2,7
ROCKWALL COUNTY,397,88 Years,133,50,83,115,42,73,6,3,3,4,3,1,1,0,1,7,2,5
ROCKWALL COUNTY,397,89 Years,112,41,71,97,36,61,4,2,2,5,2,3,1,0,1,5,1,4
ROCKWALL COUNTY,397,90 Years,93,34,59,80,28,52,5,2,3,3,1,2,0,0,0,5,3,2
ROCKWALL COUNTY,397,91 Years,80,24,56,68,20,48,3,0,3,2,0,2,1,0,1,6,4,2
ROCKWALL COUNTY,397,92 Years,59,18,41,44,12,32,4,1,3,5,2,3,1,0,1,5,3,2
ROCKWALL COUNTY,397,93 Years,50,19,31,39,14,25,3,1,2,3,3,0,1,0,1,4,1,3
ROCKWALL COUNTY,397,94 Years,40,12,28,33,9,24,2,0,2,1,1,0,0,0,0,4,2,2
ROCKWALL COUNTY,397,95 Years +,107,26,81,85,18,67,9,2,7,2,2,0,1,0,1,10,4,6
RUNNELS COUNTY,399,All Ages,10460,5235,5225,6434,3109,3325,158,86,72,27,18,9,151,84,67,3690,1938,1752
RUNNELS COUNTY,399,< 1 Year,131,73,58,69,37,32,0,0,0,0,0,0,6,4,2,56,32,24
RUNNELS COUNTY,399,1 Years,132,69,63,68,36,32,0,0,0,0,0,0,5,4,1,59,29,30
RUNNELS COUNTY,399,2 Years,130,68,62,68,35,33,0,0,0,1,1,0,7,5,2,54,27,27
RUNNELS COUNTY,399,3 Years,124,67,57,60,34,26,0,0,0,1,1,0,10,8,2,53,24,29
RUNNELS COUNTY,399,4 Years,120,66,54,56,31,25,0,0,0,2,1,1,11,8,3,51,26,25
RUNNELS COUNTY,399,5 Years,133,69,64,63,33,30,1,1,0,1,1,0,8,6,2,60,28,32
RUNNELS COUNTY,399,6 Years,145,73,72,71,32,39,2,1,1,0,0,0,4,2,2,68,38,30
RUNNELS COUNTY,399,7 Years,153,84,69,77,43,34,0,0,0,0,0,0,1,1,0,75,40,35
RUNNELS COUNTY,399,8 Years,132,69,63,71,38,33,0,0,0,0,0,0,2,1,1,59,30,29
RUNNELS COUNTY,399,9 Years,152,77,75,81,41,40,2,1,1,0,0,0,3,0,3,66,35,31
RUNNELS COUNTY,399,10 Years,149,69,80,71,30,41,4,3,1,0,0,0,3,2,1,71,34,37
RUNNELS COUNTY,399,11 Years,142,79,63,71,37,34,5,4,1,0,0,0,0,0,0,66,38,28
RUNNELS COUNTY,399,12 Years,143,78,65,66,33,33,3,2,1,0,0,0,1,1,0,73,42,31
RUNNELS COUNTY,399,13 Years,143,74,69,74,37,37,3,2,1,0,0,0,1,0,1,65,35,30
RUNNELS COUNTY,399,14 Years,139,75,64,73,40,33,0,0,0,0,0,0,1,0,1,65,35,30
RUNNELS COUNTY,399,15 Years,131,68,63,58,24,34,1,1,0,0,0,0,1,0,1,71,43,28
RUNNELS COUNTY,399,16 Years,126,66,60,66,34,32,3,2,1,0,0,0,0,0,0,57,30,27
RUNNELS COUNTY,399,17 Years,123,62,61,66,34,32,2,1,1,1,1,0,2,1,1,52,25,27
RUNNELS COUNTY,399,18 Years,109,56,53,51,27,24,2,1,1,1,1,0,2,1,1,53,26,27
RUNNELS COUNTY,399,19 Years,123,56,67,57,24,33,3,0,3,0,0,0,4,2,2,59,30,29
RUNNELS COUNTY,399,20 Years,125,57,68,59,25,34,1,0,1,0,0,0,2,0,2,63,32,31
RUNNELS COUNTY,399,21 Years,115,60,55,51,25,26,3,3,0,0,0,0,3,1,2,58,31,27
RUNNELS COUNTY,399,22 Years,107,58,49,44,23,21,3,2,1,0,0,0,2,1,1,58,32,26
RUNNELS COUNTY,399,23 Years,116,56,60,55,22,33,2,1,1,0,0,0,1,0,1,58,33,25
RUNNELS COUNTY,399,24 Years,119,60,59,62,27,35,2,1,1,2,1,1,1,1,0,52,30,22
RUNNELS COUNTY,399,25 Years,125,72,53,67,35,32,3,2,1,1,1,0,2,2,0,52,32,20
RUNNELS COUNTY,399,26 Years,125,61,64,67,28,39,1,1,0,0,0,0,3,1,2,54,31,23
RUNNELS COUNTY,399,27 Years,126,66,60,63,32,31,2,1,1,1,1,0,2,1,1,58,31,27
RUNNELS COUNTY,399,28 Years,127,70,57,61,32,29,3,1,2,1,1,0,2,1,1,60,35,25
RUNNELS COUNTY,399,29 Years,130,69,61,73,32,41,3,3,0,0,0,0,2,2,0,52,32,20
RUNNELS COUNTY,399,30 Years,110,57,53,70,33,37,1,1,0,0,0,0,1,0,1,38,23,15
RUNNELS COUNTY,399,31 Years,115,58,57,70,35,35,4,1,3,0,0,0,1,0,1,40,22,18
RUNNELS COUNTY,399,32 Years,133,69,64,79,41,38,5,1,4,0,0,0,2,1,1,47,26,21
RUNNELS COUNTY,399,33 Years,129,70,59,78,43,35,1,1,0,0,0,0,2,1,1,48,25,23
RUNNELS COUNTY,399,34 Years,131,71,60,69,37,32,1,1,0,0,0,0,2,1,1,59,32,27
RUNNELS COUNTY,399,35 Years,108,44,64,62,21,41,1,1,0,0,0,0,2,1,1,43,21,22
RUNNELS COUNTY,399,36 Years,107,52,55,62,31,31,1,0,1,1,0,1,1,1,0,42,20,22
RUNNELS COUNTY,399,37 Years,110,56,54,70,38,32,2,1,1,0,0,0,1,1,0,37,16,21
RUNNELS COUNTY,399,38 Years,108,63,45,71,41,30,3,3,0,0,0,0,2,1,1,32,18,14
RUNNELS COUNTY,399,39 Years,107,66,41,63,37,26,1,1,0,0,0,0,1,1,0,42,27,15
RUNNELS COUNTY,399,40 Years,88,40,48,48,22,26,1,0,1,0,0,0,2,2,0,37,16,21
RUNNELS COUNTY,399,41 Years,87,42,45,49,22,27,1,0,1,0,0,0,1,1,0,36,19,17
RUNNELS COUNTY,399,42 Years,99,48,51,56,24,32,1,0,1,0,0,0,0,0,0,42,24,18
RUNNELS COUNTY,399,43 Years,105,46,59,62,29,33,0,0,0,2,1,1,1,0,1,40,16,24
RUNNELS COUNTY,399,44 Years,99,51,48,59,31,28,1,1,0,1,1,0,0,0,0,38,18,20
RUNNELS COUNTY,399,45 Years,112,54,58,73,34,39,1,1,0,0,0,0,0,0,0,38,19,19
RUNNELS COUNTY,399,46 Years,115,50,65,70,28,42,2,1,1,0,0,0,0,0,0,43,21,22
RUNNELS COUNTY,399,47 Years,129,57,72,85,37,48,2,0,2,0,0,0,1,0,1,41,20,21
RUNNELS COUNTY,399,48 Years,127,56,71,74,39,35,1,0,1,1,1,0,0,0,0,51,16,35
RUNNELS COUNTY,399,49 Years,106,49,57,68,35,33,1,1,0,0,0,0,0,0,0,37,13,24
RUNNELS COUNTY,399,50 Years,114,53,61,70,32,38,1,1,0,1,1,0,0,0,0,42,19,23
RUNNELS COUNTY,399,51 Years,122,60,62,79,35,44,1,0,1,0,0,0,1,1,0,41,24,17
RUNNELS COUNTY,399,52 Years,135,68,67,85,42,43,1,1,0,1,0,1,1,1,0,47,24,23
RUNNELS COUNTY,399,53 Years,131,68,63,89,44,45,3,3,0,0,0,0,0,0,0,39,21,18
RUNNELS COUNTY,399,54 Years,144,70,74,101,48,53,3,3,0,1,0,1,0,0,0,39,19,20
RUNNELS COUNTY,399,55 Years,153,75,78,103,48,55,4,2,2,0,0,0,0,0,0,46,25,21
RUNNELS COUNTY,399,56 Years,128,71,57,86,46,40,2,2,0,0,0,0,2,0,2,38,23,15
RUNNELS COUNTY,399,57 Years,137,70,67,90,44,46,3,1,2,0,0,0,1,1,0,43,24,19
RUNNELS COUNTY,399,58 Years,140,63,77,98,40,58,2,0,2,0,0,0,0,0,0,40,23,17
RUNNELS COUNTY,399,59 Years,123,59,64,83,39,44,2,0,2,0,0,0,1,0,1,37,20,17
RUNNELS COUNTY,399,60 Years,136,75,61,96,52,44,4,3,1,1,0,1,0,0,0,35,20,15
RUNNELS COUNTY,399,61 Years,150,72,78,105,49,56,3,2,1,0,0,0,4,1,3,38,20,18
RUNNELS COUNTY,399,62 Years,141,71,70,100,50,50,2,1,1,2,1,1,1,0,1,36,19,17
RUNNELS COUNTY,399,63 Years,128,67,61,91,43,48,5,4,1,0,0,0,0,0,0,32,20,12
RUNNELS COUNTY,399,64 Years,118,59,59,88,44,44,2,1,1,1,1,0,1,0,1,26,13,13
RUNNELS COUNTY,399,65 Years,146,81,65,110,60,50,2,1,1,0,0,0,2,2,0,32,18,14
RUNNELS COUNTY,399,66 Years,126,69,57,98,54,44,4,2,2,0,0,0,2,1,1,22,12,10
RUNNELS COUNTY,399,67 Years,125,61,64,87,43,44,2,0,2,0,0,0,2,1,1,34,17,17
RUNNELS COUNTY,399,68 Years,114,55,59,79,37,42,1,0,1,0,0,0,1,0,1,33,18,15
RUNNELS COUNTY,399,69 Years,117,45,72,87,31,56,1,0,1,0,0,0,1,0,1,28,14,14
RUNNELS COUNTY,399,70 Years,134,66,68,107,50,57,2,1,1,0,0,0,0,0,0,25,15,10
RUNNELS COUNTY,399,71 Years,117,58,59,89,44,45,3,1,2,0,0,0,1,0,1,24,13,11
RUNNELS COUNTY,399,72 Years,124,61,63,94,47,47,2,0,2,0,0,0,0,0,0,28,14,14
RUNNELS COUNTY,399,73 Years,124,58,66,95,45,50,2,1,1,0,0,0,2,2,0,25,10,15
RUNNELS COUNTY,399,74 Years,117,54,63,89,40,49,1,1,0,0,0,0,2,2,0,25,11,14
RUNNELS COUNTY,399,75 Years,106,46,60,75,34,41,3,1,2,0,0,0,1,0,1,27,11,16
RUNNELS COUNTY,399,76 Years,103,48,55,80,37,43,2,1,1,0,0,0,0,0,0,21,10,11
RUNNELS COUNTY,399,77 Years,85,44,41,63,30,33,1,1,0,0,0,0,0,0,0,21,13,8
RUNNELS COUNTY,399,78 Years,90,44,46,70,34,36,0,0,0,0,0,0,1,0,1,19,10,9
RUNNELS COUNTY,399,79 Years,87,40,47,68,30,38,1,1,0,0,0,0,5,2,3,13,7,6
RUNNELS COUNTY,399,80 Years,63,25,38,49,22,27,0,0,0,1,0,1,1,0,1,12,3,9
RUNNELS COUNTY,399,81 Years,59,27,32,47,23,24,1,1,0,0,0,0,1,0,1,10,3,7
RUNNELS COUNTY,399,82 Years,55,28,27,42,20,22,0,0,0,1,1,0,2,2,0,10,5,5
RUNNELS COUNTY,399,83 Years,51,24,27,42,19,23,0,0,0,1,1,0,0,0,0,8,4,4
RUNNELS COUNTY,399,84 Years,58,26,32,50,23,27,2,0,2,0,0,0,1,1,0,5,2,3
RUNNELS COUNTY,399,85 Years,46,24,22,40,21,19,0,0,0,0,0,0,0,0,0,6,3,3
RUNNELS COUNTY,399,86 Years,50,19,31,41,14,27,1,0,1,0,0,0,0,0,0,8,5,3
RUNNELS COUNTY,399,87 Years,44,20,24,34,14,20,1,0,1,0,0,0,0,0,0,9,6,3
RUNNELS COUNTY,399,88 Years,37,20,17,28,14,14,1,0,1,0,0,0,0,0,0,8,6,2
RUNNELS COUNTY,399,89 Years,33,13,20,26,9,17,0,0,0,0,0,0,0,0,0,7,4,3
RUNNELS COUNTY,399,90 Years,28,11,17,23,9,14,0,0,0,0,0,0,0,0,0,5,2,3
RUNNELS COUNTY,399,91 Years,20,10,10,17,8,9,0,0,0,0,0,0,0,0,0,3,2,1
RUNNELS COUNTY,399,92 Years,20,10,10,17,8,9,0,0,0,0,0,0,1,0,1,2,2,0
RUNNELS COUNTY,399,93 Years,17,5,12,13,3,10,1,0,1,0,0,0,0,0,0,3,2,1
RUNNELS COUNTY,399,94 Years,13,5,8,10,4,6,0,0,0,0,0,0,0,0,0,3,1,2
RUNNELS COUNTY,399,95 Years +,31,11,20,23,7,16,1,1,0,0,0,0,1,0,1,6,3,3
RUSK COUNTY,401,All Ages,54185,28395,25790,34491,17529,16962,9115,5121,3994,217,108,109,1107,554,553,9255,5083,4172
RUSK COUNTY,401,< 1 Year,590,299,291,283,148,135,88,41,47,1,1,0,30,17,13,188,92,96
RUSK COUNTY,401,1 Years,598,312,286,297,154,143,88,45,43,1,1,0,27,16,11,185,96,89
RUSK COUNTY,401,2 Years,595,303,292,301,151,150,82,43,39,1,1,0,26,15,11,185,93,92
RUSK COUNTY,401,3 Years,603,307,296,314,160,154,86,43,43,0,0,0,24,15,9,179,89,90
RUSK COUNTY,401,4 Years,620,310,310,323,170,153,87,42,45,0,0,0,21,10,11,189,88,101
RUSK COUNTY,401,5 Years,647,330,317,336,177,159,90,46,44,1,1,0,26,12,14,194,94,100
RUSK COUNTY,401,6 Years,671,341,330,349,181,168,94,53,41,2,1,1,24,11,13,202,95,107
RUSK COUNTY,401,7 Years,648,316,332,344,163,181,86,52,34,1,0,1,27,16,11,190,85,105
RUSK COUNTY,401,8 Years,694,352,342,382,193,189,93,57,36,4,4,0,29,17,12,186,81,105
RUSK COUNTY,401,9 Years,716,350,366,407,204,203,92,48,44,3,1,2,31,11,20,183,86,97
RUSK COUNTY,401,10 Years,714,352,362,407,207,200,89,45,44,2,1,1,28,11,17,188,88,100
RUSK COUNTY,401,11 Years,701,349,352,400,199,201,94,52,42,2,2,0,29,13,16,176,83,93
RUSK COUNTY,401,12 Years,712,369,343,381,199,182,109,70,39,3,2,1,23,12,11,196,86,110
RUSK COUNTY,401,13 Years,643,332,311,343,174,169,99,63,36,3,3,0,19,10,9,179,82,97
RUSK COUNTY,401,14 Years,648,315,333,356,173,183,106,63,43,1,1,0,27,9,18,158,69,89
RUSK COUNTY,401,15 Years,659,327,332,381,191,190,101,52,49,3,2,1,23,10,13,151,72,79
RUSK COUNTY,401,16 Years,708,353,355,390,199,191,120,60,60,3,2,1,19,10,9,176,82,94
RUSK COUNTY,401,17 Years,696,346,350,376,186,190,120,66,54,4,2,2,21,11,10,175,81,94
RUSK COUNTY,401,18 Years,681,372,309,366,194,172,104,67,37,2,1,1,27,17,10,182,93,89
RUSK COUNTY,401,19 Years,612,339,273,309,169,140,106,64,42,2,1,1,23,14,9,172,91,81
RUSK COUNTY,401,20 Years,658,380,278,326,179,147,133,89,44,3,1,2,24,15,9,172,96,76
RUSK COUNTY,401,21 Years,655,386,269,352,195,157,129,90,39,3,1,2,21,11,10,150,89,61
RUSK COUNTY,401,22 Years,693,406,287,367,208,159,136,85,51,2,0,2,23,13,10,165,100,65
RUSK COUNTY,401,23 Years,758,451,307,407,227,180,152,99,53,2,1,1,24,20,4,173,104,69
RUSK COUNTY,401,24 Years,791,473,318,434,236,198,163,111,52,3,1,2,27,20,7,164,105,59
RUSK COUNTY,401,25 Years,780,453,327,451,248,203,167,110,57,5,2,3,14,7,7,143,86,57
RUSK COUNTY,401,26 Years,813,471,342,474,262,212,181,114,67,4,3,1,10,6,4,144,86,58
RUSK COUNTY,401,27 Years,787,436,351,470,238,232,159,101,58,6,3,3,6,4,2,146,90,56
RUSK COUNTY,401,28 Years,799,460,339,477,254,223,168,112,56,4,1,3,8,5,3,142,88,54
RUSK COUNTY,401,29 Years,783,471,312,474,270,204,154,105,49,2,1,1,13,7,6,140,88,52
RUSK COUNTY,401,30 Years,744,419,325,433,236,197,136,90,46,5,2,3,13,4,9,157,87,70
RUSK COUNTY,401,31 Years,740,427,313,436,229,207,132,93,39,4,3,1,9,3,6,159,99,60
RUSK COUNTY,401,32 Years,744,426,318,446,242,204,121,78,43,2,1,1,13,4,9,162,101,61
RUSK COUNTY,401,33 Years,709,408,301,425,228,197,129,85,44,3,1,2,10,6,4,142,88,54
RUSK COUNTY,401,34 Years,708,384,324,426,219,207,147,82,65,3,1,2,10,6,4,122,76,46
RUSK COUNTY,401,35 Years,736,392,344,448,219,229,135,84,51,4,2,2,11,5,6,138,82,56
RUSK COUNTY,401,36 Years,752,398,354,466,226,240,131,86,45,3,2,1,7,1,6,145,83,62
RUSK COUNTY,401,37 Years,741,403,338,442,231,211,133,79,54,3,1,2,14,6,8,149,86,63
RUSK COUNTY,401,38 Years,696,375,321,440,225,215,114,71,43,4,1,3,10,4,6,128,74,54
RUSK COUNTY,401,39 Years,667,370,297,411,222,189,119,72,47,3,1,2,9,1,8,125,74,51
RUSK COUNTY,401,40 Years,673,392,281,422,236,186,116,72,44,4,2,2,11,3,8,120,79,41
RUSK COUNTY,401,41 Years,673,369,304,410,217,193,122,66,56,2,1,1,9,2,7,130,83,47
RUSK COUNTY,401,42 Years,686,376,310,418,217,201,122,70,52,3,2,1,7,3,4,136,84,52
RUSK COUNTY,401,43 Years,670,386,284,398,228,170,118,69,49,3,1,2,12,6,6,139,82,57
RUSK COUNTY,401,44 Years,625,358,267,381,220,161,111,66,45,3,1,2,9,3,6,121,68,53
RUSK COUNTY,401,45 Years,641,368,273,391,232,159,113,62,51,5,2,3,10,5,5,122,67,55
RUSK COUNTY,401,46 Years,718,402,316,458,255,203,130,70,60,6,4,2,10,5,5,114,68,46
RUSK COUNTY,401,47 Years,743,412,331,483,255,228,122,76,46,4,2,2,9,3,6,125,76,49
RUSK COUNTY,401,48 Years,669,375,294,434,228,206,115,75,40,6,4,2,12,6,6,102,62,40
RUSK COUNTY,401,49 Years,661,366,295,426,228,198,122,66,56,2,1,1,11,4,7,100,67,33
RUSK COUNTY,401,50 Years,661,359,302,415,211,204,125,72,53,2,2,0,6,2,4,113,72,41
RUSK COUNTY,401,51 Years,646,344,302,412,213,199,129,68,61,2,1,1,7,3,4,96,59,37
RUSK COUNTY,401,52 Years,683,371,312,453,245,208,140,69,71,2,2,0,11,5,6,77,50,27
RUSK COUNTY,401,53 Years,730,396,334,501,261,240,138,75,63,2,1,1,9,5,4,80,54,26
RUSK COUNTY,401,54 Years,718,384,334,488,253,235,141,72,69,5,2,3,5,4,1,79,53,26
RUSK COUNTY,401,55 Years,704,338,366,492,225,267,132,69,63,5,2,3,2,1,1,73,41,32
RUSK COUNTY,401,56 Years,725,348,377,535,254,281,111,47,64,4,2,2,8,4,4,67,41,26
RUSK COUNTY,401,57 Years,786,385,401,550,264,286,137,70,67,6,3,3,7,1,6,86,47,39
RUSK COUNTY,401,58 Years,719,376,343,505,259,246,128,71,57,4,2,2,8,2,6,74,42,32
RUSK COUNTY,401,59 Years,728,388,340,532,281,251,124,72,52,5,2,3,9,5,4,58,28,30
RUSK COUNTY,401,60 Years,724,367,357,518,261,257,129,64,65,4,2,2,6,3,3,67,37,30
RUSK COUNTY,401,61 Years,700,336,364,516,250,266,119,56,63,1,0,1,10,3,7,54,27,27
RUSK COUNTY,401,62 Years,693,357,336,512,262,250,122,63,59,3,0,3,8,4,4,48,28,20
RUSK COUNTY,401,63 Years,666,334,332,498,245,253,112,52,60,3,2,1,7,4,3,46,31,15
RUSK COUNTY,401,64 Years,695,339,356,532,255,277,104,52,52,2,1,1,9,3,6,48,28,20
RUSK COUNTY,401,65 Years,619,292,327,480,232,248,96,40,56,3,1,2,6,1,5,34,18,16
RUSK COUNTY,401,66 Years,558,275,283,438,216,222,81,39,42,1,1,0,8,4,4,30,15,15
RUSK COUNTY,401,67 Years,555,280,275,419,207,212,97,48,49,2,1,1,7,4,3,30,20,10
RUSK COUNTY,401,68 Years,554,277,277,431,217,214,91,41,50,1,1,0,7,5,2,24,13,11
RUSK COUNTY,401,69 Years,569,284,285,451,230,221,78,34,44,1,0,1,8,6,2,31,14,17
RUSK COUNTY,401,70 Years,571,269,302,456,216,240,80,36,44,1,0,1,8,3,5,26,14,12
RUSK COUNTY,401,71 Years,471,216,255,371,170,201,74,30,44,2,1,1,5,4,1,19,11,8
RUSK COUNTY,401,72 Years,460,219,241,379,185,194,54,22,32,1,0,1,5,2,3,21,10,11
RUSK COUNTY,401,73 Years,420,200,220,338,160,178,56,26,30,0,0,0,5,1,4,21,13,8
RUSK COUNTY,401,74 Years,403,193,210,322,150,172,58,29,29,1,0,1,6,4,2,16,10,6
RUSK COUNTY,401,75 Years,362,159,203,297,131,166,48,21,27,1,0,1,7,4,3,9,3,6
RUSK COUNTY,401,76 Years,340,150,190,293,127,166,38,19,19,0,0,0,3,2,1,6,2,4
RUSK COUNTY,401,77 Years,334,160,174,278,128,150,38,22,16,1,0,1,3,3,0,14,7,7
RUSK COUNTY,401,78 Years,283,131,152,237,107,130,32,17,15,0,0,0,3,2,1,11,5,6
RUSK COUNTY,401,79 Years,275,129,146,228,105,123,32,15,17,0,0,0,7,4,3,8,5,3
RUSK COUNTY,401,80 Years,240,97,143,191,79,112,34,13,21,0,0,0,5,2,3,10,3,7
RUSK COUNTY,401,81 Years,235,107,128,192,83,109,28,14,14,1,1,0,2,2,0,12,7,5
RUSK COUNTY,401,82 Years,227,101,126,185,82,103,31,13,18,0,0,0,2,2,0,9,4,5
RUSK COUNTY,401,83 Years,189,82,107,157,70,87,22,8,14,1,0,1,3,1,2,6,3,3
RUSK COUNTY,401,84 Years,179,78,101,140,61,79,28,11,17,1,1,0,2,0,2,8,5,3
RUSK COUNTY,401,85 Years,160,68,92,128,56,72,27,9,18,0,0,0,1,1,0,4,2,2
RUSK COUNTY,401,86 Years,158,55,103,122,46,76,29,7,22,1,0,1,3,1,2,3,1,2
RUSK COUNTY,401,87 Years,143,54,89,120,47,73,17,4,13,1,0,1,2,1,1,3,2,1
RUSK COUNTY,401,88 Years,118,47,71,102,40,62,11,5,6,1,0,1,1,0,1,3,2,1
RUSK COUNTY,401,89 Years,101,40,61,85,33,52,10,4,6,0,0,0,1,0,1,5,3,2
RUSK COUNTY,401,90 Years,89,38,51,72,30,42,14,6,8,0,0,0,0,0,0,3,2,1
RUSK COUNTY,401,91 Years,74,29,45,63,24,39,9,4,5,0,0,0,0,0,0,2,1,1
RUSK COUNTY,401,92 Years,67,22,45,50,16,34,11,2,9,1,1,0,1,1,0,4,2,2
RUSK COUNTY,401,93 Years,53,17,36,42,13,29,6,1,5,0,0,0,2,0,2,3,3,0
RUSK COUNTY,401,94 Years,36,12,24,28,9,19,5,2,3,0,0,0,1,0,1,2,1,1
RUSK COUNTY,401,95 Years +,95,25,70,66,18,48,25,7,18,0,0,0,1,0,1,3,0,3
SABINE COUNTY,403,All Ages,10835,5320,5515,9120,4457,4663,838,440,398,40,13,27,342,158,184,495,252,243
SABINE COUNTY,403,< 1 Year,118,54,64,63,32,31,8,5,3,2,0,2,31,8,23,14,9,5
SABINE COUNTY,403,1 Years,119,60,59,66,35,31,8,5,3,1,0,1,28,10,18,16,10,6
SABINE COUNTY,403,2 Years,111,60,51,65,37,28,8,5,3,1,0,1,16,5,11,21,13,8
SABINE COUNTY,403,3 Years,108,61,47,62,35,27,7,4,3,0,0,0,17,11,6,22,11,11
SABINE COUNTY,403,4 Years,97,53,44,53,30,23,6,3,3,2,2,0,18,10,8,18,8,10
SABINE COUNTY,403,5 Years,97,51,46,54,32,22,7,4,3,0,0,0,18,9,9,18,6,12
SABINE COUNTY,403,6 Years,95,49,46,59,33,26,9,5,4,0,0,0,10,4,6,17,7,10
SABINE COUNTY,403,7 Years,100,41,59,70,27,43,8,3,5,0,0,0,7,5,2,15,6,9
SABINE COUNTY,403,8 Years,104,50,54,79,36,43,8,4,4,0,0,0,7,4,3,10,6,4
SABINE COUNTY,403,9 Years,114,55,59,87,42,45,9,4,5,1,0,1,7,4,3,10,5,5
SABINE COUNTY,403,10 Years,124,64,60,99,54,45,11,5,6,1,0,1,4,2,2,9,3,6
SABINE COUNTY,403,11 Years,136,68,68,102,47,55,17,12,5,1,0,1,4,2,2,12,7,5
SABINE COUNTY,403,12 Years,123,65,58,94,49,45,12,7,5,1,0,1,5,3,2,11,6,5
SABINE COUNTY,403,13 Years,102,51,51,84,42,42,6,3,3,0,0,0,4,2,2,8,4,4
SABINE COUNTY,403,14 Years,105,53,52,85,42,43,7,5,2,0,0,0,5,3,2,8,3,5
SABINE COUNTY,403,15 Years,110,56,54,91,49,42,8,3,5,1,0,1,3,1,2,7,3,4
SABINE COUNTY,403,16 Years,116,59,57,93,51,42,11,4,7,0,0,0,3,0,3,9,4,5
SABINE COUNTY,403,17 Years,119,67,52,95,55,40,11,5,6,0,0,0,5,2,3,8,5,3
SABINE COUNTY,403,18 Years,109,53,56,87,42,45,9,4,5,0,0,0,8,4,4,5,3,2
SABINE COUNTY,403,19 Years,89,43,46,70,32,38,9,4,5,0,0,0,6,4,2,4,3,1
SABINE COUNTY,403,20 Years,84,38,46,65,29,36,10,6,4,0,0,0,2,1,1,7,2,5
SABINE COUNTY,403,21 Years,89,45,44,73,37,36,7,2,5,1,1,0,6,4,2,2,1,1
SABINE COUNTY,403,22 Years,93,44,49,76,37,39,8,4,4,0,0,0,6,2,4,3,1,2
SABINE COUNTY,403,23 Years,107,55,52,87,44,43,11,7,4,0,0,0,3,2,1,6,2,4
SABINE COUNTY,403,24 Years,109,59,50,88,45,43,16,11,5,0,0,0,3,2,1,2,1,1
SABINE COUNTY,403,25 Years,109,62,47,89,48,41,14,9,5,1,1,0,1,1,0,4,3,1
SABINE COUNTY,403,26 Years,96,48,48,79,41,38,9,3,6,0,0,0,3,2,1,5,2,3
SABINE COUNTY,403,27 Years,98,44,54,82,38,44,9,3,6,0,0,0,2,2,0,5,1,4
SABINE COUNTY,403,28 Years,102,48,54,86,43,43,11,4,7,0,0,0,0,0,0,5,1,4
SABINE COUNTY,403,29 Years,97,47,50,82,40,42,10,6,4,0,0,0,1,0,1,4,1,3
SABINE COUNTY,403,30 Years,100,46,54,82,37,45,8,5,3,0,0,0,2,1,1,8,3,5
SABINE COUNTY,403,31 Years,99,55,44,85,46,39,7,5,2,0,0,0,2,1,1,5,3,2
SABINE COUNTY,403,32 Years,85,44,41,72,32,40,8,7,1,0,0,0,1,1,0,4,4,0
SABINE COUNTY,403,33 Years,82,43,39,74,37,37,4,3,1,0,0,0,1,1,0,3,2,1
SABINE COUNTY,403,34 Years,87,45,42,73,38,35,8,3,5,1,1,0,0,0,0,5,3,2
SABINE COUNTY,403,35 Years,88,44,44,72,32,40,5,3,2,0,0,0,1,1,0,10,8,2
SABINE COUNTY,403,36 Years,88,35,53,70,24,46,11,7,4,0,0,0,0,0,0,7,4,3
SABINE COUNTY,403,37 Years,97,36,61,81,30,51,10,4,6,0,0,0,1,0,1,5,2,3
SABINE COUNTY,403,38 Years,95,40,55,83,35,48,6,3,3,0,0,0,2,0,2,4,2,2
SABINE COUNTY,403,39 Years,96,50,46,82,42,40,8,5,3,1,0,1,2,1,1,3,2,1
SABINE COUNTY,403,40 Years,92,48,44,79,38,41,8,6,2,0,0,0,1,0,1,4,4,0
SABINE COUNTY,403,41 Years,84,44,40,74,39,35,5,3,2,1,0,1,0,0,0,4,2,2
SABINE COUNTY,403,42 Years,82,44,38,71,38,33,4,2,2,1,1,0,1,1,0,5,2,3
SABINE COUNTY,403,43 Years,92,46,46,79,36,43,8,6,2,0,0,0,2,1,1,3,3,0
SABINE COUNTY,403,44 Years,94,47,47,76,38,38,12,6,6,0,0,0,1,1,0,5,2,3
SABINE COUNTY,403,45 Years,103,48,55,88,40,48,11,6,5,1,0,1,0,0,0,3,2,1
SABINE COUNTY,403,46 Years,99,50,49,89,44,45,7,4,3,0,0,0,1,1,0,2,1,1
SABINE COUNTY,403,47 Years,122,59,63,104,52,52,8,2,6,1,1,0,3,2,1,6,2,4
SABINE COUNTY,403,48 Years,124,53,71,108,46,62,8,3,5,2,1,1,1,1,0,5,2,3
SABINE COUNTY,403,49 Years,128,57,71,107,49,58,14,4,10,2,1,1,0,0,0,5,3,2
SABINE COUNTY,403,50 Years,117,48,69,90,34,56,21,10,11,1,0,1,2,1,1,3,3,0
SABINE COUNTY,403,51 Years,115,64,51,96,51,45,12,6,6,0,0,0,2,2,0,5,5,0
SABINE COUNTY,403,52 Years,148,74,74,123,62,61,16,7,9,0,0,0,4,2,2,5,3,2
SABINE COUNTY,403,53 Years,145,79,66,127,72,55,10,4,6,2,0,2,2,1,1,4,2,2
SABINE COUNTY,403,54 Years,138,63,75,121,53,68,10,6,4,0,0,0,3,1,2,4,3,1
SABINE COUNTY,403,55 Years,176,88,88,161,81,80,10,5,5,0,0,0,2,0,2,3,2,1
SABINE COUNTY,403,56 Years,182,97,85,165,88,77,12,7,5,0,0,0,2,0,2,3,2,1
SABINE COUNTY,403,57 Years,176,96,80,159,85,74,11,8,3,1,0,1,2,1,1,3,2,1
SABINE COUNTY,403,58 Years,179,91,88,161,82,79,12,7,5,1,0,1,3,1,2,2,1,1
SABINE COUNTY,403,59 Years,181,85,96,157,74,83,18,10,8,0,0,0,3,1,2,3,0,3
SABINE COUNTY,403,60 Years,191,101,90,171,88,83,17,12,5,0,0,0,2,1,1,1,0,1
SABINE COUNTY,403,61 Years,215,114,101,193,100,93,15,10,5,0,0,0,3,2,1,4,2,2
SABINE COUNTY,403,62 Years,177,89,88,160,79,81,12,8,4,1,0,1,2,1,1,2,1,1
SABINE COUNTY,403,63 Years,178,87,91,167,82,85,9,4,5,0,0,0,2,1,1,0,0,0
SABINE COUNTY,403,64 Years,177,82,95,167,77,90,9,5,4,0,0,0,1,0,1,0,0,0
SABINE COUNTY,403,65 Years,174,82,92,161,75,86,10,6,4,0,0,0,0,0,0,3,1,2
SABINE COUNTY,403,66 Years,175,87,88,157,78,79,9,6,3,0,0,0,1,0,1,8,3,5
SABINE COUNTY,403,67 Years,184,87,97,164,75,89,9,7,2,0,0,0,5,2,3,6,3,3
SABINE COUNTY,403,68 Years,176,88,88,155,79,76,11,6,5,0,0,0,4,1,3,6,2,4
SABINE COUNTY,403,69 Years,189,82,107,170,74,96,9,4,5,1,0,1,4,1,3,5,3,2
SABINE COUNTY,403,70 Years,202,98,104,188,90,98,9,6,3,0,0,0,3,1,2,2,1,1
SABINE COUNTY,403,71 Years,188,92,96,169,79,90,13,8,5,0,0,0,5,4,1,1,1,0
SABINE COUNTY,403,72 Years,172,79,93,156,74,82,9,3,6,1,0,1,3,1,2,3,1,2
SABINE COUNTY,403,73 Years,186,88,98,176,85,91,4,1,3,1,0,1,4,1,3,1,1,0
SABINE COUNTY,403,74 Years,168,86,82,154,78,76,9,6,3,1,0,1,2,0,2,2,2,0
SABINE COUNTY,403,75 Years,143,79,64,130,73,57,7,3,4,0,0,0,2,0,2,4,3,1
SABINE COUNTY,403,76 Years,139,75,64,127,69,58,6,3,3,0,0,0,3,1,2,3,2,1
SABINE COUNTY,403,77 Years,130,70,60,116,63,53,6,3,3,1,0,1,3,1,2,4,3,1
SABINE COUNTY,403,78 Years,106,53,53,96,48,48,6,3,3,0,0,0,2,1,1,2,1,1
SABINE COUNTY,403,79 Years,101,50,51,90,43,47,7,4,3,0,0,0,3,2,1,1,1,0
SABINE COUNTY,403,80 Years,91,42,49,81,36,45,8,4,4,1,1,0,0,0,0,1,1,0
SABINE COUNTY,403,81 Years,94,39,55,83,36,47,7,2,5,0,0,0,0,0,0,4,1,3
SABINE COUNTY,403,82 Years,85,38,47,74,32,42,5,3,2,2,1,1,1,1,0,3,1,2
SABINE COUNTY,403,83 Years,71,33,38,65,30,35,3,1,2,0,0,0,2,2,0,1,0,1
SABINE COUNTY,403,84 Years,64,30,34,59,28,31,4,2,2,0,0,0,1,0,1,0,0,0
SABINE COUNTY,403,85 Years,48,24,24,44,23,21,3,1,2,0,0,0,1,0,1,0,0,0
SABINE COUNTY,403,86 Years,48,19,29,42,18,24,4,1,3,0,0,0,0,0,0,2,0,2
SABINE COUNTY,403,87 Years,53,20,33,45,16,29,5,3,2,1,1,0,0,0,0,2,0,2
SABINE COUNTY,403,88 Years,52,19,33,43,15,28,4,1,3,1,1,0,1,1,0,3,1,2
SABINE COUNTY,403,89 Years,39,13,26,31,11,20,6,2,4,1,0,1,0,0,0,1,0,1
SABINE COUNTY,403,90 Years,34,13,21,27,11,16,5,1,4,0,0,0,1,0,1,1,1,0
SABINE COUNTY,403,91 Years,29,11,18,23,10,13,4,0,4,0,0,0,1,1,0,1,0,1
SABINE COUNTY,403,92 Years,25,8,17,20,7,13,4,1,3,0,0,0,0,0,0,1,0,1
SABINE COUNTY,403,93 Years,17,5,12,13,5,8,4,0,4,0,0,0,0,0,0,0,0,0
SABINE COUNTY,403,94 Years,10,3,7,6,2,4,3,1,2,0,0,0,0,0,0,1,0,1
SABINE COUNTY,403,95 Years +,30,12,18,23,9,14,7,3,4,0,0,0,0,0,0,0,0,0
SAN AUGUSTINE COUNTY,405,All Ages,8365,4033,4332,5674,2732,2942,1941,907,1034,24,10,14,111,55,56,615,329,286
SAN AUGUSTINE COUNTY,405,< 1 Year,91,47,44,56,30,26,20,10,10,0,0,0,4,1,3,11,6,5
SAN AUGUSTINE COUNTY,405,1 Years,87,44,43,56,29,27,19,8,11,0,0,0,2,1,1,10,6,4
SAN AUGUSTINE COUNTY,405,2 Years,89,43,46,57,27,30,20,9,11,0,0,0,2,1,1,10,6,4
SAN AUGUSTINE COUNTY,405,3 Years,92,41,51,57,24,33,21,10,11,0,0,0,0,0,0,14,7,7
SAN AUGUSTINE COUNTY,405,4 Years,109,49,60,62,23,39,27,13,14,0,0,0,0,0,0,20,13,7
SAN AUGUSTINE COUNTY,405,5 Years,118,58,60,62,24,38,29,15,14,0,0,0,0,0,0,27,19,8
SAN AUGUSTINE COUNTY,405,6 Years,115,53,62,58,22,36,30,12,18,0,0,0,0,0,0,27,19,8
SAN AUGUSTINE COUNTY,405,7 Years,71,34,37,38,21,17,21,10,11,0,0,0,1,0,1,11,3,8
SAN AUGUSTINE COUNTY,405,8 Years,84,40,44,44,23,21,26,11,15,0,0,0,2,2,0,12,4,8
SAN AUGUSTINE COUNTY,405,9 Years,85,39,46,46,19,27,25,13,12,0,0,0,1,1,0,13,6,7
SAN AUGUSTINE COUNTY,405,10 Years,88,45,43,48,24,24,23,13,10,0,0,0,3,2,1,14,6,8
SAN AUGUSTINE COUNTY,405,11 Years,84,40,44,44,22,22,20,8,12,1,0,1,2,1,1,17,9,8
SAN AUGUSTINE COUNTY,405,12 Years,82,43,39,44,23,21,22,11,11,0,0,0,3,3,0,13,6,7
SAN AUGUSTINE COUNTY,405,13 Years,78,42,36,42,25,17,21,10,11,1,1,0,3,2,1,11,4,7
SAN AUGUSTINE COUNTY,405,14 Years,82,39,43,48,26,22,20,7,13,0,0,0,3,2,1,11,4,7
SAN AUGUSTINE COUNTY,405,15 Years,80,40,40,47,28,19,23,8,15,0,0,0,2,0,2,8,4,4
SAN AUGUSTINE COUNTY,405,16 Years,82,42,40,46,27,19,21,9,12,1,0,1,1,0,1,13,6,7
SAN AUGUSTINE COUNTY,405,17 Years,77,42,35,45,25,20,18,12,6,0,0,0,2,0,2,12,5,7
SAN AUGUSTINE COUNTY,405,18 Years,87,43,44,56,28,28,18,10,8,0,0,0,2,1,1,11,4,7
SAN AUGUSTINE COUNTY,405,19 Years,77,37,40,45,23,22,21,10,11,1,0,1,1,0,1,9,4,5
SAN AUGUSTINE COUNTY,405,20 Years,68,32,36,38,18,20,21,11,10,0,0,0,2,0,2,7,3,4
SAN AUGUSTINE COUNTY,405,21 Years,70,34,36,37,19,18,21,9,12,0,0,0,1,1,0,11,5,6
SAN AUGUSTINE COUNTY,405,22 Years,83,43,40,50,25,25,21,11,10,2,1,1,1,1,0,9,5,4
SAN AUGUSTINE COUNTY,405,23 Years,80,36,44,51,22,29,20,10,10,0,0,0,2,1,1,7,3,4
SAN AUGUSTINE COUNTY,405,24 Years,93,40,53,57,26,31,22,10,12,2,1,1,5,1,4,7,2,5
SAN AUGUSTINE COUNTY,405,25 Years,91,42,49,55,28,27,22,11,11,1,0,1,4,1,3,9,2,7
SAN AUGUSTINE COUNTY,405,26 Years,96,51,45,64,34,30,25,14,11,0,0,0,1,0,1,6,3,3
SAN AUGUSTINE COUNTY,405,27 Years,92,50,42,54,29,25,31,16,15,1,1,0,0,0,0,6,4,2
SAN AUGUSTINE COUNTY,405,28 Years,87,47,40,56,28,28,24,14,10,1,1,0,1,0,1,5,4,1
SAN AUGUSTINE COUNTY,405,29 Years,99,47,52,66,28,38,28,15,13,0,0,0,1,0,1,4,4,0
SAN AUGUSTINE COUNTY,405,30 Years,86,43,43,50,25,25,28,13,15,0,0,0,1,1,0,7,4,3
SAN AUGUSTINE COUNTY,405,31 Years,95,47,48,58,25,33,23,12,11,0,0,0,3,2,1,11,8,3
SAN AUGUSTINE COUNTY,405,32 Years,86,44,42,49,24,25,23,13,10,0,0,0,1,0,1,13,7,6
SAN AUGUSTINE COUNTY,405,33 Years,69,37,32,39,20,19,19,10,9,0,0,0,0,0,0,11,7,4
SAN AUGUSTINE COUNTY,405,34 Years,73,34,39,44,19,25,16,8,8,0,0,0,2,1,1,11,6,5
SAN AUGUSTINE COUNTY,405,35 Years,71,28,43,39,16,23,25,9,16,1,0,1,1,0,1,5,3,2
SAN AUGUSTINE COUNTY,405,36 Years,62,25,37,37,15,22,18,8,10,1,0,1,0,0,0,6,2,4
SAN AUGUSTINE COUNTY,405,37 Years,76,33,43,44,18,26,20,10,10,0,0,0,0,0,0,12,5,7
SAN AUGUSTINE COUNTY,405,38 Years,79,36,43,50,23,27,20,7,13,0,0,0,0,0,0,9,6,3
SAN AUGUSTINE COUNTY,405,39 Years,85,38,47,53,22,31,18,8,10,0,0,0,1,1,0,13,7,6
SAN AUGUSTINE COUNTY,405,40 Years,69,36,33,36,17,19,22,12,10,0,0,0,2,2,0,9,5,4
SAN AUGUSTINE COUNTY,405,41 Years,75,38,37,47,26,21,22,9,13,0,0,0,1,1,0,5,2,3
SAN AUGUSTINE COUNTY,405,42 Years,70,38,32,46,22,24,15,10,5,1,1,0,0,0,0,8,5,3
SAN AUGUSTINE COUNTY,405,43 Years,74,38,36,56,28,28,11,6,5,0,0,0,0,0,0,7,4,3
SAN AUGUSTINE COUNTY,405,44 Years,89,42,47,69,29,40,13,8,5,2,1,1,0,0,0,5,4,1
SAN AUGUSTINE COUNTY,405,45 Years,94,50,44,70,37,33,18,8,10,1,1,0,2,1,1,3,3,0
SAN AUGUSTINE COUNTY,405,46 Years,101,44,57,74,34,40,20,7,13,0,0,0,1,0,1,6,3,3
SAN AUGUSTINE COUNTY,405,47 Years,95,37,58,67,27,40,23,8,15,0,0,0,0,0,0,5,2,3
SAN AUGUSTINE COUNTY,405,48 Years,86,38,48,56,23,33,26,12,14,1,1,0,0,0,0,3,2,1
SAN AUGUSTINE COUNTY,405,49 Years,91,47,44,56,25,31,26,15,11,1,1,0,1,1,0,7,5,2
SAN AUGUSTINE COUNTY,405,50 Years,103,53,50,67,36,31,27,11,16,1,0,1,3,3,0,5,3,2
SAN AUGUSTINE COUNTY,405,51 Years,109,62,47,67,39,28,33,17,16,1,0,1,1,1,0,7,5,2
SAN AUGUSTINE COUNTY,405,52 Years,117,52,65,79,33,46,29,14,15,0,0,0,3,2,1,6,3,3
SAN AUGUSTINE COUNTY,405,53 Years,112,54,58,77,40,37,26,9,17,0,0,0,1,1,0,8,4,4
SAN AUGUSTINE COUNTY,405,54 Years,134,66,68,92,48,44,34,14,20,0,0,0,3,1,2,5,3,2
SAN AUGUSTINE COUNTY,405,55 Years,120,53,67,80,36,44,32,13,19,1,0,1,2,2,0,5,2,3
SAN AUGUSTINE COUNTY,405,56 Years,136,66,70,102,48,54,26,14,12,0,0,0,1,0,1,7,4,3
SAN AUGUSTINE COUNTY,405,57 Years,128,69,59,96,52,44,27,13,14,0,0,0,1,1,0,4,3,1
SAN AUGUSTINE COUNTY,405,58 Years,140,76,64,100,54,46,33,19,14,0,0,0,2,1,1,5,2,3
SAN AUGUSTINE COUNTY,405,59 Years,147,84,63,103,63,40,36,18,18,1,0,1,2,1,1,5,2,3
SAN AUGUSTINE COUNTY,405,60 Years,139,58,81,107,44,63,29,14,15,0,0,0,1,0,1,2,0,2
SAN AUGUSTINE COUNTY,405,61 Years,119,58,61,86,42,44,31,15,16,0,0,0,0,0,0,2,1,1
SAN AUGUSTINE COUNTY,405,62 Years,113,58,55,85,45,40,23,8,15,0,0,0,0,0,0,5,5,0
SAN AUGUSTINE COUNTY,405,63 Years,116,59,57,87,45,42,20,10,10,1,0,1,0,0,0,8,4,4
SAN AUGUSTINE COUNTY,405,64 Years,131,65,66,97,49,48,29,14,15,0,0,0,1,1,0,4,1,3
SAN AUGUSTINE COUNTY,405,65 Years,136,64,72,101,47,54,31,15,16,0,0,0,2,1,1,2,1,1
SAN AUGUSTINE COUNTY,405,66 Years,128,66,62,100,50,50,23,14,9,0,0,0,2,0,2,3,2,1
SAN AUGUSTINE COUNTY,405,67 Years,129,73,56,101,56,45,22,14,8,0,0,0,1,0,1,5,3,2
SAN AUGUSTINE COUNTY,405,68 Years,120,53,67,96,44,52,23,9,14,0,0,0,0,0,0,1,0,1
SAN AUGUSTINE COUNTY,405,69 Years,122,63,59,95,51,44,26,11,15,0,0,0,0,0,0,1,1,0
SAN AUGUSTINE COUNTY,405,70 Years,147,66,81,118,52,66,26,12,14,0,0,0,1,1,0,2,1,1
SAN AUGUSTINE COUNTY,405,71 Years,114,55,59,93,46,47,19,8,11,0,0,0,1,0,1,1,1,0
SAN AUGUSTINE COUNTY,405,72 Years,109,57,52,90,48,42,16,7,9,0,0,0,1,0,1,2,2,0
SAN AUGUSTINE COUNTY,405,73 Years,108,46,62,90,40,50,16,5,11,0,0,0,1,0,1,1,1,0
SAN AUGUSTINE COUNTY,405,74 Years,115,56,59,98,46,52,15,8,7,0,0,0,0,0,0,2,2,0
SAN AUGUSTINE COUNTY,405,75 Years,93,48,45,77,42,35,16,6,10,0,0,0,0,0,0,0,0,0
SAN AUGUSTINE COUNTY,405,76 Years,81,37,44,64,31,33,14,5,9,0,0,0,1,0,1,2,1,1
SAN AUGUSTINE COUNTY,405,77 Years,87,41,46,67,33,34,17,7,10,0,0,0,1,0,1,2,1,1
SAN AUGUSTINE COUNTY,405,78 Years,82,37,45,65,31,34,15,6,9,0,0,0,1,0,1,1,0,1
SAN AUGUSTINE COUNTY,405,79 Years,73,34,39,60,26,34,9,5,4,0,0,0,4,3,1,0,0,0
SAN AUGUSTINE COUNTY,405,80 Years,54,28,26,44,23,21,9,4,5,0,0,0,1,1,0,0,0,0
SAN AUGUSTINE COUNTY,405,81 Years,66,32,34,52,27,25,14,5,9,0,0,0,0,0,0,0,0,0
SAN AUGUSTINE COUNTY,405,82 Years,61,25,36,52,21,31,8,3,5,0,0,0,0,0,0,1,1,0
SAN AUGUSTINE COUNTY,405,83 Years,55,21,34,42,17,25,12,4,8,0,0,0,0,0,0,1,0,1
SAN AUGUSTINE COUNTY,405,84 Years,50,20,30,38,15,23,10,4,6,0,0,0,1,1,0,1,0,1
SAN AUGUSTINE COUNTY,405,85 Years,45,17,28,34,12,22,10,4,6,0,0,0,0,0,0,1,1,0
SAN AUGUSTINE COUNTY,405,86 Years,45,19,26,36,16,20,9,3,6,0,0,0,0,0,0,0,0,0
SAN AUGUSTINE COUNTY,405,87 Years,43,18,25,32,14,18,9,3,6,0,0,0,1,1,0,1,0,1
SAN AUGUSTINE COUNTY,405,88 Years,38,14,24,29,10,19,9,4,5,0,0,0,0,0,0,0,0,0
SAN AUGUSTINE COUNTY,405,89 Years,35,12,23,27,8,19,8,4,4,0,0,0,0,0,0,0,0,0
SAN AUGUSTINE COUNTY,405,90 Years,24,7,17,19,7,12,4,0,4,0,0,0,1,0,1,0,0,0
SAN AUGUSTINE COUNTY,405,91 Years,22,8,14,15,6,9,6,2,4,0,0,0,1,0,1,0,0,0
SAN AUGUSTINE COUNTY,405,92 Years,19,8,11,12,5,7,5,2,3,0,0,0,1,1,0,1,0,1
SAN AUGUSTINE COUNTY,405,93 Years,15,7,8,10,4,6,4,2,2,0,0,0,0,0,0,1,1,0
SAN AUGUSTINE COUNTY,405,94 Years,13,5,8,8,2,6,4,2,2,0,0,0,0,0,0,1,1,0
SAN AUGUSTINE COUNTY,405,95 Years +,29,7,22,15,3,12,11,3,8,0,0,0,0,0,0,3,1,2
SAN JACINTO COUNTY,407,All Ages,28554,14300,14254,21049,10555,10494,2827,1416,1411,137,64,73,591,308,283,3950,1957,1993
SAN JACINTO COUNTY,407,< 1 Year,354,189,165,224,114,110,26,15,11,3,1,2,8,7,1,93,52,41
SAN JACINTO COUNTY,407,1 Years,345,180,165,223,113,110,23,14,9,2,1,1,6,4,2,91,48,43
SAN JACINTO COUNTY,407,2 Years,346,172,174,220,112,108,27,16,11,2,0,2,10,4,6,87,40,47
SAN JACINTO COUNTY,407,3 Years,340,169,171,219,111,108,29,17,12,2,0,2,9,3,6,81,38,43
SAN JACINTO COUNTY,407,4 Years,339,172,167,210,112,98,31,16,15,2,1,1,14,4,10,82,39,43
SAN JACINTO COUNTY,407,5 Years,334,181,153,208,117,91,32,16,16,2,1,1,12,6,6,80,41,39
SAN JACINTO COUNTY,407,6 Years,344,184,160,217,125,92,30,13,17,2,1,1,12,6,6,83,39,44
SAN JACINTO COUNTY,407,7 Years,399,210,189,259,129,130,33,23,10,2,2,0,7,5,2,98,51,47
SAN JACINTO COUNTY,407,8 Years,312,170,142,203,113,90,31,20,11,1,1,0,12,6,6,65,30,35
SAN JACINTO COUNTY,407,9 Years,345,196,149,220,122,98,31,22,9,1,0,1,10,5,5,83,47,36
SAN JACINTO COUNTY,407,10 Years,359,197,162,233,124,109,31,21,10,5,4,1,9,6,3,81,42,39
SAN JACINTO COUNTY,407,11 Years,346,181,165,221,116,105,33,16,17,2,1,1,12,11,1,78,37,41
SAN JACINTO COUNTY,407,12 Years,353,178,175,230,112,118,40,21,19,2,2,0,11,7,4,70,36,34
SAN JACINTO COUNTY,407,13 Years,353,181,172,229,118,111,34,18,16,4,3,1,9,3,6,77,39,38
SAN JACINTO COUNTY,407,14 Years,357,185,172,224,121,103,31,16,15,4,3,1,12,5,7,86,40,46
SAN JACINTO COUNTY,407,15 Years,355,177,178,220,114,106,30,17,13,3,2,1,13,5,8,89,39,50
SAN JACINTO COUNTY,407,16 Years,369,179,190,230,116,114,33,17,16,0,0,0,12,4,8,94,42,52
SAN JACINTO COUNTY,407,17 Years,364,191,173,234,127,107,35,15,20,0,0,0,6,4,2,89,45,44
SAN JACINTO COUNTY,407,18 Years,327,174,153,209,117,92,41,21,20,0,0,0,12,7,5,65,29,36
SAN JACINTO COUNTY,407,19 Years,323,184,139,190,113,77,38,24,14,0,0,0,11,6,5,84,41,43
SAN JACINTO COUNTY,407,20 Years,301,164,137,168,93,75,31,17,14,0,0,0,11,6,5,91,48,43
SAN JACINTO COUNTY,407,21 Years,323,156,167,184,86,98,45,28,17,3,1,2,9,4,5,82,37,45
SAN JACINTO COUNTY,407,22 Years,326,168,158,194,102,92,44,25,19,4,2,2,8,4,4,76,35,41
SAN JACINTO COUNTY,407,23 Years,325,163,162,203,108,95,40,17,23,3,1,2,7,5,2,72,32,40
SAN JACINTO COUNTY,407,24 Years,363,173,190,228,105,123,45,20,25,3,3,0,15,7,8,72,38,34
SAN JACINTO COUNTY,407,25 Years,359,170,189,247,112,135,44,27,17,2,1,1,10,5,5,56,25,31
SAN JACINTO COUNTY,407,26 Years,380,174,206,263,116,147,41,19,22,2,1,1,7,4,3,67,34,33
SAN JACINTO COUNTY,407,27 Years,359,161,198,244,104,140,35,16,19,1,0,1,10,5,5,69,36,33
SAN JACINTO COUNTY,407,28 Years,337,171,166,241,114,127,31,13,18,0,0,0,4,2,2,61,42,19
SAN JACINTO COUNTY,407,29 Years,337,177,160,229,117,112,30,16,14,3,1,2,2,1,1,73,42,31
SAN JACINTO COUNTY,407,30 Years,322,171,151,211,110,101,33,18,15,5,4,1,5,1,4,68,38,30
SAN JACINTO COUNTY,407,31 Years,271,141,130,200,104,96,34,17,17,1,1,0,1,0,1,35,19,16
SAN JACINTO COUNTY,407,32 Years,277,134,143,206,97,109,30,18,12,2,2,0,2,2,0,37,15,22
SAN JACINTO COUNTY,407,33 Years,302,148,154,227,110,117,26,16,10,0,0,0,5,3,2,44,19,25
SAN JACINTO COUNTY,407,34 Years,295,146,149,203,102,101,35,16,19,1,1,0,7,6,1,49,21,28
SAN JACINTO COUNTY,407,35 Years,279,129,150,201,90,111,26,14,12,1,1,0,5,4,1,46,20,26
SAN JACINTO COUNTY,407,36 Years,272,124,148,193,83,110,23,15,8,3,1,2,4,3,1,49,22,27
SAN JACINTO COUNTY,407,37 Years,292,146,146,215,107,108,27,12,15,2,0,2,7,5,2,41,22,19
SAN JACINTO COUNTY,407,38 Years,275,141,134,201,105,96,28,17,11,1,0,1,2,1,1,43,18,25
SAN JACINTO COUNTY,407,39 Years,287,131,156,215,93,122,33,18,15,1,0,1,3,3,0,35,17,18
SAN JACINTO COUNTY,407,40 Years,249,119,130,186,85,101,26,12,14,2,1,1,4,2,2,31,19,12
SAN JACINTO COUNTY,407,41 Years,277,142,135,198,104,94,23,11,12,1,1,0,1,1,0,54,25,29
SAN JACINTO COUNTY,407,42 Years,274,125,149,204,97,107,20,10,10,2,0,2,3,1,2,45,17,28
SAN JACINTO COUNTY,407,43 Years,292,133,159,219,102,117,27,13,14,1,0,1,3,1,2,42,17,25
SAN JACINTO COUNTY,407,44 Years,314,166,148,241,129,112,31,13,18,1,1,0,4,2,2,37,21,16
SAN JACINTO COUNTY,407,45 Years,337,162,175,257,130,127,28,10,18,1,0,1,3,2,1,48,20,28
SAN JACINTO COUNTY,407,46 Years,298,136,162,232,110,122,32,14,18,1,0,1,5,2,3,28,10,18
SAN JACINTO COUNTY,407,47 Years,333,158,175,250,125,125,38,16,22,3,1,2,4,3,1,38,13,25
SAN JACINTO COUNTY,407,48 Years,330,164,166,248,129,119,28,15,13,3,1,2,3,0,3,48,19,29
SAN JACINTO COUNTY,407,49 Years,300,151,149,221,115,106,31,13,18,2,1,1,5,1,4,41,21,20
SAN JACINTO COUNTY,407,50 Years,286,138,148,228,110,118,23,8,15,0,0,0,5,2,3,30,18,12
SAN JACINTO COUNTY,407,51 Years,333,170,163,267,136,131,32,14,18,3,2,1,4,2,2,27,16,11
SAN JACINTO COUNTY,407,52 Years,345,161,184,256,124,132,37,15,22,1,0,1,7,3,4,44,19,25
SAN JACINTO COUNTY,407,53 Years,387,196,191,296,149,147,42,19,23,1,0,1,9,4,5,39,24,15
SAN JACINTO COUNTY,407,54 Years,426,230,196,338,178,160,46,24,22,0,0,0,9,5,4,33,23,10
SAN JACINTO COUNTY,407,55 Years,425,225,200,340,184,156,39,17,22,1,0,1,15,8,7,30,16,14
SAN JACINTO COUNTY,407,56 Years,421,207,214,334,169,165,44,21,23,1,0,1,12,5,7,30,12,18
SAN JACINTO COUNTY,407,57 Years,466,242,224,376,194,182,49,25,24,0,0,0,13,8,5,28,15,13
SAN JACINTO COUNTY,407,58 Years,477,237,240,387,194,193,50,22,28,3,1,2,11,5,6,26,15,11
SAN JACINTO COUNTY,407,59 Years,458,228,230,372,189,183,48,22,26,1,1,0,9,3,6,28,13,15
SAN JACINTO COUNTY,407,60 Years,481,242,239,398,199,199,44,22,22,0,0,0,6,2,4,33,19,14
SAN JACINTO COUNTY,407,61 Years,468,240,228,393,203,190,39,20,19,0,0,0,8,3,5,28,14,14
SAN JACINTO COUNTY,407,62 Years,459,232,227,370,191,179,56,27,29,3,0,3,6,2,4,24,12,12
SAN JACINTO COUNTY,407,63 Years,408,202,206,328,159,169,49,25,24,1,0,1,8,4,4,22,14,8
SAN JACINTO COUNTY,407,64 Years,399,199,200,334,166,168,36,19,17,1,0,1,5,3,2,23,11,12
SAN JACINTO COUNTY,407,65 Years,400,185,215,330,154,176,35,19,16,1,0,1,7,2,5,27,10,17
SAN JACINTO COUNTY,407,66 Years,378,190,188,300,152,148,43,18,25,4,1,3,7,5,2,24,14,10
SAN JACINTO COUNTY,407,67 Years,406,204,202,335,169,166,43,20,23,3,2,1,9,4,5,16,9,7
SAN JACINTO COUNTY,407,68 Years,390,197,193,331,163,168,33,19,14,1,1,0,11,9,2,14,5,9
SAN JACINTO COUNTY,407,69 Years,368,183,185,315,157,158,32,15,17,2,1,1,6,4,2,13,6,7
SAN JACINTO COUNTY,407,70 Years,379,188,191,319,153,166,33,17,16,2,2,0,8,5,3,17,11,6
SAN JACINTO COUNTY,407,71 Years,317,152,165,261,122,139,29,16,13,1,1,0,9,4,5,17,9,8
SAN JACINTO COUNTY,407,72 Years,322,165,157,271,141,130,31,14,17,2,0,2,5,3,2,13,7,6
SAN JACINTO COUNTY,407,73 Years,312,157,155,264,137,127,30,13,17,3,1,2,2,1,1,13,5,8
SAN JACINTO COUNTY,407,74 Years,312,158,154,269,140,129,27,13,14,1,0,1,4,0,4,11,5,6
SAN JACINTO COUNTY,407,75 Years,298,145,153,262,127,135,24,12,12,1,1,0,2,1,1,9,4,5
SAN JACINTO COUNTY,407,76 Years,267,130,137,235,114,121,20,8,12,0,0,0,4,3,1,8,5,3
SAN JACINTO COUNTY,407,77 Years,245,120,125,214,104,110,20,9,11,1,0,1,2,2,0,8,5,3
SAN JACINTO COUNTY,407,78 Years,209,112,97,176,93,83,20,9,11,1,1,0,4,4,0,8,5,3
SAN JACINTO COUNTY,407,79 Years,180,92,88,153,78,75,17,8,9,0,0,0,2,1,1,8,5,3
SAN JACINTO COUNTY,407,80 Years,164,76,88,138,66,72,18,7,11,0,0,0,2,1,1,6,2,4
SAN JACINTO COUNTY,407,81 Years,167,75,92,142,65,77,16,6,10,1,0,1,3,1,2,5,3,2
SAN JACINTO COUNTY,407,82 Years,159,71,88,136,61,75,14,6,8,0,0,0,1,1,0,8,3,5
SAN JACINTO COUNTY,407,83 Years,137,67,70,114,56,58,14,6,8,0,0,0,2,1,1,7,4,3
SAN JACINTO COUNTY,407,84 Years,114,60,54,91,48,43,11,5,6,0,0,0,2,1,1,10,6,4
SAN JACINTO COUNTY,407,85 Years,99,46,53,81,39,42,10,4,6,1,0,1,1,0,1,6,3,3
SAN JACINTO COUNTY,407,86 Years,80,33,47,65,27,38,9,4,5,1,0,1,1,0,1,4,2,2
SAN JACINTO COUNTY,407,87 Years,67,33,34,56,28,28,8,3,5,0,0,0,0,0,0,3,2,1
SAN JACINTO COUNTY,407,88 Years,55,23,32,45,18,27,8,3,5,0,0,0,0,0,0,2,2,0
SAN JACINTO COUNTY,407,89 Years,61,24,37,48,16,32,8,4,4,0,0,0,0,0,0,5,4,1
SAN JACINTO COUNTY,407,90 Years,43,19,24,34,15,19,6,2,4,0,0,0,1,1,0,2,1,1
SAN JACINTO COUNTY,407,91 Years,35,15,20,25,11,14,6,3,3,0,0,0,2,1,1,2,0,2
SAN JACINTO COUNTY,407,92 Years,26,11,15,19,9,10,5,2,3,0,0,0,1,0,1,1,0,1
SAN JACINTO COUNTY,407,93 Years,21,8,13,17,6,11,4,2,2,0,0,0,0,0,0,0,0,0
SAN JACINTO COUNTY,407,94 Years,19,6,13,11,3,8,5,2,3,1,0,1,0,0,0,2,1,1
SAN JACINTO COUNTY,407,95 Years +,35,12,23,23,8,15,10,3,7,0,0,0,0,0,0,2,1,1
SAN PATRICIO COUNTY,409,All Ages,65918,33062,32856,25595,12973,12622,922,499,423,518,224,294,915,414,501,37968,18952,19016
SAN PATRICIO COUNTY,409,< 1 Year,954,484,470,257,133,124,13,6,7,4,2,2,28,12,16,652,331,321
SAN PATRICIO COUNTY,409,1 Years,951,492,459,258,135,123,12,7,5,3,2,1,26,12,14,652,336,316
SAN PATRICIO COUNTY,409,2 Years,989,502,487,267,137,130,12,8,4,3,1,2,24,10,14,683,346,337
SAN PATRICIO COUNTY,409,3 Years,973,494,479,267,140,127,11,5,6,3,1,2,18,8,10,674,340,334
SAN PATRICIO COUNTY,409,4 Years,948,484,464,268,140,128,10,5,5,3,1,2,17,6,11,650,332,318
SAN PATRICIO COUNTY,409,5 Years,910,477,433,262,142,120,9,4,5,3,1,2,17,7,10,619,323,296
SAN PATRICIO COUNTY,409,6 Years,897,465,432,263,137,126,8,4,4,2,1,1,17,7,10,607,316,291
SAN PATRICIO COUNTY,409,7 Years,972,498,474,281,133,148,11,5,6,2,1,1,15,6,9,663,353,310
SAN PATRICIO COUNTY,409,8 Years,961,486,475,269,133,136,11,4,7,3,2,1,17,7,10,661,340,321
SAN PATRICIO COUNTY,409,9 Years,933,472,461,274,150,124,7,0,7,4,2,2,13,5,8,635,315,320
SAN PATRICIO COUNTY,409,10 Years,945,479,466,286,154,132,8,2,6,5,4,1,15,4,11,631,315,316
SAN PATRICIO COUNTY,409,11 Years,927,455,472,265,131,134,8,3,5,6,2,4,14,6,8,634,313,321
SAN PATRICIO COUNTY,409,12 Years,1005,501,504,273,141,132,11,8,3,4,2,2,23,11,12,694,339,355
SAN PATRICIO COUNTY,409,13 Years,986,497,489,288,154,134,13,8,5,4,2,2,21,12,9,660,321,339
SAN PATRICIO COUNTY,409,14 Years,924,468,456,296,151,145,18,11,7,6,3,3,16,11,5,588,292,296
SAN PATRICIO COUNTY,409,15 Years,970,478,492,316,153,163,14,7,7,7,5,2,17,10,7,616,303,313
SAN PATRICIO COUNTY,409,16 Years,1016,522,494,320,176,144,13,7,6,7,4,3,14,8,6,662,327,335
SAN PATRICIO COUNTY,409,17 Years,971,497,474,291,153,138,11,4,7,4,1,3,17,9,8,648,330,318
SAN PATRICIO COUNTY,409,18 Years,891,436,455,268,143,125,15,6,9,11,2,9,17,8,9,580,277,303
SAN PATRICIO COUNTY,409,19 Years,798,417,381,234,130,104,11,6,5,14,9,5,11,4,7,528,268,260
SAN PATRICIO COUNTY,409,20 Years,797,426,371,232,128,104,9,7,2,7,6,1,21,7,14,528,278,250
SAN PATRICIO COUNTY,409,21 Years,829,424,405,239,123,116,9,5,4,7,4,3,15,6,9,559,286,273
SAN PATRICIO COUNTY,409,22 Years,881,470,411,273,148,125,17,9,8,4,3,1,16,7,9,571,303,268
SAN PATRICIO COUNTY,409,23 Years,937,509,428,304,162,142,14,8,6,9,8,1,22,12,10,588,319,269
SAN PATRICIO COUNTY,409,24 Years,954,506,448,308,159,149,17,8,9,10,3,7,19,13,6,600,323,277
SAN PATRICIO COUNTY,409,25 Years,994,549,445,321,184,137,13,7,6,6,4,2,12,7,5,642,347,295
SAN PATRICIO COUNTY,409,26 Years,978,527,451,328,179,149,11,8,3,10,8,2,9,2,7,620,330,290
SAN PATRICIO COUNTY,409,27 Years,991,536,455,333,186,147,10,5,5,4,3,1,11,7,4,633,335,298
SAN PATRICIO COUNTY,409,28 Years,937,500,437,323,166,157,13,6,7,3,2,1,8,5,3,590,321,269
SAN PATRICIO COUNTY,409,29 Years,901,470,431,347,182,165,11,8,3,4,1,3,7,3,4,532,276,256
SAN PATRICIO COUNTY,409,30 Years,927,475,452,350,178,172,12,9,3,5,3,2,13,5,8,547,280,267
SAN PATRICIO COUNTY,409,31 Years,867,433,434,320,168,152,7,6,1,3,2,1,15,5,10,522,252,270
SAN PATRICIO COUNTY,409,32 Years,873,460,413,327,183,144,12,8,4,3,2,1,8,3,5,523,264,259
SAN PATRICIO COUNTY,409,33 Years,877,450,427,307,164,143,12,7,5,6,3,3,8,3,5,544,273,271
SAN PATRICIO COUNTY,409,34 Years,897,433,464,337,166,171,14,9,5,4,0,4,9,6,3,533,252,281
SAN PATRICIO COUNTY,409,35 Years,876,431,445,313,149,164,14,7,7,5,1,4,6,5,1,538,269,269
SAN PATRICIO COUNTY,409,36 Years,847,425,422,311,157,154,11,6,5,8,4,4,7,4,3,510,254,256
SAN PATRICIO COUNTY,409,37 Years,874,436,438,313,153,160,9,5,4,7,2,5,7,3,4,538,273,265
SAN PATRICIO COUNTY,409,38 Years,857,444,413,307,156,151,12,9,3,5,3,2,6,3,3,527,273,254
SAN PATRICIO COUNTY,409,39 Years,794,406,388,293,154,139,12,5,7,7,3,4,6,5,1,476,239,237
SAN PATRICIO COUNTY,409,40 Years,785,400,385,294,152,142,10,4,6,8,1,7,12,6,6,461,237,224
SAN PATRICIO COUNTY,409,41 Years,775,410,365,271,148,123,12,8,4,9,4,5,10,5,5,473,245,228
SAN PATRICIO COUNTY,409,42 Years,731,376,355,265,136,129,7,3,4,8,3,5,13,6,7,438,228,210
SAN PATRICIO COUNTY,409,43 Years,693,344,349,255,127,128,7,3,4,8,4,4,9,4,5,414,206,208
SAN PATRICIO COUNTY,409,44 Years,738,361,377,285,142,143,9,4,5,6,4,2,7,3,4,431,208,223
SAN PATRICIO COUNTY,409,45 Years,759,365,394,301,152,149,13,6,7,9,2,7,6,2,4,430,203,227
SAN PATRICIO COUNTY,409,46 Years,792,383,409,310,153,157,16,11,5,7,2,5,7,2,5,452,215,237
SAN PATRICIO COUNTY,409,47 Years,796,375,421,333,150,183,14,8,6,7,3,4,7,4,3,435,210,225
SAN PATRICIO COUNTY,409,48 Years,735,379,356,297,150,147,11,6,5,12,7,5,5,3,2,410,213,197
SAN PATRICIO COUNTY,409,49 Years,717,346,371,276,142,134,9,6,3,13,7,6,11,4,7,408,187,221
SAN PATRICIO COUNTY,409,50 Years,707,348,359,282,148,134,14,8,6,9,4,5,8,2,6,394,186,208
SAN PATRICIO COUNTY,409,51 Years,767,377,390,334,177,157,11,7,4,6,2,4,6,1,5,410,190,220
SAN PATRICIO COUNTY,409,52 Years,813,388,425,365,184,181,13,7,6,12,5,7,6,2,4,417,190,227
SAN PATRICIO COUNTY,409,53 Years,800,394,406,360,182,178,16,10,6,12,4,8,5,1,4,407,197,210
SAN PATRICIO COUNTY,409,54 Years,805,409,396,364,178,186,14,8,6,14,4,10,11,7,4,402,212,190
SAN PATRICIO COUNTY,409,55 Years,818,398,420,379,185,194,15,9,6,15,4,11,9,6,3,400,194,206
SAN PATRICIO COUNTY,409,56 Years,826,422,404,415,218,197,16,10,6,11,3,8,9,6,3,375,185,190
SAN PATRICIO COUNTY,409,57 Years,810,395,415,399,195,204,10,4,6,10,4,6,12,6,6,379,186,193
SAN PATRICIO COUNTY,409,58 Years,774,385,389,393,198,195,10,5,5,11,2,9,11,5,6,349,175,174
SAN PATRICIO COUNTY,409,59 Years,735,357,378,371,183,188,14,8,6,11,4,7,12,3,9,327,159,168
SAN PATRICIO COUNTY,409,60 Years,709,354,355,354,179,175,11,6,5,7,4,3,15,5,10,322,160,162
SAN PATRICIO COUNTY,409,61 Years,713,352,361,344,175,169,13,6,7,6,2,4,11,3,8,339,166,173
SAN PATRICIO COUNTY,409,62 Years,719,376,343,339,181,158,14,7,7,4,2,2,10,4,6,352,182,170
SAN PATRICIO COUNTY,409,63 Years,746,373,373,374,189,185,15,9,6,9,3,6,9,3,6,339,169,170
SAN PATRICIO COUNTY,409,64 Years,706,361,345,354,188,166,10,8,2,7,2,5,9,4,5,326,159,167
SAN PATRICIO COUNTY,409,65 Years,645,330,315,349,181,168,9,6,3,5,1,4,6,4,2,276,138,138
SAN PATRICIO COUNTY,409,66 Years,637,310,327,329,160,169,5,2,3,7,2,5,9,6,3,287,140,147
SAN PATRICIO COUNTY,409,67 Years,647,324,323,338,168,170,9,5,4,7,3,4,4,2,2,289,146,143
SAN PATRICIO COUNTY,409,68 Years,636,313,323,329,158,171,7,5,2,4,2,2,7,4,3,289,144,145
SAN PATRICIO COUNTY,409,69 Years,664,339,325,353,182,171,8,5,3,3,1,2,12,5,7,288,146,142
SAN PATRICIO COUNTY,409,70 Years,662,325,337,365,180,185,9,6,3,1,1,0,9,4,5,278,134,144
SAN PATRICIO COUNTY,409,71 Years,543,269,274,269,131,138,5,3,2,4,1,3,9,3,6,256,131,125
SAN PATRICIO COUNTY,409,72 Years,534,254,280,282,130,152,6,3,3,7,0,7,3,1,2,236,120,116
SAN PATRICIO COUNTY,409,73 Years,523,245,278,285,132,153,6,4,2,5,0,5,5,1,4,222,108,114
SAN PATRICIO COUNTY,409,74 Years,473,211,262,267,122,145,6,3,3,3,1,2,5,1,4,192,84,108
SAN PATRICIO COUNTY,409,75 Years,401,182,219,240,116,124,4,1,3,1,1,0,8,3,5,148,61,87
SAN PATRICIO COUNTY,409,76 Years,388,177,211,235,119,116,3,2,1,1,1,0,5,2,3,144,53,91
SAN PATRICIO COUNTY,409,77 Years,353,167,186,196,94,102,5,2,3,2,1,1,2,1,1,148,69,79
SAN PATRICIO COUNTY,409,78 Years,310,138,172,185,82,103,3,1,2,3,2,1,2,1,1,117,52,65
SAN PATRICIO COUNTY,409,79 Years,327,141,186,200,88,112,8,3,5,3,1,2,3,2,1,113,47,66
SAN PATRICIO COUNTY,409,80 Years,269,125,144,167,81,86,7,3,4,1,0,1,1,1,0,93,40,53
SAN PATRICIO COUNTY,409,81 Years,251,113,138,157,78,79,6,2,4,1,0,1,0,0,0,87,33,54
SAN PATRICIO COUNTY,409,82 Years,260,114,146,154,68,86,5,2,3,2,1,1,1,0,1,98,43,55
SAN PATRICIO COUNTY,409,83 Years,237,109,128,141,68,73,5,3,2,2,2,0,0,0,0,89,36,53
SAN PATRICIO COUNTY,409,84 Years,206,96,110,120,60,60,5,3,2,2,2,0,1,0,1,78,31,47
SAN PATRICIO COUNTY,409,85 Years,197,80,117,109,46,63,2,2,0,1,0,1,3,0,3,82,32,50
SAN PATRICIO COUNTY,409,86 Years,172,63,109,96,36,60,2,0,2,2,1,1,1,0,1,71,26,45
SAN PATRICIO COUNTY,409,87 Years,143,58,85,78,34,44,5,2,3,0,0,0,1,0,1,59,22,37
SAN PATRICIO COUNTY,409,88 Years,123,52,71,70,32,38,6,3,3,0,0,0,1,1,0,46,16,30
SAN PATRICIO COUNTY,409,89 Years,120,47,73,66,29,37,3,2,1,1,1,0,2,0,2,48,15,33
SAN PATRICIO COUNTY,409,90 Years,98,33,65,46,17,29,2,1,1,0,0,0,1,1,0,49,14,35
SAN PATRICIO COUNTY,409,91 Years,83,28,55,45,15,30,2,0,2,0,0,0,0,0,0,36,13,23
SAN PATRICIO COUNTY,409,92 Years,71,24,47,38,14,24,3,1,2,1,0,1,0,0,0,29,9,20
SAN PATRICIO COUNTY,409,93 Years,45,18,27,24,10,14,1,1,0,1,0,1,1,0,1,18,7,11
SAN PATRICIO COUNTY,409,94 Years,37,13,24,18,7,11,2,0,2,1,0,1,0,0,0,16,6,10
SAN PATRICIO COUNTY,409,95 Years +,85,22,63,41,12,29,4,0,4,1,0,1,1,0,1,38,10,28
SAN SABA COUNTY,411,All Ages,6250,3367,2883,4042,2049,1993,204,192,12,14,9,5,87,34,53,1903,1083,820
SAN SABA COUNTY,411,< 1 Year,65,31,34,33,15,18,0,0,0,1,0,1,1,0,1,30,16,14
SAN SABA COUNTY,411,1 Years,67,35,32,37,17,20,0,0,0,0,0,0,2,2,0,28,16,12
SAN SABA COUNTY,411,2 Years,70,37,33,37,18,19,0,0,0,0,0,0,0,0,0,33,19,14
SAN SABA COUNTY,411,3 Years,68,37,31,36,19,17,0,0,0,0,0,0,0,0,0,32,18,14
SAN SABA COUNTY,411,4 Years,68,34,34,35,21,14,0,0,0,0,0,0,0,0,0,33,13,20
SAN SABA COUNTY,411,5 Years,69,33,36,35,22,13,0,0,0,0,0,0,2,0,2,32,11,21
SAN SABA COUNTY,411,6 Years,69,34,35,35,22,13,0,0,0,0,0,0,3,1,2,31,11,20
SAN SABA COUNTY,411,7 Years,70,35,35,39,16,23,0,0,0,0,0,0,0,0,0,31,19,12
SAN SABA COUNTY,411,8 Years,69,33,36,35,16,19,1,1,0,0,0,0,0,0,0,33,16,17
SAN SABA COUNTY,411,9 Years,79,32,47,38,14,24,1,1,0,0,0,0,1,1,0,39,16,23
SAN SABA COUNTY,411,10 Years,80,39,41,50,24,26,0,0,0,0,0,0,0,0,0,30,15,15
SAN SABA COUNTY,411,11 Years,73,32,41,43,18,25,0,0,0,0,0,0,2,2,0,28,12,16
SAN SABA COUNTY,411,12 Years,61,26,35,31,12,19,0,0,0,0,0,0,0,0,0,30,14,16
SAN SABA COUNTY,411,13 Years,74,35,39,40,19,21,0,0,0,0,0,0,2,2,0,32,14,18
SAN SABA COUNTY,411,14 Years,65,34,31,38,19,19,0,0,0,0,0,0,2,1,1,25,14,11
SAN SABA COUNTY,411,15 Years,73,35,38,34,15,19,2,1,1,1,0,1,3,0,3,33,19,14
SAN SABA COUNTY,411,16 Years,67,34,33,30,12,18,4,2,2,1,0,1,0,0,0,32,20,12
SAN SABA COUNTY,411,17 Years,60,26,34,31,13,18,2,0,2,0,0,0,0,0,0,27,13,14
SAN SABA COUNTY,411,18 Years,54,27,27,32,15,17,0,0,0,0,0,0,1,0,1,21,12,9
SAN SABA COUNTY,411,19 Years,52,28,24,26,12,14,3,3,0,0,0,0,1,0,1,22,13,9
SAN SABA COUNTY,411,20 Years,90,57,33,39,22,17,7,7,0,0,0,0,3,0,3,41,28,13
SAN SABA COUNTY,411,21 Years,95,65,30,39,24,15,11,11,0,1,1,0,1,0,1,43,29,14
SAN SABA COUNTY,411,22 Years,86,57,29,47,31,16,7,7,0,0,0,0,2,0,2,30,19,11
SAN SABA COUNTY,411,23 Years,99,68,31,56,37,19,9,8,1,0,0,0,1,0,1,33,23,10
SAN SABA COUNTY,411,24 Years,110,75,35,55,34,21,19,17,2,0,0,0,1,0,1,35,24,11
SAN SABA COUNTY,411,25 Years,117,83,34,64,43,21,13,12,1,0,0,0,1,0,1,39,28,11
SAN SABA COUNTY,411,26 Years,112,76,36,58,36,22,14,13,1,0,0,0,2,0,2,38,27,11
SAN SABA COUNTY,411,27 Years,97,61,36,49,25,24,10,10,0,0,0,0,1,0,1,37,26,11
SAN SABA COUNTY,411,28 Years,91,60,31,47,26,21,12,12,0,2,2,0,0,0,0,30,20,10
SAN SABA COUNTY,411,29 Years,91,67,24,43,33,10,14,14,0,2,1,1,0,0,0,32,19,13
SAN SABA COUNTY,411,30 Years,88,63,25,42,27,15,12,12,0,0,0,0,1,0,1,33,24,9
SAN SABA COUNTY,411,31 Years,87,58,29,40,25,15,14,14,0,0,0,0,1,0,1,32,19,13
SAN SABA COUNTY,411,32 Years,76,57,19,36,26,10,6,6,0,0,0,0,0,0,0,34,25,9
SAN SABA COUNTY,411,33 Years,76,49,27,41,21,20,4,4,0,1,1,0,2,1,1,28,22,6
SAN SABA COUNTY,411,34 Years,74,50,24,34,20,14,5,5,0,0,0,0,3,2,1,32,23,9
SAN SABA COUNTY,411,35 Years,60,36,24,25,13,12,5,5,0,0,0,0,1,0,1,29,18,11
SAN SABA COUNTY,411,36 Years,63,30,33,33,13,20,0,0,0,0,0,0,0,0,0,30,17,13
SAN SABA COUNTY,411,37 Years,56,36,20,28,14,14,4,4,0,0,0,0,0,0,0,24,18,6
SAN SABA COUNTY,411,38 Years,48,30,18,25,14,11,6,6,0,0,0,0,1,1,0,16,9,7
SAN SABA COUNTY,411,39 Years,57,34,23,33,15,18,3,3,0,0,0,0,2,2,0,19,14,5
SAN SABA COUNTY,411,40 Years,48,21,27,28,11,17,3,3,0,0,0,0,2,1,1,15,6,9
SAN SABA COUNTY,411,41 Years,41,18,23,28,11,17,3,3,0,0,0,0,0,0,0,10,4,6
SAN SABA COUNTY,411,42 Years,66,37,29,41,20,21,3,3,0,0,0,0,0,0,0,22,14,8
SAN SABA COUNTY,411,43 Years,59,33,26,37,19,18,1,1,0,0,0,0,0,0,0,21,13,8
SAN SABA COUNTY,411,44 Years,55,30,25,32,19,13,0,0,0,0,0,0,0,0,0,23,11,12
SAN SABA COUNTY,411,45 Years,59,25,34,35,17,18,0,0,0,0,0,0,3,0,3,21,8,13
SAN SABA COUNTY,411,46 Years,56,27,29,38,19,19,0,0,0,0,0,0,2,0,2,16,8,8
SAN SABA COUNTY,411,47 Years,70,32,38,47,22,25,0,0,0,0,0,0,0,0,0,23,10,13
SAN SABA COUNTY,411,48 Years,74,37,37,48,24,24,1,1,0,1,1,0,0,0,0,24,11,13
SAN SABA COUNTY,411,49 Years,61,32,29,37,19,18,1,1,0,1,1,0,0,0,0,22,11,11
SAN SABA COUNTY,411,50 Years,52,25,27,33,14,19,0,0,0,0,0,0,0,0,0,19,11,8
SAN SABA COUNTY,411,51 Years,68,41,27,42,27,15,0,0,0,0,0,0,0,0,0,26,14,12
SAN SABA COUNTY,411,52 Years,76,44,32,50,30,20,0,0,0,0,0,0,1,1,0,25,13,12
SAN SABA COUNTY,411,53 Years,81,40,41,65,30,35,0,0,0,0,0,0,1,1,0,15,9,6
SAN SABA COUNTY,411,54 Years,76,36,40,61,25,36,0,0,0,0,0,0,0,0,0,15,11,4
SAN SABA COUNTY,411,55 Years,73,35,38,45,20,25,0,0,0,0,0,0,5,3,2,23,12,11
SAN SABA COUNTY,411,56 Years,82,36,46,55,21,34,0,0,0,0,0,0,3,2,1,24,13,11
SAN SABA COUNTY,411,57 Years,79,39,40,55,25,30,0,0,0,0,0,0,3,1,2,21,13,8
SAN SABA COUNTY,411,58 Years,89,44,45,70,33,37,0,0,0,0,0,0,0,0,0,19,11,8
SAN SABA COUNTY,411,59 Years,86,43,43,68,31,37,0,0,0,0,0,0,1,0,1,17,12,5
SAN SABA COUNTY,411,60 Years,73,31,42,56,22,34,0,0,0,1,0,1,1,0,1,15,9,6
SAN SABA COUNTY,411,61 Years,77,31,46,61,28,33,0,0,0,0,0,0,2,0,2,14,3,11
SAN SABA COUNTY,411,62 Years,74,34,40,60,28,32,1,1,0,0,0,0,2,1,1,11,4,7
SAN SABA COUNTY,411,63 Years,98,54,44,80,44,36,0,0,0,0,0,0,1,1,0,17,9,8
SAN SABA COUNTY,411,64 Years,88,46,42,74,37,37,0,0,0,0,0,0,0,0,0,14,9,5
SAN SABA COUNTY,411,65 Years,89,45,44,75,34,41,1,1,0,0,0,0,1,1,0,12,9,3
SAN SABA COUNTY,411,66 Years,95,50,45,83,44,39,0,0,0,0,0,0,0,0,0,12,6,6
SAN SABA COUNTY,411,67 Years,85,47,38,76,43,33,0,0,0,0,0,0,1,0,1,8,4,4
SAN SABA COUNTY,411,68 Years,79,38,41,67,32,35,0,0,0,0,0,0,3,2,1,9,4,5
SAN SABA COUNTY,411,69 Years,91,39,52,80,36,44,0,0,0,0,0,0,3,0,3,8,3,5
SAN SABA COUNTY,411,70 Years,105,55,50,89,48,41,0,0,0,0,0,0,1,0,1,15,7,8
SAN SABA COUNTY,411,71 Years,92,44,48,74,36,38,0,0,0,0,0,0,1,1,0,17,7,10
SAN SABA COUNTY,411,72 Years,79,45,34,66,37,29,0,0,0,0,0,0,1,1,0,12,7,5
SAN SABA COUNTY,411,73 Years,77,37,40,63,29,34,0,0,0,0,0,0,2,1,1,12,7,5
SAN SABA COUNTY,411,74 Years,66,35,31,55,27,28,0,0,0,1,1,0,1,1,0,9,6,3
SAN SABA COUNTY,411,75 Years,55,30,25,47,24,23,0,0,0,1,1,0,0,0,0,7,5,2
SAN SABA COUNTY,411,76 Years,60,34,26,54,30,24,0,0,0,0,0,0,0,0,0,6,4,2
SAN SABA COUNTY,411,77 Years,46,25,21,38,20,18,0,0,0,0,0,0,0,0,0,8,5,3
SAN SABA COUNTY,411,78 Years,44,25,19,34,19,15,0,0,0,0,0,0,1,0,1,9,6,3
SAN SABA COUNTY,411,79 Years,44,23,21,39,20,19,0,0,0,0,0,0,0,0,0,5,3,2
SAN SABA COUNTY,411,80 Years,38,18,20,33,17,16,0,0,0,0,0,0,1,0,1,4,1,3
SAN SABA COUNTY,411,81 Years,35,20,15,29,17,12,0,0,0,0,0,0,0,0,0,6,3,3
SAN SABA COUNTY,411,82 Years,40,17,23,38,16,22,0,0,0,0,0,0,0,0,0,2,1,1
SAN SABA COUNTY,411,83 Years,35,16,19,31,14,17,1,0,1,0,0,0,0,0,0,3,2,1
SAN SABA COUNTY,411,84 Years,31,15,16,29,13,16,0,0,0,0,0,0,1,1,0,1,1,0
SAN SABA COUNTY,411,85 Years,31,14,17,28,13,15,0,0,0,0,0,0,0,0,0,3,1,2
SAN SABA COUNTY,411,86 Years,23,7,16,19,6,13,0,0,0,0,0,0,0,0,0,4,1,3
SAN SABA COUNTY,411,87 Years,23,10,13,21,9,12,0,0,0,0,0,0,0,0,0,2,1,1
SAN SABA COUNTY,411,88 Years,19,8,11,18,8,10,0,0,0,0,0,0,0,0,0,1,0,1
SAN SABA COUNTY,411,89 Years,13,6,7,12,6,6,0,0,0,0,0,0,0,0,0,1,0,1
SAN SABA COUNTY,411,90 Years,11,5,6,8,4,4,0,0,0,0,0,0,0,0,0,3,1,2
SAN SABA COUNTY,411,91 Years,8,2,6,6,2,4,0,0,0,0,0,0,0,0,0,2,0,2
SAN SABA COUNTY,411,92 Years,11,4,7,7,2,5,0,0,0,0,0,0,0,0,0,4,2,2
SAN SABA COUNTY,411,93 Years,13,4,9,9,3,6,1,0,1,0,0,0,0,0,0,3,1,2
SAN SABA COUNTY,411,94 Years,7,2,5,6,2,4,0,0,0,0,0,0,0,0,0,1,0,1
SAN SABA COUNTY,411,95 Years +,18,7,11,13,4,9,0,0,0,0,0,0,0,0,0,5,3,2
SCHLEICHER COUNTY,413,All Ages,2900,1489,1411,1307,664,643,28,18,10,3,1,2,15,5,10,1547,801,746
SCHLEICHER COUNTY,413,< 1 Year,32,21,11,22,14,8,0,0,0,0,0,0,0,0,0,10,7,3
SCHLEICHER COUNTY,413,1 Years,27,16,11,17,9,8,0,0,0,0,0,0,0,0,0,10,7,3
SCHLEICHER COUNTY,413,2 Years,33,17,16,17,9,8,0,0,0,0,0,0,0,0,0,16,8,8
SCHLEICHER COUNTY,413,3 Years,36,16,20,16,7,9,0,0,0,0,0,0,0,0,0,20,9,11
SCHLEICHER COUNTY,413,4 Years,38,16,22,13,5,8,0,0,0,0,0,0,0,0,0,25,11,14
SCHLEICHER COUNTY,413,5 Years,38,19,19,15,7,8,0,0,0,0,0,0,0,0,0,23,12,11
SCHLEICHER COUNTY,413,6 Years,34,15,19,14,6,8,0,0,0,0,0,0,0,0,0,20,9,11
SCHLEICHER COUNTY,413,7 Years,56,30,26,25,14,11,1,0,1,0,0,0,0,0,0,30,16,14
SCHLEICHER COUNTY,413,8 Years,49,24,25,20,10,10,0,0,0,0,0,0,0,0,0,29,14,15
SCHLEICHER COUNTY,413,9 Years,49,22,27,17,6,11,0,0,0,0,0,0,0,0,0,32,16,16
SCHLEICHER COUNTY,413,10 Years,56,27,29,15,9,6,1,1,0,0,0,0,1,0,1,39,17,22
SCHLEICHER COUNTY,413,11 Years,51,31,20,15,10,5,1,0,1,0,0,0,1,0,1,34,21,13
SCHLEICHER COUNTY,413,12 Years,51,32,19,14,10,4,1,1,0,0,0,0,0,0,0,36,21,15
SCHLEICHER COUNTY,413,13 Years,39,22,17,15,10,5,0,0,0,0,0,0,1,1,0,23,11,12
SCHLEICHER COUNTY,413,14 Years,38,23,15,14,8,6,1,1,0,0,0,0,1,1,0,22,13,9
SCHLEICHER COUNTY,413,15 Years,43,18,25,15,7,8,1,1,0,0,0,0,0,0,0,27,10,17
SCHLEICHER COUNTY,413,16 Years,51,24,27,15,8,7,1,1,0,1,0,1,0,0,0,34,15,19
SCHLEICHER COUNTY,413,17 Years,39,21,18,13,8,5,1,0,1,0,0,0,0,0,0,25,13,12
SCHLEICHER COUNTY,413,18 Years,39,17,22,15,8,7,1,0,1,0,0,0,1,0,1,22,9,13
SCHLEICHER COUNTY,413,19 Years,36,21,15,12,7,5,0,0,0,1,0,1,0,0,0,23,14,9
SCHLEICHER COUNTY,413,20 Years,25,12,13,8,3,5,0,0,0,0,0,0,0,0,0,17,9,8
SCHLEICHER COUNTY,413,21 Years,23,11,12,8,4,4,0,0,0,0,0,0,0,0,0,15,7,8
SCHLEICHER COUNTY,413,22 Years,34,21,13,9,4,5,0,0,0,0,0,0,0,0,0,25,17,8
SCHLEICHER COUNTY,413,23 Years,30,18,12,8,4,4,0,0,0,0,0,0,0,0,0,22,14,8
SCHLEICHER COUNTY,413,24 Years,40,22,18,10,6,4,1,1,0,0,0,0,1,1,0,28,14,14
SCHLEICHER COUNTY,413,25 Years,45,23,22,12,7,5,0,0,0,0,0,0,2,1,1,31,15,16
SCHLEICHER COUNTY,413,26 Years,32,15,17,11,5,6,0,0,0,0,0,0,1,0,1,20,10,10
SCHLEICHER COUNTY,413,27 Years,44,21,23,10,4,6,0,0,0,0,0,0,0,0,0,34,17,17
SCHLEICHER COUNTY,413,28 Years,37,16,21,9,4,5,0,0,0,0,0,0,0,0,0,28,12,16
SCHLEICHER COUNTY,413,29 Years,34,18,16,12,5,7,1,1,0,0,0,0,0,0,0,21,12,9
SCHLEICHER COUNTY,413,30 Years,34,23,11,13,7,6,1,1,0,0,0,0,0,0,0,20,15,5
SCHLEICHER COUNTY,413,31 Years,36,21,15,14,7,7,0,0,0,0,0,0,0,0,0,22,14,8
SCHLEICHER COUNTY,413,32 Years,40,24,16,14,7,7,0,0,0,0,0,0,0,0,0,26,17,9
SCHLEICHER COUNTY,413,33 Years,38,20,18,13,6,7,0,0,0,0,0,0,0,0,0,25,14,11
SCHLEICHER COUNTY,413,34 Years,28,13,15,10,5,5,0,0,0,0,0,0,0,0,0,18,8,10
SCHLEICHER COUNTY,413,35 Years,33,19,14,14,8,6,0,0,0,0,0,0,0,0,0,19,11,8
SCHLEICHER COUNTY,413,36 Years,38,21,17,13,7,6,0,0,0,0,0,0,0,0,0,25,14,11
SCHLEICHER COUNTY,413,37 Years,35,17,18,15,7,8,0,0,0,0,0,0,0,0,0,20,10,10
SCHLEICHER COUNTY,413,38 Years,33,19,14,13,8,5,0,0,0,0,0,0,0,0,0,20,11,9
SCHLEICHER COUNTY,413,39 Years,30,17,13,10,6,4,0,0,0,0,0,0,0,0,0,20,11,9
SCHLEICHER COUNTY,413,40 Years,26,12,14,11,6,5,0,0,0,0,0,0,0,0,0,15,6,9
SCHLEICHER COUNTY,413,41 Years,29,15,14,13,7,6,0,0,0,0,0,0,0,0,0,16,8,8
SCHLEICHER COUNTY,413,42 Years,20,11,9,11,6,5,0,0,0,0,0,0,0,0,0,9,5,4
SCHLEICHER COUNTY,413,43 Years,29,15,14,13,8,5,0,0,0,0,0,0,0,0,0,16,7,9
SCHLEICHER COUNTY,413,44 Years,29,14,15,13,8,5,0,0,0,0,0,0,0,0,0,16,6,10
SCHLEICHER COUNTY,413,45 Years,35,19,16,17,10,7,0,0,0,0,0,0,0,0,0,18,9,9
SCHLEICHER COUNTY,413,46 Years,38,22,16,19,13,6,0,0,0,0,0,0,0,0,0,19,9,10
SCHLEICHER COUNTY,413,47 Years,32,16,16,16,8,8,0,0,0,0,0,0,0,0,0,16,8,8
SCHLEICHER COUNTY,413,48 Years,33,13,20,14,7,7,0,0,0,0,0,0,1,0,1,18,6,12
SCHLEICHER COUNTY,413,49 Years,29,15,14,16,10,6,0,0,0,0,0,0,1,0,1,12,5,7
SCHLEICHER COUNTY,413,50 Years,28,12,16,12,4,8,1,0,1,0,0,0,0,0,0,15,8,7
SCHLEICHER COUNTY,413,51 Years,35,19,16,14,6,8,1,0,1,0,0,0,0,0,0,20,13,7
SCHLEICHER COUNTY,413,52 Years,33,16,17,14,6,8,0,0,0,0,0,0,0,0,0,19,10,9
SCHLEICHER COUNTY,413,53 Years,37,16,21,18,8,10,2,1,1,0,0,0,0,0,0,17,7,10
SCHLEICHER COUNTY,413,54 Years,38,17,21,19,9,10,1,1,0,0,0,0,0,0,0,18,7,11
SCHLEICHER COUNTY,413,55 Years,42,21,21,18,9,9,2,1,1,0,0,0,0,0,0,22,11,11
SCHLEICHER COUNTY,413,56 Years,29,14,15,14,7,7,1,1,0,0,0,0,0,0,0,14,6,8
SCHLEICHER COUNTY,413,57 Years,34,17,17,19,8,11,0,0,0,0,0,0,0,0,0,15,9,6
SCHLEICHER COUNTY,413,58 Years,34,18,16,19,9,10,1,1,0,0,0,0,0,0,0,14,8,6
SCHLEICHER COUNTY,413,59 Years,32,18,14,16,9,7,1,1,0,0,0,0,0,0,0,15,8,7
SCHLEICHER COUNTY,413,60 Years,36,17,19,20,9,11,1,1,0,0,0,0,0,0,0,15,7,8
SCHLEICHER COUNTY,413,61 Years,39,19,20,23,11,12,0,0,0,0,0,0,0,0,0,16,8,8
SCHLEICHER COUNTY,413,62 Years,37,17,20,26,12,14,0,0,0,0,0,0,0,0,0,11,5,6
SCHLEICHER COUNTY,413,63 Years,37,20,17,20,11,9,0,0,0,0,0,0,0,0,0,17,9,8
SCHLEICHER COUNTY,413,64 Years,43,24,19,28,16,12,0,0,0,0,0,0,0,0,0,15,8,7
SCHLEICHER COUNTY,413,65 Years,39,21,18,27,13,14,0,0,0,0,0,0,0,0,0,12,8,4
SCHLEICHER COUNTY,413,66 Years,39,23,16,25,14,11,1,1,0,0,0,0,1,0,1,12,8,4
SCHLEICHER COUNTY,413,67 Years,38,20,18,19,10,9,1,1,0,0,0,0,0,0,0,18,9,9
SCHLEICHER COUNTY,413,68 Years,35,15,20,19,8,11,0,0,0,0,0,0,0,0,0,16,7,9
SCHLEICHER COUNTY,413,69 Years,29,17,12,17,9,8,0,0,0,0,0,0,0,0,0,12,8,4
SCHLEICHER COUNTY,413,70 Years,32,16,16,18,10,8,0,0,0,0,0,0,0,0,0,14,6,8
SCHLEICHER COUNTY,413,71 Years,27,12,15,16,8,8,1,0,1,0,0,0,1,1,0,9,3,6
SCHLEICHER COUNTY,413,72 Years,21,10,11,13,6,7,0,0,0,0,0,0,1,0,1,7,4,3
SCHLEICHER COUNTY,413,73 Years,17,8,9,12,5,7,0,0,0,0,0,0,0,0,0,5,3,2
SCHLEICHER COUNTY,413,74 Years,23,10,13,15,5,10,0,0,0,0,0,0,1,0,1,7,5,2
SCHLEICHER COUNTY,413,75 Years,19,10,9,10,5,5,0,0,0,1,1,0,0,0,0,8,4,4
SCHLEICHER COUNTY,413,76 Years,19,7,12,13,5,8,0,0,0,0,0,0,0,0,0,6,2,4
SCHLEICHER COUNTY,413,77 Years,22,10,12,12,4,8,1,1,0,0,0,0,0,0,0,9,5,4
SCHLEICHER COUNTY,413,78 Years,14,7,7,9,4,5,0,0,0,0,0,0,0,0,0,5,3,2
SCHLEICHER COUNTY,413,79 Years,12,5,7,10,3,7,0,0,0,0,0,0,0,0,0,2,2,0
SCHLEICHER COUNTY,413,80 Years,15,8,7,11,6,5,0,0,0,0,0,0,0,0,0,4,2,2
SCHLEICHER COUNTY,413,81 Years,17,8,9,13,7,6,0,0,0,0,0,0,0,0,0,4,1,3
SCHLEICHER COUNTY,413,82 Years,13,7,6,9,5,4,0,0,0,0,0,0,0,0,0,4,2,2
SCHLEICHER COUNTY,413,83 Years,15,7,8,9,4,5,0,0,0,0,0,0,0,0,0,6,3,3
SCHLEICHER COUNTY,413,84 Years,12,5,7,8,3,5,0,0,0,0,0,0,0,0,0,4,2,2
SCHLEICHER COUNTY,413,85 Years,14,8,6,8,4,4,0,0,0,0,0,0,0,0,0,6,4,2
SCHLEICHER COUNTY,413,86 Years,15,7,8,9,4,5,1,0,1,0,0,0,0,0,0,5,3,2
SCHLEICHER COUNTY,413,87 Years,8,6,2,6,4,2,0,0,0,0,0,0,0,0,0,2,2,0
SCHLEICHER COUNTY,413,88 Years,8,4,4,6,4,2,0,0,0,0,0,0,0,0,0,2,0,2
SCHLEICHER COUNTY,413,89 Years,11,7,4,5,3,2,0,0,0,0,0,0,0,0,0,6,4,2
SCHLEICHER COUNTY,413,90 Years,8,3,5,5,2,3,0,0,0,0,0,0,0,0,0,3,1,2
SCHLEICHER COUNTY,413,91 Years,2,1,1,1,1,0,0,0,0,0,0,0,0,0,0,1,0,1
SCHLEICHER COUNTY,413,92 Years,4,2,2,3,2,1,0,0,0,0,0,0,0,0,0,1,0,1
SCHLEICHER COUNTY,413,93 Years,5,2,3,3,1,2,0,0,0,0,0,0,0,0,0,2,1,1
SCHLEICHER COUNTY,413,94 Years,2,0,2,2,0,2,0,0,0,0,0,0,0,0,0,0,0,0
SCHLEICHER COUNTY,413,95 Years +,7,3,4,6,2,4,0,0,0,0,0,0,0,0,0,1,1,0
SCURRY COUNTY,415,All Ages,16905,9155,7750,8856,4665,4191,737,529,208,66,27,39,203,95,108,7043,3839,3204
SCURRY COUNTY,415,< 1 Year,221,112,109,76,40,36,3,1,2,0,0,0,5,3,2,137,68,69
SCURRY COUNTY,415,1 Years,211,106,105,73,37,36,3,1,2,1,0,1,6,3,3,128,65,63
SCURRY COUNTY,415,2 Years,226,117,109,81,42,39,2,1,1,2,1,1,5,2,3,136,71,65
SCURRY COUNTY,415,3 Years,217,108,109,78,40,38,3,1,2,1,1,0,5,2,3,130,64,66
SCURRY COUNTY,415,4 Years,230,116,114,84,42,42,4,2,2,2,0,2,4,2,2,136,70,66
SCURRY COUNTY,415,5 Years,227,119,108,83,43,40,2,1,1,1,0,1,4,2,2,137,73,64
SCURRY COUNTY,415,6 Years,240,127,113,88,43,45,4,2,2,2,1,1,2,1,1,144,80,64
SCURRY COUNTY,415,7 Years,227,120,107,84,47,37,5,0,5,1,0,1,2,0,2,135,73,62
SCURRY COUNTY,415,8 Years,240,135,105,95,52,43,4,1,3,1,1,0,4,2,2,136,79,57
SCURRY COUNTY,415,9 Years,259,141,118,104,58,46,8,2,6,0,0,0,4,2,2,143,79,64
SCURRY COUNTY,415,10 Years,249,139,110,111,66,45,6,4,2,0,0,0,4,2,2,128,67,61
SCURRY COUNTY,415,11 Years,268,149,119,104,57,47,5,4,1,1,1,0,4,1,3,154,86,68
SCURRY COUNTY,415,12 Years,264,150,114,99,56,43,10,5,5,0,0,0,5,4,1,150,85,65
SCURRY COUNTY,415,13 Years,237,126,111,92,58,34,6,4,2,1,0,1,6,3,3,132,61,71
SCURRY COUNTY,415,14 Years,227,110,117,82,43,39,3,3,0,1,0,1,7,2,5,134,62,72
SCURRY COUNTY,415,15 Years,222,110,112,95,50,45,5,3,2,0,0,0,6,1,5,116,56,60
SCURRY COUNTY,415,16 Years,231,117,114,105,59,46,3,2,1,0,0,0,5,2,3,118,54,64
SCURRY COUNTY,415,17 Years,222,106,116,97,48,49,4,1,3,0,0,0,5,2,3,116,55,61
SCURRY COUNTY,415,18 Years,215,113,102,92,52,40,10,7,3,0,0,0,7,2,5,106,52,54
SCURRY COUNTY,415,19 Years,207,120,87,86,51,35,18,14,4,1,1,0,7,4,3,95,50,45
SCURRY COUNTY,415,20 Years,253,142,111,108,62,46,24,19,5,1,1,0,5,3,2,115,57,58
SCURRY COUNTY,415,21 Years,221,124,97,81,41,40,24,19,5,0,0,0,4,3,1,112,61,51
SCURRY COUNTY,415,22 Years,210,118,92,78,44,34,20,16,4,0,0,0,3,2,1,109,56,53
SCURRY COUNTY,415,23 Years,217,117,100,92,41,51,14,11,3,1,0,1,6,3,3,104,62,42
SCURRY COUNTY,415,24 Years,242,135,107,103,52,51,16,11,5,0,0,0,5,3,2,118,69,49
SCURRY COUNTY,415,25 Years,275,156,119,115,63,52,21,20,1,2,1,1,2,0,2,135,72,63
SCURRY COUNTY,415,26 Years,293,178,115,140,88,52,13,12,1,1,1,0,2,1,1,137,76,61
SCURRY COUNTY,415,27 Years,278,174,104,156,94,62,16,12,4,0,0,0,3,1,2,103,67,36
SCURRY COUNTY,415,28 Years,255,151,104,133,79,54,15,10,5,0,0,0,2,1,1,105,61,44
SCURRY COUNTY,415,29 Years,226,139,87,113,66,47,17,15,2,0,0,0,0,0,0,96,58,38
SCURRY COUNTY,415,30 Years,228,135,93,116,68,48,15,12,3,0,0,0,2,2,0,95,53,42
SCURRY COUNTY,415,31 Years,237,137,100,120,70,50,14,12,2,0,0,0,3,2,1,100,53,47
SCURRY COUNTY,415,32 Years,239,150,89,110,67,43,20,19,1,2,1,1,0,0,0,107,63,44
SCURRY COUNTY,415,33 Years,244,138,106,132,73,59,14,13,1,2,1,1,2,1,1,94,50,44
SCURRY COUNTY,415,34 Years,233,123,110,123,65,58,9,7,2,1,1,0,1,1,0,99,49,50
SCURRY COUNTY,415,35 Years,247,139,108,123,69,54,10,8,2,1,1,0,2,1,1,111,60,51
SCURRY COUNTY,415,36 Years,249,143,106,115,64,51,11,9,2,1,0,1,3,1,2,119,69,50
SCURRY COUNTY,415,37 Years,242,145,97,116,64,52,12,10,2,4,2,2,6,6,0,104,63,41
SCURRY COUNTY,415,38 Years,232,131,101,121,68,53,10,8,2,2,1,1,1,0,1,98,54,44
SCURRY COUNTY,415,39 Years,209,121,88,109,61,48,11,8,3,4,1,3,0,0,0,85,51,34
SCURRY COUNTY,415,40 Years,205,127,78,105,62,43,12,11,1,1,0,1,2,1,1,85,53,32
SCURRY COUNTY,415,41 Years,212,129,83,109,64,45,14,11,3,0,0,0,0,0,0,89,54,35
SCURRY COUNTY,415,42 Years,185,109,76,95,51,44,9,8,1,0,0,0,1,0,1,80,50,30
SCURRY COUNTY,415,43 Years,184,108,76,98,56,42,10,7,3,0,0,0,0,0,0,76,45,31
SCURRY COUNTY,415,44 Years,183,111,72,95,54,41,9,7,2,0,0,0,0,0,0,79,50,29
SCURRY COUNTY,415,45 Years,196,114,82,97,56,41,10,9,1,1,0,1,1,1,0,87,48,39
SCURRY COUNTY,415,46 Years,230,134,96,119,67,52,13,9,4,8,0,8,3,1,2,87,57,30
SCURRY COUNTY,415,47 Years,207,125,82,111,65,46,12,10,2,3,1,2,3,1,2,78,48,30
SCURRY COUNTY,415,48 Years,182,108,74,107,60,47,8,7,1,0,0,0,1,0,1,66,41,25
SCURRY COUNTY,415,49 Years,196,118,78,108,65,43,11,9,2,0,0,0,3,1,2,74,43,31
SCURRY COUNTY,415,50 Years,187,113,74,93,54,39,17,14,3,0,0,0,3,2,1,74,43,31
SCURRY COUNTY,415,51 Years,191,110,81,104,60,44,10,7,3,0,0,0,0,0,0,77,43,34
SCURRY COUNTY,415,52 Years,198,112,86,115,60,55,10,8,2,1,1,0,3,3,0,69,40,29
SCURRY COUNTY,415,53 Years,192,111,81,110,61,49,10,6,4,0,0,0,2,1,1,70,43,27
SCURRY COUNTY,415,54 Years,231,131,100,141,74,67,10,8,2,1,1,0,3,1,2,76,47,29
SCURRY COUNTY,415,55 Years,210,118,92,131,68,63,11,9,2,1,1,0,1,0,1,66,40,26
SCURRY COUNTY,415,56 Years,216,117,99,138,74,64,13,9,4,1,1,0,1,0,1,63,33,30
SCURRY COUNTY,415,57 Years,214,110,104,144,73,71,10,7,3,0,0,0,1,0,1,59,30,29
SCURRY COUNTY,415,58 Years,209,112,97,131,64,67,10,8,2,1,0,1,2,2,0,65,38,27
SCURRY COUNTY,415,59 Years,201,110,91,130,69,61,5,4,1,0,0,0,0,0,0,66,37,29
SCURRY COUNTY,415,60 Years,194,99,95,123,63,60,9,4,5,2,2,0,2,1,1,58,29,29
SCURRY COUNTY,415,61 Years,177,98,79,119,67,52,3,1,2,1,1,0,0,0,0,54,29,25
SCURRY COUNTY,415,62 Years,182,102,80,127,71,56,4,1,3,0,0,0,0,0,0,51,30,21
SCURRY COUNTY,415,63 Years,196,97,99,131,64,67,7,4,3,0,0,0,2,1,1,56,28,28
SCURRY COUNTY,415,64 Years,167,82,85,110,56,54,4,2,2,1,0,1,1,0,1,51,24,27
SCURRY COUNTY,415,65 Years,156,77,79,109,55,54,2,1,1,2,1,1,0,0,0,43,20,23
SCURRY COUNTY,415,66 Years,168,79,89,122,56,66,2,0,2,1,1,0,1,0,1,42,22,20
SCURRY COUNTY,415,67 Years,137,60,77,96,38,58,4,1,3,0,0,0,1,0,1,36,21,15
SCURRY COUNTY,415,68 Years,141,72,69,99,45,54,3,2,1,1,0,1,1,0,1,37,25,12
SCURRY COUNTY,415,69 Years,137,69,68,106,52,54,3,2,1,0,0,0,0,0,0,28,15,13
SCURRY COUNTY,415,70 Years,145,65,80,111,48,63,5,3,2,0,0,0,0,0,0,29,14,15
SCURRY COUNTY,415,71 Years,108,57,51,76,40,36,3,2,1,0,0,0,0,0,0,29,15,14
SCURRY COUNTY,415,72 Years,104,52,52,72,36,36,2,1,1,0,0,0,1,0,1,29,15,14
SCURRY COUNTY,415,73 Years,106,49,57,72,35,37,3,2,1,0,0,0,1,0,1,30,12,18
SCURRY COUNTY,415,74 Years,116,56,60,81,37,44,4,3,1,0,0,0,2,2,0,29,14,15
SCURRY COUNTY,415,75 Years,95,44,51,64,30,34,4,1,3,0,0,0,1,1,0,26,12,14
SCURRY COUNTY,415,76 Years,88,37,51,67,28,39,2,1,1,0,0,0,0,0,0,19,8,11
SCURRY COUNTY,415,77 Years,88,34,54,69,27,42,5,2,3,0,0,0,1,0,1,13,5,8
SCURRY COUNTY,415,78 Years,89,41,48,71,29,42,4,4,0,0,0,0,1,1,0,13,7,6
SCURRY COUNTY,415,79 Years,86,34,52,67,25,42,4,1,3,0,0,0,1,0,1,14,8,6
SCURRY COUNTY,415,80 Years,78,27,51,63,21,42,4,1,3,0,0,0,1,0,1,10,5,5
SCURRY COUNTY,415,81 Years,71,27,44,60,23,37,3,1,2,0,0,0,1,0,1,7,3,4
SCURRY COUNTY,415,82 Years,67,32,35,52,28,24,2,0,2,0,0,0,0,0,0,13,4,9
SCURRY COUNTY,415,83 Years,71,28,43,51,24,27,4,1,3,1,0,1,0,0,0,15,3,12
SCURRY COUNTY,415,84 Years,57,24,33,45,19,26,3,1,2,0,0,0,0,0,0,9,4,5
SCURRY COUNTY,415,85 Years,54,26,28,39,18,21,7,3,4,0,0,0,0,0,0,8,5,3
SCURRY COUNTY,415,86 Years,54,21,33,42,15,27,2,1,1,0,0,0,1,1,0,9,4,5
SCURRY COUNTY,415,87 Years,51,17,34,41,13,28,1,1,0,1,0,1,1,0,1,7,3,4
SCURRY COUNTY,415,88 Years,38,12,26,29,8,21,2,1,1,1,0,1,1,0,1,5,3,2
SCURRY COUNTY,415,89 Years,41,15,26,31,10,21,1,1,0,0,0,0,2,1,1,7,3,4
SCURRY COUNTY,415,90 Years,33,16,17,30,13,17,0,0,0,0,0,0,0,0,0,3,3,0
SCURRY COUNTY,415,91 Years,28,11,17,24,9,15,0,0,0,0,0,0,0,0,0,4,2,2
SCURRY COUNTY,415,92 Years,19,7,12,17,6,11,0,0,0,0,0,0,0,0,0,2,1,1
SCURRY COUNTY,415,93 Years,18,7,11,16,6,10,0,0,0,0,0,0,0,0,0,2,1,1
SCURRY COUNTY,415,94 Years,14,6,8,11,5,6,0,0,0,0,0,0,0,0,0,3,1,2
SCURRY COUNTY,415,95 Years +,32,11,21,19,5,14,3,2,1,0,0,0,1,0,1,9,4,5
SHACKELFORD COUNTY,417,All Ages,3420,1659,1761,2966,1423,1543,17,11,6,10,3,7,50,26,24,377,196,181
SHACKELFORD COUNTY,417,< 1 Year,42,21,21,38,19,19,0,0,0,0,0,0,0,0,0,4,2,2
SHACKELFORD COUNTY,417,1 Years,42,24,18,35,19,16,0,0,0,2,1,1,1,1,0,4,3,1
SHACKELFORD COUNTY,417,2 Years,41,21,20,36,18,18,0,0,0,0,0,0,0,0,0,5,3,2
SHACKELFORD COUNTY,417,3 Years,40,19,21,35,17,18,0,0,0,0,0,0,0,0,0,5,2,3
SHACKELFORD COUNTY,417,4 Years,41,21,20,36,18,18,0,0,0,0,0,0,0,0,0,5,3,2
SHACKELFORD COUNTY,417,5 Years,41,23,18,37,21,16,0,0,0,0,0,0,0,0,0,4,2,2
SHACKELFORD COUNTY,417,6 Years,39,22,17,34,19,15,0,0,0,0,0,0,0,0,0,5,3,2
SHACKELFORD COUNTY,417,7 Years,48,28,20,42,24,18,0,0,0,2,2,0,0,0,0,4,2,2
SHACKELFORD COUNTY,417,8 Years,35,14,21,27,11,16,0,0,0,0,0,0,2,0,2,6,3,3
SHACKELFORD COUNTY,417,9 Years,36,20,16,31,18,13,0,0,0,0,0,0,0,0,0,5,2,3
SHACKELFORD COUNTY,417,10 Years,57,27,30,48,22,26,0,0,0,0,0,0,2,1,1,7,4,3
SHACKELFORD COUNTY,417,11 Years,51,27,24,37,19,18,1,0,1,0,0,0,3,1,2,10,7,3
SHACKELFORD COUNTY,417,12 Years,50,23,27,39,16,23,2,2,0,0,0,0,3,2,1,6,3,3
SHACKELFORD COUNTY,417,13 Years,38,17,21,32,15,17,1,1,0,0,0,0,0,0,0,5,1,4
SHACKELFORD COUNTY,417,14 Years,33,17,16,28,15,13,0,0,0,0,0,0,0,0,0,5,2,3
SHACKELFORD COUNTY,417,15 Years,50,23,27,40,18,22,2,2,0,0,0,0,1,1,0,7,2,5
SHACKELFORD COUNTY,417,16 Years,49,22,27,40,16,24,0,0,0,0,0,0,2,2,0,7,4,3
SHACKELFORD COUNTY,417,17 Years,36,16,20,30,14,16,1,0,1,0,0,0,1,1,0,4,1,3
SHACKELFORD COUNTY,417,18 Years,44,17,27,32,12,20,0,0,0,0,0,0,1,1,0,11,4,7
SHACKELFORD COUNTY,417,19 Years,39,22,17,29,16,13,0,0,0,0,0,0,1,1,0,9,5,4
SHACKELFORD COUNTY,417,20 Years,27,14,13,19,9,10,0,0,0,0,0,0,1,1,0,7,4,3
SHACKELFORD COUNTY,417,21 Years,28,8,20,24,6,18,0,0,0,0,0,0,0,0,0,4,2,2
SHACKELFORD COUNTY,417,22 Years,45,20,25,35,13,22,0,0,0,0,0,0,0,0,0,10,7,3
SHACKELFORD COUNTY,417,23 Years,47,22,25,32,15,17,0,0,0,0,0,0,2,1,1,13,6,7
SHACKELFORD COUNTY,417,24 Years,49,19,30,37,14,23,0,0,0,2,0,2,0,0,0,10,5,5
SHACKELFORD COUNTY,417,25 Years,60,23,37,52,18,34,1,1,0,1,0,1,0,0,0,6,4,2
SHACKELFORD COUNTY,417,26 Years,48,22,26,42,18,24,1,1,0,0,0,0,1,0,1,4,3,1
SHACKELFORD COUNTY,417,27 Years,43,24,19,36,17,19,0,0,0,0,0,0,0,0,0,7,7,0
SHACKELFORD COUNTY,417,28 Years,33,16,17,26,12,14,0,0,0,0,0,0,0,0,0,7,4,3
SHACKELFORD COUNTY,417,29 Years,28,12,16,23,9,14,0,0,0,0,0,0,0,0,0,5,3,2
SHACKELFORD COUNTY,417,30 Years,34,19,15,28,14,14,0,0,0,0,0,0,0,0,0,6,5,1
SHACKELFORD COUNTY,417,31 Years,39,20,19,32,17,15,1,1,0,0,0,0,1,0,1,5,2,3
SHACKELFORD COUNTY,417,32 Years,46,23,23,40,21,19,0,0,0,0,0,0,0,0,0,6,2,4
SHACKELFORD COUNTY,417,33 Years,30,14,16,27,14,13,0,0,0,0,0,0,1,0,1,2,0,2
SHACKELFORD COUNTY,417,34 Years,26,10,16,23,8,15,0,0,0,0,0,0,2,2,0,1,0,1
SHACKELFORD COUNTY,417,35 Years,27,14,13,23,11,12,0,0,0,0,0,0,1,1,0,3,2,1
SHACKELFORD COUNTY,417,36 Years,30,16,14,26,13,13,0,0,0,0,0,0,1,1,0,3,2,1
SHACKELFORD COUNTY,417,37 Years,34,16,18,31,14,17,0,0,0,0,0,0,0,0,0,3,2,1
SHACKELFORD COUNTY,417,38 Years,30,17,13,28,16,12,0,0,0,0,0,0,0,0,0,2,1,1
SHACKELFORD COUNTY,417,39 Years,23,13,10,21,12,9,0,0,0,0,0,0,0,0,0,2,1,1
SHACKELFORD COUNTY,417,40 Years,27,14,13,26,14,12,0,0,0,0,0,0,0,0,0,1,0,1
SHACKELFORD COUNTY,417,41 Years,35,13,22,31,13,18,0,0,0,0,0,0,0,0,0,4,0,4
SHACKELFORD COUNTY,417,42 Years,49,26,23,43,23,20,0,0,0,0,0,0,0,0,0,6,3,3
SHACKELFORD COUNTY,417,43 Years,44,25,19,38,24,14,0,0,0,0,0,0,0,0,0,6,1,5
SHACKELFORD COUNTY,417,44 Years,37,17,20,32,15,17,0,0,0,0,0,0,0,0,0,5,2,3
SHACKELFORD COUNTY,417,45 Years,37,19,18,31,15,16,0,0,0,1,0,1,0,0,0,5,4,1
SHACKELFORD COUNTY,417,46 Years,43,18,25,39,16,23,1,1,0,0,0,0,0,0,0,3,1,2
SHACKELFORD COUNTY,417,47 Years,42,20,22,36,17,19,0,0,0,0,0,0,0,0,0,6,3,3
SHACKELFORD COUNTY,417,48 Years,37,22,15,31,20,11,0,0,0,0,0,0,0,0,0,6,2,4
SHACKELFORD COUNTY,417,49 Years,39,20,19,32,16,16,0,0,0,0,0,0,1,1,0,6,3,3
SHACKELFORD COUNTY,417,50 Years,44,20,24,36,15,21,1,1,0,0,0,0,0,0,0,7,4,3
SHACKELFORD COUNTY,417,51 Years,44,19,25,41,17,24,0,0,0,0,0,0,0,0,0,3,2,1
SHACKELFORD COUNTY,417,52 Years,46,26,20,40,22,18,0,0,0,0,0,0,1,1,0,5,3,2
SHACKELFORD COUNTY,417,53 Years,42,19,23,35,15,20,0,0,0,0,0,0,0,0,0,7,4,3
SHACKELFORD COUNTY,417,54 Years,51,18,33,41,14,27,0,0,0,0,0,0,1,0,1,9,4,5
SHACKELFORD COUNTY,417,55 Years,58,23,35,52,21,31,0,0,0,0,0,0,1,0,1,5,2,3
SHACKELFORD COUNTY,417,56 Years,67,37,30,61,35,26,0,0,0,0,0,0,1,0,1,5,2,3
SHACKELFORD COUNTY,417,57 Years,54,29,25,49,25,24,0,0,0,0,0,0,0,0,0,5,4,1
SHACKELFORD COUNTY,417,58 Years,53,26,27,50,25,25,0,0,0,1,0,1,0,0,0,2,1,1
SHACKELFORD COUNTY,417,59 Years,60,33,27,53,29,24,0,0,0,0,0,0,3,2,1,4,2,2
SHACKELFORD COUNTY,417,60 Years,46,23,23,42,20,22,0,0,0,0,0,0,1,1,0,3,2,1
SHACKELFORD COUNTY,417,61 Years,54,26,28,50,24,26,0,0,0,0,0,0,1,0,1,3,2,1
SHACKELFORD COUNTY,417,62 Years,56,27,29,52,25,27,0,0,0,0,0,0,1,1,0,3,1,2
SHACKELFORD COUNTY,417,63 Years,56,27,29,52,25,27,0,0,0,0,0,0,1,1,0,3,1,2
SHACKELFORD COUNTY,417,64 Years,48,23,25,45,22,23,0,0,0,0,0,0,1,1,0,2,0,2
SHACKELFORD COUNTY,417,65 Years,41,16,25,38,15,23,0,0,0,0,0,0,1,0,1,2,1,1
SHACKELFORD COUNTY,417,66 Years,38,13,25,36,13,23,0,0,0,0,0,0,0,0,0,2,0,2
SHACKELFORD COUNTY,417,67 Years,48,21,27,45,21,24,0,0,0,0,0,0,0,0,0,3,0,3
SHACKELFORD COUNTY,417,68 Years,45,23,22,42,21,21,0,0,0,0,0,0,0,0,0,3,2,1
SHACKELFORD COUNTY,417,69 Years,44,24,20,40,21,19,0,0,0,0,0,0,0,0,0,4,3,1
SHACKELFORD COUNTY,417,70 Years,42,27,15,38,24,14,0,0,0,0,0,0,0,0,0,4,3,1
SHACKELFORD COUNTY,417,71 Years,33,19,14,31,18,13,0,0,0,1,0,1,0,0,0,1,1,0
SHACKELFORD COUNTY,417,72 Years,25,15,10,23,14,9,0,0,0,0,0,0,1,0,1,1,1,0
SHACKELFORD COUNTY,417,73 Years,29,18,11,27,17,10,0,0,0,0,0,0,0,0,0,2,1,1
SHACKELFORD COUNTY,417,74 Years,31,16,15,26,13,13,0,0,0,0,0,0,1,0,1,4,3,1
SHACKELFORD COUNTY,417,75 Years,38,11,27,34,10,24,0,0,0,0,0,0,1,0,1,3,1,2
SHACKELFORD COUNTY,417,76 Years,26,9,17,24,8,16,0,0,0,0,0,0,0,0,0,2,1,1
SHACKELFORD COUNTY,417,77 Years,21,11,10,21,11,10,0,0,0,0,0,0,0,0,0,0,0,0
SHACKELFORD COUNTY,417,78 Years,21,13,8,19,11,8,0,0,0,0,0,0,0,0,0,2,2,0
SHACKELFORD COUNTY,417,79 Years,25,12,13,23,10,13,0,0,0,0,0,0,0,0,0,2,2,0
SHACKELFORD COUNTY,417,80 Years,21,12,9,20,11,9,1,1,0,0,0,0,0,0,0,0,0,0
SHACKELFORD COUNTY,417,81 Years,18,10,8,17,10,7,1,0,1,0,0,0,0,0,0,0,0,0
SHACKELFORD COUNTY,417,82 Years,18,9,9,17,9,8,1,0,1,0,0,0,0,0,0,0,0,0
SHACKELFORD COUNTY,417,83 Years,21,8,13,18,7,11,1,0,1,0,0,0,0,0,0,2,1,1
SHACKELFORD COUNTY,417,84 Years,14,6,8,11,5,6,1,0,1,0,0,0,2,1,1,0,0,0
SHACKELFORD COUNTY,417,85 Years,10,5,5,9,5,4,0,0,0,0,0,0,1,0,1,0,0,0
SHACKELFORD COUNTY,417,86 Years,6,3,3,6,3,3,0,0,0,0,0,0,0,0,0,0,0,0
SHACKELFORD COUNTY,417,87 Years,9,3,6,9,3,6,0,0,0,0,0,0,0,0,0,0,0,0
SHACKELFORD COUNTY,417,88 Years,11,3,8,11,3,8,0,0,0,0,0,0,0,0,0,0,0,0
SHACKELFORD COUNTY,417,89 Years,7,2,5,6,2,4,0,0,0,0,0,0,0,0,0,1,0,1
SHACKELFORD COUNTY,417,90 Years,5,3,2,4,2,2,0,0,0,0,0,0,0,0,0,1,1,0
SHACKELFORD COUNTY,417,91 Years,6,3,3,5,3,2,0,0,0,0,0,0,1,0,1,0,0,0
SHACKELFORD COUNTY,417,92 Years,4,2,2,4,2,2,0,0,0,0,0,0,0,0,0,0,0,0
SHACKELFORD COUNTY,417,93 Years,3,2,1,3,2,1,0,0,0,0,0,0,0,0,0,0,0,0
SHACKELFORD COUNTY,417,94 Years,4,1,3,3,1,2,0,0,0,0,0,0,1,0,1,0,0,0
SHACKELFORD COUNTY,417,95 Years +,8,3,5,7,3,4,0,0,0,0,0,0,1,0,1,0,0,0
SHELBY COUNTY,419,All Ages,24588,12193,12395,15172,7512,7660,4186,1936,2250,141,67,74,318,157,161,4771,2521,2250
SHELBY COUNTY,419,< 1 Year,367,176,191,179,87,92,49,25,24,5,3,2,9,5,4,125,56,69
SHELBY COUNTY,419,1 Years,364,178,186,175,85,90,48,23,25,8,4,4,11,5,6,122,61,61
SHELBY COUNTY,419,2 Years,371,181,190,173,86,87,45,21,24,14,7,7,13,6,7,126,61,65
SHELBY COUNTY,419,3 Years,367,189,178,174,90,84,44,21,23,17,10,7,12,6,6,120,62,58
SHELBY COUNTY,419,4 Years,359,181,178,164,85,79,42,21,21,13,7,6,9,4,5,131,64,67
SHELBY COUNTY,419,5 Years,350,178,172,159,82,77,41,22,19,7,5,2,8,5,3,135,64,71
SHELBY COUNTY,419,6 Years,340,168,172,150,77,73,46,23,23,5,2,3,5,3,2,134,63,71
SHELBY COUNTY,419,7 Years,358,170,188,157,82,75,57,26,31,3,1,2,5,1,4,136,60,76
SHELBY COUNTY,419,8 Years,359,190,169,163,86,77,64,35,29,2,1,1,8,4,4,122,64,58
SHELBY COUNTY,419,9 Years,357,177,180,167,75,92,70,40,30,1,1,0,8,4,4,111,57,54
SHELBY COUNTY,419,10 Years,350,177,173,172,81,91,72,43,29,0,0,0,8,4,4,98,49,49
SHELBY COUNTY,419,11 Years,361,195,166,181,96,85,66,38,28,0,0,0,8,3,5,106,58,48
SHELBY COUNTY,419,12 Years,357,186,171,185,101,84,62,29,33,1,0,1,8,2,6,101,54,47
SHELBY COUNTY,419,13 Years,369,197,172,189,98,91,70,40,30,0,0,0,5,3,2,105,56,49
SHELBY COUNTY,419,14 Years,366,201,165,176,90,86,76,42,34,1,1,0,5,2,3,108,66,42
SHELBY COUNTY,419,15 Years,338,185,153,168,95,73,61,32,29,0,0,0,5,3,2,104,55,49
SHELBY COUNTY,419,16 Years,363,195,168,189,96,93,65,32,33,1,1,0,3,2,1,105,64,41
SHELBY COUNTY,419,17 Years,349,183,166,170,92,78,78,37,41,1,1,0,5,3,2,95,50,45
SHELBY COUNTY,419,18 Years,304,159,145,162,87,75,61,28,33,0,0,0,4,2,2,77,42,35
SHELBY COUNTY,419,19 Years,274,132,142,150,74,76,44,18,26,0,0,0,5,1,4,75,39,36
SHELBY COUNTY,419,20 Years,249,127,122,135,67,68,47,27,20,0,0,0,6,3,3,61,30,31
SHELBY COUNTY,419,21 Years,241,117,124,128,62,66,55,27,28,0,0,0,5,4,1,53,24,29
SHELBY COUNTY,419,22 Years,249,121,128,137,69,68,54,25,29,0,0,0,5,4,1,53,23,30
SHELBY COUNTY,419,23 Years,267,117,150,155,69,86,54,25,29,0,0,0,4,2,2,54,21,33
SHELBY COUNTY,419,24 Years,302,161,141,176,90,86,60,34,26,3,2,1,5,2,3,58,33,25
SHELBY COUNTY,419,25 Years,313,141,172,172,74,98,71,29,42,2,1,1,5,2,3,63,35,28
SHELBY COUNTY,419,26 Years,325,154,171,186,96,90,72,22,50,2,0,2,5,2,3,60,34,26
SHELBY COUNTY,419,27 Years,315,147,168,192,99,93,62,20,42,2,0,2,4,1,3,55,27,28
SHELBY COUNTY,419,28 Years,309,138,171,186,87,99,50,16,34,2,0,2,5,3,2,66,32,34
SHELBY COUNTY,419,29 Years,312,154,158,186,94,92,53,22,31,2,1,1,2,1,1,69,36,33
SHELBY COUNTY,419,30 Years,293,140,153,169,83,86,52,18,34,1,1,0,2,1,1,69,37,32
SHELBY COUNTY,419,31 Years,293,143,150,169,86,83,52,20,32,0,0,0,2,1,1,70,36,34
SHELBY COUNTY,419,32 Years,285,145,140,163,83,80,47,22,25,2,0,2,2,1,1,71,39,32
SHELBY COUNTY,419,33 Years,294,149,145,169,83,86,45,18,27,1,0,1,4,2,2,75,46,29
SHELBY COUNTY,419,34 Years,291,150,141,174,88,86,47,21,26,1,1,0,5,3,2,64,37,27
SHELBY COUNTY,419,35 Years,263,135,128,149,76,73,50,21,29,0,0,0,2,1,1,62,37,25
SHELBY COUNTY,419,36 Years,292,154,138,173,86,87,46,22,24,1,1,0,0,0,0,72,45,27
SHELBY COUNTY,419,37 Years,288,141,147,180,81,99,47,24,23,0,0,0,2,0,2,59,36,23
SHELBY COUNTY,419,38 Years,283,140,143,171,86,85,42,18,24,1,0,1,4,1,3,65,35,30
SHELBY COUNTY,419,39 Years,291,141,150,173,90,83,47,18,29,0,0,0,2,1,1,69,32,37
SHELBY COUNTY,419,40 Years,259,136,123,143,75,68,43,20,23,2,0,2,2,2,0,69,39,30
SHELBY COUNTY,419,41 Years,273,124,149,154,73,81,39,14,25,1,0,1,2,1,1,77,36,41
SHELBY COUNTY,419,42 Years,291,144,147,171,89,82,47,22,25,1,1,0,2,0,2,70,32,38
SHELBY COUNTY,419,43 Years,297,141,156,175,80,95,46,19,27,1,1,0,2,2,0,73,39,34
SHELBY COUNTY,419,44 Years,259,132,127,157,84,73,40,14,26,0,0,0,1,0,1,61,34,27
SHELBY COUNTY,419,45 Years,280,133,147,176,82,94,45,16,29,1,0,1,1,1,0,57,34,23
SHELBY COUNTY,419,46 Years,310,153,157,200,99,101,55,24,31,2,0,2,1,0,1,52,30,22
SHELBY COUNTY,419,47 Years,313,167,146,194,104,90,58,26,32,2,2,0,1,0,1,58,35,23
SHELBY COUNTY,419,48 Years,329,165,164,223,117,106,54,20,34,0,0,0,1,0,1,51,28,23
SHELBY COUNTY,419,49 Years,282,150,132,178,97,81,58,24,34,0,0,0,0,0,0,46,29,17
SHELBY COUNTY,419,50 Years,299,140,159,199,92,107,57,26,31,2,1,1,2,2,0,39,19,20
SHELBY COUNTY,419,51 Years,285,137,148,181,80,101,52,30,22,1,0,1,2,1,1,49,26,23
SHELBY COUNTY,419,52 Years,313,155,158,196,93,103,66,35,31,1,0,1,2,2,0,48,25,23
SHELBY COUNTY,419,53 Years,316,165,151,199,102,97,73,36,37,1,1,0,2,1,1,41,25,16
SHELBY COUNTY,419,54 Years,317,170,147,207,108,99,67,37,30,3,1,2,4,2,2,36,22,14
SHELBY COUNTY,419,55 Years,319,169,150,226,127,99,58,25,33,1,0,1,4,2,2,30,15,15
SHELBY COUNTY,419,56 Years,313,157,156,220,114,106,62,26,36,0,0,0,2,1,1,29,16,13
SHELBY COUNTY,419,57 Years,342,180,162,243,123,120,64,32,32,0,0,0,2,0,2,33,25,8
SHELBY COUNTY,419,58 Years,328,162,166,235,107,128,54,32,22,0,0,0,3,0,3,36,23,13
SHELBY COUNTY,419,59 Years,336,168,168,240,118,122,58,30,28,1,1,0,4,3,1,33,16,17
SHELBY COUNTY,419,60 Years,315,153,162,232,112,120,55,22,33,1,1,0,2,1,1,25,17,8
SHELBY COUNTY,419,61 Years,319,157,162,234,115,119,58,29,29,2,0,2,2,0,2,23,13,10
SHELBY COUNTY,419,62 Years,308,158,150,227,123,104,57,24,33,1,0,1,5,1,4,18,10,8
SHELBY COUNTY,419,63 Years,268,132,136,183,95,88,65,29,36,1,1,0,1,0,1,18,7,11
SHELBY COUNTY,419,64 Years,278,130,148,210,101,109,45,17,28,0,0,0,2,2,0,21,10,11
SHELBY COUNTY,419,65 Years,271,120,151,213,96,117,36,12,24,1,0,1,4,2,2,17,10,7
SHELBY COUNTY,419,66 Years,279,144,135,212,108,104,50,27,23,2,1,1,2,1,1,13,7,6
SHELBY COUNTY,419,67 Years,279,133,146,207,97,110,52,24,28,1,1,0,3,1,2,16,10,6
SHELBY COUNTY,419,68 Years,247,125,122,189,97,92,42,19,23,0,0,0,2,2,0,14,7,7
SHELBY COUNTY,419,69 Years,259,131,128,215,107,108,33,16,17,1,0,1,2,2,0,8,6,2
SHELBY COUNTY,419,70 Years,249,129,120,200,108,92,34,14,20,1,0,1,2,1,1,12,6,6
SHELBY COUNTY,419,71 Years,204,101,103,165,82,83,25,12,13,1,0,1,3,2,1,10,5,5
SHELBY COUNTY,419,72 Years,191,90,101,156,71,85,22,15,7,1,0,1,1,1,0,11,3,8
SHELBY COUNTY,419,73 Years,211,103,108,176,85,91,25,12,13,0,0,0,2,1,1,8,5,3
SHELBY COUNTY,419,74 Years,188,91,97,157,74,83,20,10,10,2,2,0,1,1,0,8,4,4
SHELBY COUNTY,419,75 Years,188,87,101,160,74,86,20,9,11,1,1,0,1,0,1,6,3,3
SHELBY COUNTY,419,76 Years,189,94,95,159,78,81,23,11,12,1,1,0,3,2,1,3,2,1
SHELBY COUNTY,419,77 Years,160,69,91,135,61,74,21,6,15,1,0,1,1,0,1,2,2,0
SHELBY COUNTY,419,78 Years,134,54,80,111,46,65,19,5,14,1,0,1,1,1,0,2,2,0
SHELBY COUNTY,419,79 Years,148,63,85,125,55,70,18,6,12,0,0,0,2,1,1,3,1,2
SHELBY COUNTY,419,80 Years,135,63,72,113,54,59,14,6,8,0,0,0,3,1,2,5,2,3
SHELBY COUNTY,419,81 Years,118,61,57,97,50,47,13,7,6,0,0,0,2,1,1,6,3,3
SHELBY COUNTY,419,82 Years,118,56,62,91,46,45,19,7,12,0,0,0,4,2,2,4,1,3
SHELBY COUNTY,419,83 Years,110,47,63,85,38,47,18,5,13,0,0,0,3,2,1,4,2,2
SHELBY COUNTY,419,84 Years,93,36,57,76,28,48,13,6,7,0,0,0,1,1,0,3,1,2
SHELBY COUNTY,419,85 Years,72,30,42,59,23,36,10,5,5,0,0,0,0,0,0,3,2,1
SHELBY COUNTY,419,86 Years,68,33,35,57,28,29,8,3,5,0,0,0,1,1,0,2,1,1
SHELBY COUNTY,419,87 Years,67,27,40,54,22,32,9,3,6,1,0,1,1,1,0,2,1,1
SHELBY COUNTY,419,88 Years,60,21,39,46,16,30,11,4,7,1,0,1,1,0,1,1,1,0
SHELBY COUNTY,419,89 Years,48,22,26,38,16,22,7,3,4,0,0,0,1,1,0,2,2,0
SHELBY COUNTY,419,90 Years,35,17,18,28,13,15,6,3,3,0,0,0,0,0,0,1,1,0
SHELBY COUNTY,419,91 Years,34,14,20,26,10,16,6,3,3,0,0,0,1,0,1,1,1,0
SHELBY COUNTY,419,92 Years,25,11,14,18,7,11,5,2,3,0,0,0,1,1,0,1,1,0
SHELBY COUNTY,419,93 Years,21,8,13,15,5,10,4,1,3,0,0,0,1,1,0,1,1,0
SHELBY COUNTY,419,94 Years,17,6,11,12,4,8,3,1,2,1,0,1,0,0,0,1,1,0
SHELBY COUNTY,419,95 Years +,43,16,27,28,9,19,10,5,5,0,0,0,1,0,1,4,2,2
SHERMAN COUNTY,421,All Ages,3031,1544,1487,1617,815,802,10,8,2,6,5,1,34,17,17,1364,699,665
SHERMAN COUNTY,421,< 1 Year,39,18,21,15,6,9,0,0,0,0,0,0,0,0,0,24,12,12
SHERMAN COUNTY,421,1 Years,41,20,21,17,7,10,0,0,0,0,0,0,0,0,0,24,13,11
SHERMAN COUNTY,421,2 Years,42,19,23,14,6,8,0,0,0,0,0,0,0,0,0,28,13,15
SHERMAN COUNTY,421,3 Years,45,22,23,13,7,6,0,0,0,0,0,0,2,1,1,30,14,16
SHERMAN COUNTY,421,4 Years,45,23,22,12,7,5,0,0,0,0,0,0,3,2,1,30,14,16
SHERMAN COUNTY,421,5 Years,48,23,25,15,8,7,0,0,0,0,0,0,3,2,1,30,13,17
SHERMAN COUNTY,421,6 Years,43,22,21,15,8,7,0,0,0,0,0,0,2,1,1,26,13,13
SHERMAN COUNTY,421,7 Years,34,14,20,12,2,10,0,0,0,0,0,0,0,0,0,22,12,10
SHERMAN COUNTY,421,8 Years,44,19,25,23,11,12,0,0,0,0,0,0,0,0,0,21,8,13
SHERMAN COUNTY,421,9 Years,48,25,23,18,10,8,0,0,0,0,0,0,0,0,0,30,15,15
SHERMAN COUNTY,421,10 Years,40,23,17,13,6,7,0,0,0,0,0,0,1,1,0,26,16,10
SHERMAN COUNTY,421,11 Years,44,28,16,14,8,6,0,0,0,0,0,0,0,0,0,30,20,10
SHERMAN COUNTY,421,12 Years,50,23,27,21,11,10,0,0,0,0,0,0,0,0,0,29,12,17
SHERMAN COUNTY,421,13 Years,50,24,26,24,11,13,0,0,0,1,0,1,0,0,0,25,13,12
SHERMAN COUNTY,421,14 Years,50,25,25,23,11,12,0,0,0,1,1,0,0,0,0,26,13,13
SHERMAN COUNTY,421,15 Years,47,26,21,19,11,8,0,0,0,0,0,0,1,0,1,27,15,12
SHERMAN COUNTY,421,16 Years,51,27,24,18,12,6,0,0,0,0,0,0,2,1,1,31,14,17
SHERMAN COUNTY,421,17 Years,38,20,18,14,9,5,0,0,0,0,0,0,1,1,0,23,10,13
SHERMAN COUNTY,421,18 Years,31,12,19,14,8,6,0,0,0,0,0,0,1,0,1,16,4,12
SHERMAN COUNTY,421,19 Years,39,22,17,13,7,6,1,1,0,0,0,0,0,0,0,25,14,11
SHERMAN COUNTY,421,20 Years,38,23,15,12,8,4,1,1,0,0,0,0,0,0,0,25,14,11
SHERMAN COUNTY,421,21 Years,41,20,21,12,7,5,0,0,0,0,0,0,0,0,0,29,13,16
SHERMAN COUNTY,421,22 Years,43,21,22,11,7,4,0,0,0,0,0,0,1,1,0,31,13,18
SHERMAN COUNTY,421,23 Years,50,20,30,18,9,9,1,0,1,0,0,0,0,0,0,31,11,20
SHERMAN COUNTY,421,24 Years,52,29,23,24,13,11,0,0,0,0,0,0,0,0,0,28,16,12
SHERMAN COUNTY,421,25 Years,41,24,17,18,12,6,0,0,0,0,0,0,0,0,0,23,12,11
SHERMAN COUNTY,421,26 Years,37,21,16,12,7,5,0,0,0,0,0,0,1,1,0,24,13,11
SHERMAN COUNTY,421,27 Years,27,13,14,9,3,6,0,0,0,0,0,0,0,0,0,18,10,8
SHERMAN COUNTY,421,28 Years,25,12,13,11,5,6,0,0,0,0,0,0,0,0,0,14,7,7
SHERMAN COUNTY,421,29 Years,21,14,7,9,7,2,0,0,0,0,0,0,0,0,0,12,7,5
SHERMAN COUNTY,421,30 Years,33,18,15,16,7,9,0,0,0,0,0,0,0,0,0,17,11,6
SHERMAN COUNTY,421,31 Years,27,18,9,13,7,6,1,1,0,0,0,0,0,0,0,13,10,3
SHERMAN COUNTY,421,32 Years,24,13,11,11,5,6,0,0,0,0,0,0,0,0,0,13,8,5
SHERMAN COUNTY,421,33 Years,30,10,20,17,6,11,0,0,0,0,0,0,0,0,0,13,4,9
SHERMAN COUNTY,421,34 Years,36,15,21,20,8,12,0,0,0,0,0,0,0,0,0,16,7,9
SHERMAN COUNTY,421,35 Years,28,12,16,17,8,9,0,0,0,0,0,0,0,0,0,11,4,7
SHERMAN COUNTY,421,36 Years,27,13,14,14,6,8,0,0,0,0,0,0,0,0,0,13,7,6
SHERMAN COUNTY,421,37 Years,27,16,11,15,8,7,0,0,0,0,0,0,0,0,0,12,8,4
SHERMAN COUNTY,421,38 Years,28,13,15,13,5,8,0,0,0,0,0,0,0,0,0,15,8,7
SHERMAN COUNTY,421,39 Years,31,14,17,16,6,10,0,0,0,0,0,0,1,0,1,14,8,6
SHERMAN COUNTY,421,40 Years,28,17,11,11,8,3,0,0,0,0,0,0,0,0,0,17,9,8
SHERMAN COUNTY,421,41 Years,37,22,15,17,9,8,0,0,0,1,1,0,1,1,0,18,11,7
SHERMAN COUNTY,421,42 Years,46,23,23,20,11,9,0,0,0,0,0,0,1,0,1,25,12,13
SHERMAN COUNTY,421,43 Years,33,18,15,14,8,6,0,0,0,0,0,0,1,0,1,18,10,8
SHERMAN COUNTY,421,44 Years,36,16,20,20,9,11,0,0,0,0,0,0,1,1,0,15,6,9
SHERMAN COUNTY,421,45 Years,47,25,22,28,14,14,0,0,0,1,1,0,0,0,0,18,10,8
SHERMAN COUNTY,421,46 Years,43,18,25,27,11,16,0,0,0,0,0,0,0,0,0,16,7,9
SHERMAN COUNTY,421,47 Years,42,21,21,22,11,11,0,0,0,0,0,0,0,0,0,20,10,10
SHERMAN COUNTY,421,48 Years,41,20,21,21,11,10,0,0,0,0,0,0,0,0,0,20,9,11
SHERMAN COUNTY,421,49 Years,35,13,22,16,5,11,0,0,0,0,0,0,0,0,0,19,8,11
SHERMAN COUNTY,421,50 Years,37,18,19,23,9,14,1,1,0,0,0,0,0,0,0,13,8,5
SHERMAN COUNTY,421,51 Years,49,20,29,22,9,13,1,0,1,1,1,0,0,0,0,25,10,15
SHERMAN COUNTY,421,52 Years,50,27,23,25,14,11,0,0,0,1,1,0,0,0,0,24,12,12
SHERMAN COUNTY,421,53 Years,49,29,20,33,20,13,0,0,0,0,0,0,1,0,1,15,9,6
SHERMAN COUNTY,421,54 Years,40,25,15,26,14,12,0,0,0,0,0,0,1,0,1,13,11,2
SHERMAN COUNTY,421,55 Years,44,23,21,26,15,11,0,0,0,0,0,0,1,0,1,17,8,9
SHERMAN COUNTY,421,56 Years,44,22,22,29,12,17,0,0,0,0,0,0,1,1,0,14,9,5
SHERMAN COUNTY,421,57 Years,36,21,15,23,12,11,0,0,0,0,0,0,1,1,0,12,8,4
SHERMAN COUNTY,421,58 Years,41,19,22,28,13,15,0,0,0,0,0,0,1,1,0,12,5,7
SHERMAN COUNTY,421,59 Years,48,23,25,32,15,17,0,0,0,0,0,0,1,1,0,15,7,8
SHERMAN COUNTY,421,60 Years,35,19,16,25,14,11,0,0,0,0,0,0,0,0,0,10,5,5
SHERMAN COUNTY,421,61 Years,39,26,13,25,17,8,0,0,0,0,0,0,0,0,0,14,9,5
SHERMAN COUNTY,421,62 Years,43,24,19,29,16,13,1,1,0,0,0,0,0,0,0,13,7,6
SHERMAN COUNTY,421,63 Years,26,12,14,16,7,9,0,0,0,0,0,0,0,0,0,10,5,5
SHERMAN COUNTY,421,64 Years,23,13,10,18,9,9,0,0,0,0,0,0,0,0,0,5,4,1
SHERMAN COUNTY,421,65 Years,29,16,13,25,13,12,0,0,0,0,0,0,0,0,0,4,3,1
SHERMAN COUNTY,421,66 Years,31,17,14,24,12,12,1,1,0,0,0,0,1,0,1,5,4,1
SHERMAN COUNTY,421,67 Years,27,13,14,20,10,10,0,0,0,0,0,0,1,0,1,6,3,3
SHERMAN COUNTY,421,68 Years,24,14,10,21,12,9,1,1,0,0,0,0,0,0,0,2,1,1
SHERMAN COUNTY,421,69 Years,26,14,12,21,10,11,0,0,0,0,0,0,0,0,0,5,4,1
SHERMAN COUNTY,421,70 Years,31,14,17,28,13,15,0,0,0,0,0,0,0,0,0,3,1,2
SHERMAN COUNTY,421,71 Years,24,11,13,22,11,11,0,0,0,0,0,0,0,0,0,2,0,2
SHERMAN COUNTY,421,72 Years,20,10,10,19,9,10,0,0,0,0,0,0,0,0,0,1,1,0
SHERMAN COUNTY,421,73 Years,22,13,9,18,10,8,0,0,0,0,0,0,0,0,0,4,3,1
SHERMAN COUNTY,421,74 Years,19,9,10,15,6,9,0,0,0,0,0,0,0,0,0,4,3,1
SHERMAN COUNTY,421,75 Years,22,12,10,18,10,8,0,0,0,0,0,0,1,0,1,3,2,1
SHERMAN COUNTY,421,76 Years,27,17,10,24,16,8,0,0,0,0,0,0,0,0,0,3,1,2
SHERMAN COUNTY,421,77 Years,19,10,9,16,9,7,0,0,0,0,0,0,0,0,0,3,1,2
SHERMAN COUNTY,421,78 Years,16,8,8,15,7,8,0,0,0,0,0,0,0,0,0,1,1,0
SHERMAN COUNTY,421,79 Years,16,8,8,14,7,7,0,0,0,0,0,0,0,0,0,2,1,1
SHERMAN COUNTY,421,80 Years,11,6,5,9,4,5,0,0,0,0,0,0,0,0,0,2,2,0
SHERMAN COUNTY,421,81 Years,13,9,4,10,6,4,1,1,0,0,0,0,0,0,0,2,2,0
SHERMAN COUNTY,421,82 Years,15,8,7,13,7,6,0,0,0,0,0,0,0,0,0,2,1,1
SHERMAN COUNTY,421,83 Years,14,7,7,12,6,6,0,0,0,0,0,0,0,0,0,2,1,1
SHERMAN COUNTY,421,84 Years,13,5,8,10,4,6,0,0,0,0,0,0,0,0,0,3,1,2
SHERMAN COUNTY,421,85 Years,11,5,6,9,4,5,0,0,0,0,0,0,0,0,0,2,1,1
SHERMAN COUNTY,421,86 Years,10,6,4,9,5,4,0,0,0,0,0,0,0,0,0,1,1,0
SHERMAN COUNTY,421,87 Years,10,5,5,8,4,4,0,0,0,0,0,0,0,0,0,2,1,1
SHERMAN COUNTY,421,88 Years,8,3,5,7,3,4,0,0,0,0,0,0,0,0,0,1,0,1
SHERMAN COUNTY,421,89 Years,9,3,6,7,3,4,0,0,0,0,0,0,1,0,1,1,0,1
SHERMAN COUNTY,421,90 Years,7,3,4,6,3,3,0,0,0,0,0,0,0,0,0,1,0,1
SHERMAN COUNTY,421,91 Years,5,2,3,5,2,3,0,0,0,0,0,0,0,0,0,0,0,0
SHERMAN COUNTY,421,92 Years,4,1,3,4,1,3,0,0,0,0,0,0,0,0,0,0,0,0
SHERMAN COUNTY,421,93 Years,4,2,2,4,2,2,0,0,0,0,0,0,0,0,0,0,0,0
SHERMAN COUNTY,421,94 Years,4,2,2,4,2,2,0,0,0,0,0,0,0,0,0,0,0,0
SHERMAN COUNTY,421,95 Years +,13,3,10,9,1,8,0,0,0,0,0,0,0,0,0,4,2,2
SMITH COUNTY,423,All Ages,227708,109917,117791,135966,65169,70797,39075,18254,20821,3565,1784,1781,4620,2271,2349,44482,22439,22043
SMITH COUNTY,423,< 1 Year,3170,1613,1557,1430,722,708,547,274,273,43,28,15,156,87,69,994,502,492
SMITH COUNTY,423,1 Years,3148,1595,1553,1410,713,697,549,277,272,43,25,18,154,82,72,992,498,494
SMITH COUNTY,423,2 Years,3196,1633,1563,1441,727,714,551,284,267,42,25,17,147,82,65,1015,515,500
SMITH COUNTY,423,3 Years,3191,1636,1555,1428,723,705,556,287,269,44,26,18,141,81,60,1022,519,503
SMITH COUNTY,423,4 Years,3172,1619,1553,1418,713,705,538,277,261,49,27,22,137,77,60,1030,525,505
SMITH COUNTY,423,5 Years,3121,1564,1557,1394,675,719,539,276,263,48,25,23,131,69,62,1009,519,490
SMITH COUNTY,423,6 Years,3086,1542,1544,1378,671,707,530,271,259,48,24,24,123,59,64,1007,517,490
SMITH COUNTY,423,7 Years,2947,1482,1465,1327,666,661,520,252,268,40,30,10,107,49,58,953,485,468
SMITH COUNTY,423,8 Years,2984,1514,1470,1367,688,679,553,297,256,52,28,24,104,50,54,908,451,457
SMITH COUNTY,423,9 Years,3010,1564,1446,1374,716,658,540,287,253,54,22,32,122,61,61,920,478,442
SMITH COUNTY,423,10 Years,3173,1633,1540,1469,795,674,549,281,268,48,21,27,96,45,51,1011,491,520
SMITH COUNTY,423,11 Years,3130,1591,1539,1510,782,728,543,271,272,41,24,17,95,49,46,941,465,476
SMITH COUNTY,423,12 Years,3025,1546,1479,1438,740,698,563,281,282,52,26,26,91,47,44,881,452,429
SMITH COUNTY,423,13 Years,3149,1626,1523,1469,762,707,554,287,267,57,27,30,112,60,52,957,490,467
SMITH COUNTY,423,14 Years,3150,1550,1600,1466,715,751,567,287,280,58,25,33,101,50,51,958,473,485
SMITH COUNTY,423,15 Years,3122,1557,1565,1482,738,744,533,271,262,58,23,35,89,46,43,960,479,481
SMITH COUNTY,423,16 Years,3205,1601,1604,1568,792,776,551,268,283,68,29,39,85,42,43,933,470,463
SMITH COUNTY,423,17 Years,3183,1626,1557,1546,789,757,571,293,278,77,36,41,83,46,37,906,462,444
SMITH COUNTY,423,18 Years,3358,1686,1672,1603,801,802,766,392,374,64,29,35,83,50,33,842,414,428
SMITH COUNTY,423,19 Years,3173,1583,1590,1487,721,766,797,423,374,52,23,29,75,39,36,762,377,385
SMITH COUNTY,423,20 Years,3041,1536,1505,1440,737,703,715,373,342,54,22,32,77,38,39,755,366,389
SMITH COUNTY,423,21 Years,3061,1577,1484,1484,773,711,713,372,341,57,28,29,79,39,40,728,365,363
SMITH COUNTY,423,22 Years,2787,1422,1365,1387,711,676,561,283,278,37,23,14,67,33,34,735,372,363
SMITH COUNTY,423,23 Years,2845,1428,1417,1449,739,710,577,285,292,42,22,20,72,33,39,705,349,356
SMITH COUNTY,423,24 Years,2918,1453,1465,1455,742,713,633,297,336,48,23,25,74,38,36,708,353,355
SMITH COUNTY,423,25 Years,3035,1509,1526,1546,763,783,631,298,333,38,22,16,78,41,37,742,385,357
SMITH COUNTY,423,26 Years,3637,1763,1874,1982,958,1024,751,344,407,42,25,17,82,38,44,780,398,382
SMITH COUNTY,423,27 Years,3528,1712,1816,2001,985,1016,659,296,363,45,28,17,86,43,43,737,360,377
SMITH COUNTY,423,28 Years,3332,1621,1711,1958,944,1014,587,272,315,43,27,16,65,33,32,679,345,334
SMITH COUNTY,423,29 Years,3427,1631,1796,2028,969,1059,623,280,343,44,28,16,59,24,35,673,330,343
SMITH COUNTY,423,30 Years,3357,1586,1771,1976,932,1044,620,275,345,60,34,26,58,25,33,643,320,323
SMITH COUNTY,423,31 Years,3188,1502,1686,1844,847,997,590,272,318,63,34,29,43,24,19,648,325,323
SMITH COUNTY,423,32 Years,3112,1477,1635,1795,845,950,564,248,316,56,26,30,48,24,24,649,334,315
SMITH COUNTY,423,33 Years,3049,1453,1596,1761,841,920,533,242,291,68,34,34,56,29,27,631,307,324
SMITH COUNTY,423,34 Years,3022,1493,1529,1739,875,864,521,230,291,70,34,36,45,23,22,647,331,316
SMITH COUNTY,423,35 Years,2874,1399,1475,1705,839,866,489,211,278,48,30,18,41,20,21,591,299,292
SMITH COUNTY,423,36 Years,2852,1416,1436,1642,823,819,528,241,287,58,32,26,43,23,20,581,297,284
SMITH COUNTY,423,37 Years,2840,1426,1414,1638,836,802,519,242,277,66,35,31,42,18,24,575,295,280
SMITH COUNTY,423,38 Years,2702,1273,1429,1587,764,823,442,196,246,57,29,28,38,12,26,578,272,306
SMITH COUNTY,423,39 Years,2607,1255,1352,1523,745,778,407,181,226,56,22,34,28,11,17,593,296,297
SMITH COUNTY,423,40 Years,2522,1219,1303,1478,719,759,373,167,206,49,21,28,30,13,17,592,299,293
SMITH COUNTY,423,41 Years,2564,1247,1317,1467,712,755,398,180,218,63,32,31,31,14,17,605,309,296
SMITH COUNTY,423,42 Years,2537,1194,1343,1483,711,772,399,166,233,51,25,26,38,16,22,566,276,290
SMITH COUNTY,423,43 Years,2469,1159,1310,1399,664,735,414,179,235,62,27,35,31,10,21,563,279,284
SMITH COUNTY,423,44 Years,2571,1245,1326,1460,720,740,464,206,258,71,32,39,24,8,16,552,279,273
SMITH COUNTY,423,45 Years,2642,1246,1396,1552,742,810,470,210,260,67,29,38,28,11,17,525,254,271
SMITH COUNTY,423,46 Years,2863,1352,1511,1752,822,930,477,216,261,76,34,42,27,10,17,531,270,261
SMITH COUNTY,423,47 Years,2739,1313,1426,1677,806,871,446,203,243,76,32,44,29,13,16,511,259,252
SMITH COUNTY,423,48 Years,2625,1289,1336,1667,829,838,401,179,222,55,32,23,21,11,10,481,238,243
SMITH COUNTY,423,49 Years,2596,1247,1349,1604,774,830,423,186,237,59,25,34,29,14,15,481,248,233
SMITH COUNTY,423,50 Years,2585,1229,1356,1613,782,831,438,195,243,59,29,30,31,16,15,444,207,237
SMITH COUNTY,423,51 Years,2546,1261,1285,1567,768,799,461,209,252,42,26,16,33,15,18,443,243,200
SMITH COUNTY,423,52 Years,2643,1281,1362,1644,788,856,482,220,262,40,25,15,33,15,18,444,233,211
SMITH COUNTY,423,53 Years,2794,1337,1457,1822,857,965,478,220,258,52,22,30,39,18,21,403,220,183
SMITH COUNTY,423,54 Years,2805,1328,1477,1915,901,1014,460,205,255,50,20,30,33,12,21,347,190,157
SMITH COUNTY,423,55 Years,2760,1296,1464,1839,862,977,501,219,282,40,23,17,35,14,21,345,178,167
SMITH COUNTY,423,56 Years,2824,1326,1498,1955,901,1054,457,207,250,39,25,14,42,25,17,331,168,163
SMITH COUNTY,423,57 Years,2878,1379,1499,1956,932,1024,496,225,271,50,25,25,35,18,17,341,179,162
SMITH COUNTY,423,58 Years,2784,1334,1450,1920,928,992,462,200,262,40,21,19,34,17,17,328,168,160
SMITH COUNTY,423,59 Years,2817,1318,1499,1977,942,1035,462,191,271,34,21,13,31,15,16,313,149,164
SMITH COUNTY,423,60 Years,2783,1326,1457,1955,948,1007,475,203,272,26,13,13,39,19,20,288,143,145
SMITH COUNTY,423,61 Years,2815,1351,1464,2001,969,1032,465,206,259,31,18,13,34,11,23,284,147,137
SMITH COUNTY,423,62 Years,2758,1268,1490,1979,904,1075,475,207,268,28,13,15,31,12,19,245,132,113
SMITH COUNTY,423,63 Years,2654,1245,1409,1952,913,1039,442,193,249,19,5,14,28,13,15,213,121,92
SMITH COUNTY,423,64 Years,2444,1157,1287,1804,856,948,401,173,228,22,8,14,30,14,16,187,106,81
SMITH COUNTY,423,65 Years,2391,1185,1206,1797,881,916,377,182,195,25,11,14,28,15,13,164,96,68
SMITH COUNTY,423,66 Years,2310,1093,1217,1714,802,912,382,187,195,27,13,14,25,12,13,162,79,83
SMITH COUNTY,423,67 Years,2351,1095,1256,1796,830,966,353,162,191,24,10,14,26,12,14,152,81,71
SMITH COUNTY,423,68 Years,2166,998,1168,1672,757,915,323,151,172,23,10,13,25,11,14,123,69,54
SMITH COUNTY,423,69 Years,2240,1055,1185,1768,828,940,316,149,167,17,7,10,31,12,19,108,59,49
SMITH COUNTY,423,70 Years,2278,1036,1242,1826,839,987,297,128,169,17,4,13,30,13,17,108,52,56
SMITH COUNTY,423,71 Years,1802,823,979,1440,662,778,227,94,133,13,5,8,23,12,11,99,50,49
SMITH COUNTY,423,72 Years,1783,801,982,1429,644,785,226,97,129,7,3,4,26,10,16,95,47,48
SMITH COUNTY,423,73 Years,1734,782,952,1413,637,776,202,85,117,10,6,4,19,8,11,90,46,44
SMITH COUNTY,423,74 Years,1649,751,898,1348,609,739,201,92,109,12,7,5,14,5,9,74,38,36
SMITH COUNTY,423,75 Years,1510,694,816,1261,570,691,160,75,85,10,5,5,13,7,6,66,37,29
SMITH COUNTY,423,76 Years,1437,628,809,1194,516,678,168,75,93,8,5,3,17,7,10,50,25,25
SMITH COUNTY,423,77 Years,1382,611,771,1143,509,634,163,66,97,8,4,4,18,7,11,50,25,25
SMITH COUNTY,423,78 Years,1216,544,672,1020,457,563,128,55,73,7,3,4,12,6,6,49,23,26
SMITH COUNTY,423,79 Years,1143,517,626,951,441,510,124,47,77,5,2,3,14,6,8,49,21,28
SMITH COUNTY,423,80 Years,1075,480,595,898,404,494,124,52,72,7,3,4,9,5,4,37,16,21
SMITH COUNTY,423,81 Years,1035,447,588,864,376,488,116,48,68,6,2,4,10,4,6,39,17,22
SMITH COUNTY,423,82 Years,990,387,603,829,331,498,120,39,81,5,2,3,7,2,5,29,13,16
SMITH COUNTY,423,83 Years,868,350,518,723,301,422,107,36,71,5,1,4,9,4,5,24,8,16
SMITH COUNTY,423,84 Years,777,311,466,638,264,374,101,33,68,7,2,5,7,3,4,24,9,15
SMITH COUNTY,423,85 Years,722,272,450,598,234,364,88,30,58,3,1,2,8,1,7,25,6,19
SMITH COUNTY,423,86 Years,675,271,404,563,233,330,79,27,52,5,2,3,8,3,5,20,6,14
SMITH COUNTY,423,87 Years,576,217,359,490,185,305,60,23,37,3,1,2,6,2,4,17,6,11
SMITH COUNTY,423,88 Years,507,195,312,431,171,260,56,16,40,2,1,1,6,2,4,12,5,7
SMITH COUNTY,423,89 Years,437,169,268,367,149,218,51,13,38,2,1,1,4,1,3,13,5,8
SMITH COUNTY,423,90 Years,399,139,260,335,121,214,47,13,34,1,0,1,4,1,3,12,4,8
SMITH COUNTY,423,91 Years,316,109,207,261,90,171,35,11,24,3,2,1,4,2,2,13,4,9
SMITH COUNTY,423,92 Years,261,87,174,213,74,139,36,7,29,1,1,0,2,1,1,9,4,5
SMITH COUNTY,423,93 Years,212,69,143,175,59,116,25,5,20,4,2,2,1,0,1,7,3,4
SMITH COUNTY,423,94 Years,146,50,96,118,40,78,19,5,14,3,2,1,1,1,0,5,2,3
SMITH COUNTY,423,95 Years +,395,111,284,308,88,220,64,12,52,4,2,2,4,2,2,15,7,8
SOMERVELL COUNTY,425,All Ages,9226,4510,4716,6932,3374,3558,58,31,27,54,24,30,202,80,122,1980,1001,979
SOMERVELL COUNTY,425,< 1 Year,103,50,53,54,25,29,0,0,0,3,1,2,5,1,4,41,23,18
SOMERVELL COUNTY,425,1 Years,100,51,49,56,29,27,0,0,0,2,1,1,4,2,2,38,19,19
SOMERVELL COUNTY,425,2 Years,100,51,49,54,27,27,0,0,0,0,0,0,3,2,1,43,22,21
SOMERVELL COUNTY,425,3 Years,106,53,53,57,29,28,0,0,0,0,0,0,2,2,0,47,22,25
SOMERVELL COUNTY,425,4 Years,115,56,59,58,29,29,0,0,0,2,1,1,3,1,2,52,25,27
SOMERVELL COUNTY,425,5 Years,112,56,56,65,31,34,0,0,0,2,1,1,3,2,1,42,22,20
SOMERVELL COUNTY,425,6 Years,115,58,57,65,30,35,0,0,0,4,3,1,2,1,1,44,24,20
SOMERVELL COUNTY,425,7 Years,125,62,63,72,36,36,0,0,0,3,3,0,0,0,0,50,23,27
SOMERVELL COUNTY,425,8 Years,95,43,52,67,32,35,2,0,2,0,0,0,1,1,0,25,10,15
SOMERVELL COUNTY,425,9 Years,122,60,62,88,47,41,1,0,1,1,1,0,2,1,1,30,11,19
SOMERVELL COUNTY,425,10 Years,116,54,62,81,41,40,1,0,1,2,0,2,1,0,1,31,13,18
SOMERVELL COUNTY,425,11 Years,115,54,61,78,39,39,1,0,1,2,0,2,6,1,5,28,14,14
SOMERVELL COUNTY,425,12 Years,104,56,48,65,38,27,3,1,2,2,1,1,5,2,3,29,14,15
SOMERVELL COUNTY,425,13 Years,105,46,59,68,31,37,1,0,1,2,1,1,4,2,2,30,12,18
SOMERVELL COUNTY,425,14 Years,125,50,75,74,31,43,0,0,0,1,0,1,5,3,2,45,16,29
SOMERVELL COUNTY,425,15 Years,124,57,67,85,41,44,0,0,0,1,0,1,5,3,2,33,13,20
SOMERVELL COUNTY,425,16 Years,126,55,71,77,33,44,0,0,0,0,0,0,6,1,5,43,21,22
SOMERVELL COUNTY,425,17 Years,122,57,65,65,30,35,4,2,2,0,0,0,6,1,5,47,24,23
SOMERVELL COUNTY,425,18 Years,106,58,48,61,32,29,6,4,2,0,0,0,8,4,4,31,18,13
SOMERVELL COUNTY,425,19 Years,105,57,48,60,31,29,3,2,1,0,0,0,4,2,2,38,22,16
SOMERVELL COUNTY,425,20 Years,114,68,46,63,37,26,3,2,1,0,0,0,3,2,1,45,27,18
SOMERVELL COUNTY,425,21 Years,107,58,49,69,38,31,2,1,1,1,1,0,2,2,0,33,16,17
SOMERVELL COUNTY,425,22 Years,115,60,55,64,34,30,3,2,1,1,0,1,3,2,1,44,22,22
SOMERVELL COUNTY,425,23 Years,116,57,59,73,39,34,6,4,2,1,0,1,3,0,3,33,14,19
SOMERVELL COUNTY,425,24 Years,149,60,89,101,38,63,5,2,3,1,0,1,3,0,3,39,20,19
SOMERVELL COUNTY,425,25 Years,142,62,80,93,37,56,3,1,2,0,0,0,3,2,1,43,22,21
SOMERVELL COUNTY,425,26 Years,117,55,62,81,37,44,1,1,0,0,0,0,4,1,3,31,16,15
SOMERVELL COUNTY,425,27 Years,111,57,54,68,36,32,0,0,0,0,0,0,7,2,5,36,19,17
SOMERVELL COUNTY,425,28 Years,114,62,52,83,45,38,0,0,0,0,0,0,2,1,1,29,16,13
SOMERVELL COUNTY,425,29 Years,109,54,55,89,43,46,0,0,0,0,0,0,1,1,0,19,10,9
SOMERVELL COUNTY,425,30 Years,96,47,49,77,38,39,0,0,0,0,0,0,0,0,0,19,9,10
SOMERVELL COUNTY,425,31 Years,105,53,52,82,39,43,0,0,0,0,0,0,0,0,0,23,14,9
SOMERVELL COUNTY,425,32 Years,94,46,48,72,33,39,1,0,1,0,0,0,0,0,0,21,13,8
SOMERVELL COUNTY,425,33 Years,93,44,49,74,34,40,1,0,1,0,0,0,1,0,1,17,10,7
SOMERVELL COUNTY,425,34 Years,90,49,41,72,40,32,2,1,1,0,0,0,0,0,0,16,8,8
SOMERVELL COUNTY,425,35 Years,105,52,53,72,37,35,1,0,1,1,0,1,3,3,0,28,12,16
SOMERVELL COUNTY,425,36 Years,100,58,42,74,40,34,0,0,0,0,0,0,1,1,0,25,17,8
SOMERVELL COUNTY,425,37 Years,94,52,42,64,31,33,1,1,0,2,0,2,1,0,1,26,20,6
SOMERVELL COUNTY,425,38 Years,108,53,55,70,32,38,1,1,0,0,0,0,2,1,1,35,19,16
SOMERVELL COUNTY,425,39 Years,104,47,57,75,32,43,0,0,0,0,0,0,3,0,3,26,15,11
SOMERVELL COUNTY,425,40 Years,104,47,57,79,34,45,0,0,0,0,0,0,3,1,2,22,12,10
SOMERVELL COUNTY,425,41 Years,103,49,54,68,31,37,0,0,0,1,1,0,2,2,0,32,15,17
SOMERVELL COUNTY,425,42 Years,104,50,54,76,35,41,0,0,0,1,0,1,1,1,0,26,14,12
SOMERVELL COUNTY,425,43 Years,96,41,55,66,31,35,1,1,0,2,2,0,2,0,2,25,7,18
SOMERVELL COUNTY,425,44 Years,100,49,51,72,41,31,1,1,0,1,0,1,2,0,2,24,7,17
SOMERVELL COUNTY,425,45 Years,92,45,47,63,31,32,0,0,0,2,1,1,3,1,2,24,12,12
SOMERVELL COUNTY,425,46 Years,104,56,48,78,41,37,1,1,0,1,1,0,1,1,0,23,12,11
SOMERVELL COUNTY,425,47 Years,114,59,55,92,46,46,0,0,0,1,1,0,0,0,0,21,12,9
SOMERVELL COUNTY,425,48 Years,118,51,67,90,42,48,0,0,0,0,0,0,6,2,4,22,7,15
SOMERVELL COUNTY,425,49 Years,90,38,52,68,31,37,0,0,0,0,0,0,2,1,1,20,6,14
SOMERVELL COUNTY,425,50 Years,107,50,57,76,34,42,0,0,0,0,0,0,2,0,2,29,16,13
SOMERVELL COUNTY,425,51 Years,116,57,59,88,42,46,1,1,0,2,1,1,1,0,1,24,13,11
SOMERVELL COUNTY,425,52 Years,121,64,57,96,49,47,1,1,0,0,0,0,2,0,2,22,14,8
SOMERVELL COUNTY,425,53 Years,136,67,69,109,51,58,0,0,0,0,0,0,1,0,1,26,16,10
SOMERVELL COUNTY,425,54 Years,127,68,59,102,52,50,0,0,0,1,1,0,3,2,1,21,13,8
SOMERVELL COUNTY,425,55 Years,132,76,56,116,69,47,0,0,0,0,0,0,2,1,1,14,6,8
SOMERVELL COUNTY,425,56 Years,151,85,66,129,76,53,1,1,0,1,1,0,3,0,3,17,7,10
SOMERVELL COUNTY,425,57 Years,130,61,69,115,56,59,0,0,0,1,0,1,1,0,1,13,5,8
SOMERVELL COUNTY,425,58 Years,136,64,72,120,56,64,0,0,0,0,0,0,1,0,1,15,8,7
SOMERVELL COUNTY,425,59 Years,133,71,62,117,63,54,0,0,0,0,0,0,1,0,1,15,8,7
SOMERVELL COUNTY,425,60 Years,127,63,64,110,56,54,0,0,0,0,0,0,2,1,1,15,6,9
SOMERVELL COUNTY,425,61 Years,116,63,53,102,56,46,0,0,0,0,0,0,4,2,2,10,5,5
SOMERVELL COUNTY,425,62 Years,117,54,63,104,46,58,0,0,0,0,0,0,4,2,2,9,6,3
SOMERVELL COUNTY,425,63 Years,123,50,73,109,43,66,0,0,0,0,0,0,2,1,1,12,6,6
SOMERVELL COUNTY,425,64 Years,129,55,74,112,46,66,0,0,0,0,0,0,2,1,1,15,8,7
SOMERVELL COUNTY,425,65 Years,132,62,70,117,53,64,0,0,0,0,0,0,2,2,0,13,7,6
SOMERVELL COUNTY,425,66 Years,124,66,58,110,57,53,0,0,0,0,0,0,3,1,2,11,8,3
SOMERVELL COUNTY,425,67 Years,136,66,70,123,61,62,0,0,0,1,0,1,3,0,3,9,5,4
SOMERVELL COUNTY,425,68 Years,138,75,63,124,67,57,0,0,0,2,1,1,0,0,0,12,7,5
SOMERVELL COUNTY,425,69 Years,139,77,62,129,71,58,0,0,0,1,0,1,1,1,0,8,5,3
SOMERVELL COUNTY,425,70 Years,113,51,62,104,49,55,0,0,0,0,0,0,2,0,2,7,2,5
SOMERVELL COUNTY,425,71 Years,93,44,49,86,41,45,0,0,0,0,0,0,1,0,1,6,3,3
SOMERVELL COUNTY,425,72 Years,83,39,44,76,36,40,0,0,0,0,0,0,2,1,1,5,2,3
SOMERVELL COUNTY,425,73 Years,92,49,43,85,45,40,0,0,0,1,0,1,2,1,1,4,3,1
SOMERVELL COUNTY,425,74 Years,77,42,35,68,39,29,0,0,0,1,0,1,3,1,2,5,2,3
SOMERVELL COUNTY,425,75 Years,75,43,32,70,41,29,0,0,0,0,0,0,1,0,1,4,2,2
SOMERVELL COUNTY,425,76 Years,63,32,31,59,30,29,0,0,0,0,0,0,1,1,0,3,1,2
SOMERVELL COUNTY,425,77 Years,52,26,26,49,24,25,0,0,0,0,0,0,1,1,0,2,1,1
SOMERVELL COUNTY,425,78 Years,49,23,26,44,21,23,0,0,0,0,0,0,2,0,2,3,2,1
SOMERVELL COUNTY,425,79 Years,60,21,39,54,19,35,0,0,0,0,0,0,2,0,2,4,2,2
SOMERVELL COUNTY,425,80 Years,64,25,39,56,22,34,0,0,0,0,0,0,1,0,1,7,3,4
SOMERVELL COUNTY,425,81 Years,46,20,26,42,18,24,0,0,0,0,0,0,0,0,0,4,2,2
SOMERVELL COUNTY,425,82 Years,37,19,18,34,17,17,0,0,0,0,0,0,1,0,1,2,2,0
SOMERVELL COUNTY,425,83 Years,48,20,28,45,18,27,0,0,0,0,0,0,0,0,0,3,2,1
SOMERVELL COUNTY,425,84 Years,42,15,27,40,14,26,0,0,0,0,0,0,0,0,0,2,1,1
SOMERVELL COUNTY,425,85 Years,32,14,18,31,14,17,0,0,0,0,0,0,1,0,1,0,0,0
SOMERVELL COUNTY,425,86 Years,23,10,13,20,7,13,0,0,0,0,0,0,0,0,0,3,3,0
SOMERVELL COUNTY,425,87 Years,27,11,16,24,8,16,0,0,0,0,0,0,0,0,0,3,3,0
SOMERVELL COUNTY,425,88 Years,24,12,12,22,10,12,0,0,0,0,0,0,1,1,0,1,1,0
SOMERVELL COUNTY,425,89 Years,22,10,12,20,8,12,0,0,0,0,0,0,1,1,0,1,1,0
SOMERVELL COUNTY,425,90 Years,16,4,12,16,4,12,0,0,0,0,0,0,0,0,0,0,0,0
SOMERVELL COUNTY,425,91 Years,12,6,6,12,6,6,0,0,0,0,0,0,0,0,0,0,0,0
SOMERVELL COUNTY,425,92 Years,15,5,10,14,5,9,0,0,0,0,0,0,0,0,0,1,0,1
SOMERVELL COUNTY,425,93 Years,13,5,8,11,4,7,0,0,0,0,0,0,0,0,0,2,1,1
SOMERVELL COUNTY,425,94 Years,6,3,3,6,3,3,0,0,0,0,0,0,0,0,0,0,0,0
SOMERVELL COUNTY,425,95 Years +,23,4,19,18,2,16,0,0,0,0,0,0,1,0,1,4,2,2
STARR COUNTY,427,All Ages,64108,31296,32812,2720,1359,1361,14,13,1,129,65,64,65,32,33,61180,29827,31353
STARR COUNTY,427,< 1 Year,1172,603,569,99,62,37,0,0,0,3,1,2,5,1,4,1065,539,526
STARR COUNTY,427,1 Years,1168,590,578,76,51,25,0,0,0,2,1,1,3,1,2,1087,537,550
STARR COUNTY,427,2 Years,1207,601,606,80,43,37,0,0,0,1,0,1,3,1,2,1123,557,566
STARR COUNTY,427,3 Years,1236,608,628,60,27,33,0,0,0,1,1,0,2,1,1,1173,579,594
STARR COUNTY,427,4 Years,1244,632,612,69,28,41,0,0,0,1,1,0,2,2,0,1172,601,571
STARR COUNTY,427,5 Years,1225,614,611,56,22,34,0,0,0,0,0,0,0,0,0,1169,592,577
STARR COUNTY,427,6 Years,1241,627,614,56,29,27,0,0,0,1,1,0,2,2,0,1182,595,587
STARR COUNTY,427,7 Years,1010,512,498,41,20,21,0,0,0,0,0,0,0,0,0,969,492,477
STARR COUNTY,427,8 Years,1027,503,524,36,18,18,0,0,0,2,2,0,1,1,0,988,482,506
STARR COUNTY,427,9 Years,999,498,501,41,22,19,0,0,0,3,1,2,0,0,0,955,475,480
STARR COUNTY,427,10 Years,1057,540,517,43,23,20,0,0,0,2,0,2,1,1,0,1011,516,495
STARR COUNTY,427,11 Years,1084,533,551,40,18,22,0,0,0,2,0,2,1,0,1,1041,515,526
STARR COUNTY,427,12 Years,1071,525,546,41,22,19,0,0,0,5,1,4,1,1,0,1024,501,523
STARR COUNTY,427,13 Years,1046,500,546,30,15,15,0,0,0,4,2,2,0,0,0,1012,483,529
STARR COUNTY,427,14 Years,1057,526,531,38,21,17,0,0,0,2,1,1,0,0,0,1017,504,513
STARR COUNTY,427,15 Years,1092,535,557,44,24,20,0,0,0,3,3,0,0,0,0,1045,508,537
STARR COUNTY,427,16 Years,1094,537,557,43,22,21,0,0,0,2,2,0,1,0,1,1048,513,535
STARR COUNTY,427,17 Years,1115,579,536,44,24,20,0,0,0,2,1,1,1,1,0,1068,553,515
STARR COUNTY,427,18 Years,1027,514,513,41,21,20,0,0,0,1,0,1,1,1,0,984,492,492
STARR COUNTY,427,19 Years,986,500,486,39,21,18,1,1,0,1,1,0,2,0,2,943,477,466
STARR COUNTY,427,20 Years,983,525,458,32,15,17,1,1,0,2,2,0,1,0,1,947,507,440
STARR COUNTY,427,21 Years,1053,541,512,38,21,17,1,1,0,2,2,0,0,0,0,1012,517,495
STARR COUNTY,427,22 Years,1003,516,487,30,18,12,2,2,0,1,0,1,3,2,1,967,494,473
STARR COUNTY,427,23 Years,1013,522,491,33,17,16,2,2,0,1,1,0,0,0,0,977,502,475
STARR COUNTY,427,24 Years,1036,541,495,37,20,17,0,0,0,1,0,1,3,3,0,995,518,477
STARR COUNTY,427,25 Years,1029,530,499,38,18,20,0,0,0,1,1,0,3,3,0,987,508,479
STARR COUNTY,427,26 Years,1003,528,475,47,25,22,0,0,0,1,1,0,0,0,0,955,502,453
STARR COUNTY,427,27 Years,983,522,461,44,25,19,0,0,0,1,1,0,0,0,0,938,496,442
STARR COUNTY,427,28 Years,878,460,418,42,27,15,0,0,0,0,0,0,0,0,0,836,433,403
STARR COUNTY,427,29 Years,848,440,408,39,22,17,0,0,0,1,1,0,1,1,0,807,416,391
STARR COUNTY,427,30 Years,799,405,394,37,17,20,0,0,0,1,1,0,0,0,0,761,387,374
STARR COUNTY,427,31 Years,812,395,417,27,15,12,1,1,0,0,0,0,0,0,0,784,379,405
STARR COUNTY,427,32 Years,830,405,425,32,15,17,0,0,0,1,1,0,2,1,1,795,388,407
STARR COUNTY,427,33 Years,772,401,371,32,19,13,0,0,0,1,1,0,2,1,1,737,380,357
STARR COUNTY,427,34 Years,760,390,370,37,20,17,0,0,0,3,2,1,0,0,0,720,368,352
STARR COUNTY,427,35 Years,799,404,395,33,17,16,0,0,0,1,0,1,3,1,2,762,386,376
STARR COUNTY,427,36 Years,789,384,405,35,15,20,0,0,0,1,0,1,1,0,1,752,369,383
STARR COUNTY,427,37 Years,803,398,405,26,10,16,1,1,0,0,0,0,1,1,0,775,386,389
STARR COUNTY,427,38 Years,737,366,371,22,10,12,0,0,0,0,0,0,1,1,0,714,355,359
STARR COUNTY,427,39 Years,732,337,395,29,11,18,0,0,0,3,3,0,0,0,0,700,323,377
STARR COUNTY,427,40 Years,704,339,365,25,8,17,0,0,0,4,2,2,0,0,0,675,329,346
STARR COUNTY,427,41 Years,755,355,400,26,10,16,1,1,0,2,1,1,0,0,0,726,343,383
STARR COUNTY,427,42 Years,798,389,409,25,13,12,1,1,0,4,1,3,1,0,1,767,374,393
STARR COUNTY,427,43 Years,751,360,391,19,12,7,1,1,0,3,1,2,1,0,1,727,346,381
STARR COUNTY,427,44 Years,738,359,379,20,8,12,0,0,0,4,1,3,1,0,1,713,350,363
STARR COUNTY,427,45 Years,786,365,421,26,13,13,0,0,0,1,0,1,0,0,0,759,352,407
STARR COUNTY,427,46 Years,769,371,398,34,17,17,0,0,0,3,1,2,1,0,1,731,353,378
STARR COUNTY,427,47 Years,770,374,396,28,14,14,0,0,0,2,1,1,0,0,0,740,359,381
STARR COUNTY,427,48 Years,763,362,401,30,16,14,1,0,1,2,1,1,1,1,0,729,344,385
STARR COUNTY,427,49 Years,733,336,397,31,15,16,0,0,0,2,1,1,1,1,0,699,319,380
STARR COUNTY,427,50 Years,718,308,410,32,14,18,1,1,0,2,1,1,0,0,0,683,292,391
STARR COUNTY,427,51 Years,680,304,376,26,11,15,0,0,0,3,1,2,0,0,0,651,292,359
STARR COUNTY,427,52 Years,638,303,335,29,12,17,0,0,0,4,2,2,0,0,0,605,289,316
STARR COUNTY,427,53 Years,647,309,338,32,15,17,0,0,0,3,1,2,1,0,1,611,293,318
STARR COUNTY,427,54 Years,630,306,324,21,11,10,0,0,0,2,1,1,1,0,1,606,294,312
STARR COUNTY,427,55 Years,595,279,316,24,9,15,0,0,0,1,0,1,0,0,0,570,270,300
STARR COUNTY,427,56 Years,625,298,327,26,9,17,0,0,0,1,0,1,0,0,0,598,289,309
STARR COUNTY,427,57 Years,662,304,358,25,14,11,0,0,0,0,0,0,2,1,1,635,289,346
STARR COUNTY,427,58 Years,596,265,331,22,12,10,0,0,0,2,1,1,0,0,0,572,252,320
STARR COUNTY,427,59 Years,569,259,310,27,14,13,0,0,0,3,2,1,0,0,0,539,243,296
STARR COUNTY,427,60 Years,552,266,286,20,10,10,0,0,0,2,1,1,1,0,1,529,255,274
STARR COUNTY,427,61 Years,539,253,286,20,9,11,0,0,0,2,2,0,0,0,0,517,242,275
STARR COUNTY,427,62 Years,514,238,276,20,10,10,0,0,0,2,1,1,0,0,0,492,227,265
STARR COUNTY,427,63 Years,508,229,279,20,12,8,0,0,0,1,1,0,1,0,1,486,216,270
STARR COUNTY,427,64 Years,486,217,269,27,14,13,0,0,0,1,1,0,2,1,1,456,201,255
STARR COUNTY,427,65 Years,468,206,262,19,7,12,0,0,0,0,0,0,1,0,1,448,199,249
STARR COUNTY,427,66 Years,479,215,264,21,10,11,0,0,0,0,0,0,0,0,0,458,205,253
STARR COUNTY,427,67 Years,513,242,271,17,8,9,0,0,0,1,0,1,0,0,0,495,234,261
STARR COUNTY,427,68 Years,493,215,278,11,6,5,0,0,0,2,0,2,1,1,0,479,208,271
STARR COUNTY,427,69 Years,473,202,271,15,8,7,0,0,0,2,1,1,0,0,0,456,193,263
STARR COUNTY,427,70 Years,455,200,255,19,7,12,0,0,0,2,1,1,1,0,1,433,192,241
STARR COUNTY,427,71 Years,413,185,228,16,4,12,0,0,0,1,0,1,1,0,1,395,181,214
STARR COUNTY,427,72 Years,401,184,217,18,7,11,0,0,0,0,0,0,0,0,0,383,177,206
STARR COUNTY,427,73 Years,355,166,189,17,7,10,0,0,0,0,0,0,0,0,0,338,159,179
STARR COUNTY,427,74 Years,353,170,183,19,8,11,0,0,0,1,0,1,0,0,0,333,162,171
STARR COUNTY,427,75 Years,301,147,154,15,7,8,0,0,0,1,0,1,0,0,0,285,140,145
STARR COUNTY,427,76 Years,326,149,177,16,7,9,0,0,0,0,0,0,0,0,0,310,142,168
STARR COUNTY,427,77 Years,316,148,168,17,8,9,0,0,0,0,0,0,0,0,0,299,140,159
STARR COUNTY,427,78 Years,292,130,162,16,7,9,0,0,0,0,0,0,0,0,0,276,123,153
STARR COUNTY,427,79 Years,263,121,142,14,7,7,0,0,0,1,1,0,0,0,0,248,113,135
STARR COUNTY,427,80 Years,234,103,131,12,6,6,0,0,0,0,0,0,0,0,0,222,97,125
STARR COUNTY,427,81 Years,233,105,128,12,6,6,0,0,0,0,0,0,0,0,0,221,99,122
STARR COUNTY,427,82 Years,212,100,112,11,6,5,0,0,0,0,0,0,0,0,0,201,94,107
STARR COUNTY,427,83 Years,160,75,85,11,5,6,0,0,0,0,0,0,0,0,0,149,70,79
STARR COUNTY,427,84 Years,130,56,74,9,4,5,0,0,0,0,0,0,0,0,0,121,52,69
STARR COUNTY,427,85 Years,137,65,72,9,4,5,0,0,0,1,1,0,0,0,0,127,60,67
STARR COUNTY,427,86 Years,122,51,71,8,4,4,0,0,0,0,0,0,0,0,0,114,47,67
STARR COUNTY,427,87 Years,119,45,74,8,4,4,0,0,0,1,0,1,0,0,0,110,41,69
STARR COUNTY,427,88 Years,92,38,54,6,4,2,0,0,0,0,0,0,0,0,0,86,34,52
STARR COUNTY,427,89 Years,82,29,53,6,4,2,0,0,0,0,0,0,0,0,0,76,25,51
STARR COUNTY,427,90 Years,77,24,53,5,2,3,0,0,0,0,0,0,0,0,0,72,22,50
STARR COUNTY,427,91 Years,60,24,36,5,2,3,0,0,0,0,0,0,0,0,0,55,22,33
STARR COUNTY,427,92 Years,50,18,32,8,2,6,0,0,0,0,0,0,0,0,0,42,16,26
STARR COUNTY,427,93 Years,39,12,27,5,2,3,0,0,0,0,0,0,0,0,0,34,10,24
STARR COUNTY,427,94 Years,31,10,21,4,2,2,0,0,0,0,0,0,0,0,0,27,8,19
STARR COUNTY,427,95 Years +,83,26,57,9,2,7,0,0,0,0,0,0,0,0,0,74,24,50
STEPHENS COUNTY,429,All Ages,9532,5022,4510,6788,3499,3289,200,137,63,47,28,19,150,87,63,2347,1271,1076
STEPHENS COUNTY,429,< 1 Year,108,48,60,60,28,32,0,0,0,0,0,0,6,2,4,42,18,24
STEPHENS COUNTY,429,1 Years,122,61,61,65,35,30,0,0,0,2,1,1,9,5,4,46,20,26
STEPHENS COUNTY,429,2 Years,119,59,60,62,32,30,0,0,0,2,1,1,8,4,4,47,22,25
STEPHENS COUNTY,429,3 Years,132,70,62,69,38,31,0,0,0,3,1,2,8,5,3,52,26,26
STEPHENS COUNTY,429,4 Years,124,67,57,64,36,28,1,0,1,4,3,1,8,5,3,47,23,24
STEPHENS COUNTY,429,5 Years,122,59,63,64,34,30,2,0,2,2,1,1,7,3,4,47,21,26
STEPHENS COUNTY,429,6 Years,121,63,58,68,38,30,1,0,1,1,1,0,4,2,2,47,22,25
STEPHENS COUNTY,429,7 Years,132,77,55,73,43,30,1,0,1,0,0,0,2,1,1,56,33,23
STEPHENS COUNTY,429,8 Years,109,61,48,60,33,27,3,3,0,0,0,0,3,2,1,43,23,20
STEPHENS COUNTY,429,9 Years,109,59,50,65,37,28,1,1,0,1,0,1,2,2,0,40,19,21
STEPHENS COUNTY,429,10 Years,130,70,60,80,40,40,3,2,1,1,0,1,1,1,0,45,27,18
STEPHENS COUNTY,429,11 Years,126,60,66,77,36,41,2,1,1,0,0,0,1,1,0,46,22,24
STEPHENS COUNTY,429,12 Years,113,58,55,68,35,33,1,0,1,0,0,0,2,1,1,42,22,20
STEPHENS COUNTY,429,13 Years,136,67,69,77,35,42,3,1,2,0,0,0,5,4,1,51,27,24
STEPHENS COUNTY,429,14 Years,113,51,62,67,30,37,2,0,2,1,1,0,1,1,0,42,19,23
STEPHENS COUNTY,429,15 Years,111,62,49,65,39,26,3,2,1,0,0,0,5,3,2,38,18,20
STEPHENS COUNTY,429,16 Years,114,60,54,64,36,28,3,3,0,0,0,0,3,2,1,44,19,25
STEPHENS COUNTY,429,17 Years,111,57,54,57,28,29,3,1,2,1,1,0,2,2,0,48,25,23
STEPHENS COUNTY,429,18 Years,130,78,52,78,44,34,3,2,1,1,1,0,4,4,0,44,27,17
STEPHENS COUNTY,429,19 Years,116,73,43,65,40,25,5,4,1,0,0,0,4,3,1,42,26,16
STEPHENS COUNTY,429,20 Years,122,79,43,73,44,29,5,3,2,0,0,0,4,3,1,40,29,11
STEPHENS COUNTY,429,21 Years,114,71,43,65,40,25,2,2,0,1,1,0,2,2,0,44,26,18
STEPHENS COUNTY,429,22 Years,136,75,61,80,45,35,1,1,0,1,1,0,2,1,1,52,27,25
STEPHENS COUNTY,429,23 Years,123,72,51,74,43,31,2,2,0,0,0,0,2,1,1,45,26,19
STEPHENS COUNTY,429,24 Years,148,96,52,95,58,37,2,2,0,0,0,0,2,2,0,49,34,15
STEPHENS COUNTY,429,25 Years,125,77,48,77,43,34,3,3,0,0,0,0,1,0,1,44,31,13
STEPHENS COUNTY,429,26 Years,129,70,59,78,39,39,3,3,0,0,0,0,1,0,1,47,28,19
STEPHENS COUNTY,429,27 Years,127,79,48,85,53,32,3,2,1,1,1,0,1,1,0,37,22,15
STEPHENS COUNTY,429,28 Years,129,81,48,86,57,29,5,5,0,0,0,0,1,0,1,37,19,18
STEPHENS COUNTY,429,29 Years,132,85,47,84,56,28,5,5,0,0,0,0,1,0,1,42,24,18
STEPHENS COUNTY,429,30 Years,121,69,52,77,43,34,6,6,0,0,0,0,2,2,0,36,18,18
STEPHENS COUNTY,429,31 Years,121,72,49,82,46,36,4,4,0,0,0,0,1,1,0,34,21,13
STEPHENS COUNTY,429,32 Years,114,69,45,78,46,32,3,3,0,0,0,0,1,0,1,32,20,12
STEPHENS COUNTY,429,33 Years,110,57,53,71,35,36,5,4,1,0,0,0,0,0,0,34,18,16
STEPHENS COUNTY,429,34 Years,124,69,55,82,46,36,4,3,1,1,0,1,2,2,0,35,18,17
STEPHENS COUNTY,429,35 Years,127,72,55,92,52,40,4,3,1,1,0,1,0,0,0,30,17,13
STEPHENS COUNTY,429,36 Years,112,65,47,74,44,30,3,3,0,2,1,1,2,1,1,31,16,15
STEPHENS COUNTY,429,37 Years,112,66,46,75,42,33,5,5,0,1,1,0,0,0,0,31,18,13
STEPHENS COUNTY,429,38 Years,104,63,41,68,38,30,3,3,0,1,1,0,0,0,0,32,21,11
STEPHENS COUNTY,429,39 Years,94,55,39,67,38,29,3,2,1,1,0,1,1,1,0,22,14,8
STEPHENS COUNTY,429,40 Years,107,44,63,75,32,43,4,1,3,2,1,1,2,0,2,24,10,14
STEPHENS COUNTY,429,41 Years,93,55,38,63,37,26,1,1,0,1,1,0,0,0,0,28,16,12
STEPHENS COUNTY,429,42 Years,88,53,35,61,36,25,4,2,2,0,0,0,1,1,0,22,14,8
STEPHENS COUNTY,429,43 Years,91,54,37,65,36,29,3,3,0,0,0,0,0,0,0,23,15,8
STEPHENS COUNTY,429,44 Years,102,51,51,71,36,35,2,2,0,0,0,0,0,0,0,29,13,16
STEPHENS COUNTY,429,45 Years,97,51,46,66,35,31,5,5,0,1,0,1,2,0,2,23,11,12
STEPHENS COUNTY,429,46 Years,106,49,57,75,34,41,3,2,1,1,1,0,1,0,1,26,12,14
STEPHENS COUNTY,429,47 Years,102,48,54,77,33,44,2,1,1,1,1,0,0,0,0,22,13,9
STEPHENS COUNTY,429,48 Years,101,54,47,75,40,35,2,2,0,0,0,0,0,0,0,24,12,12
STEPHENS COUNTY,429,49 Years,109,60,49,77,41,36,1,1,0,0,0,0,2,2,0,29,16,13
STEPHENS COUNTY,429,50 Years,101,54,47,73,38,35,1,1,0,0,0,0,1,0,1,26,15,11
STEPHENS COUNTY,429,51 Years,96,58,38,71,41,30,1,1,0,0,0,0,1,0,1,23,16,7
STEPHENS COUNTY,429,52 Years,100,54,46,74,38,36,2,1,1,0,0,0,1,1,0,23,14,9
STEPHENS COUNTY,429,53 Years,109,52,57,87,39,48,1,1,0,0,0,0,0,0,0,21,12,9
STEPHENS COUNTY,429,54 Years,114,58,56,87,46,41,1,0,1,0,0,0,1,0,1,25,12,13
STEPHENS COUNTY,429,55 Years,144,68,76,117,55,62,1,1,0,0,0,0,1,0,1,25,12,13
STEPHENS COUNTY,429,56 Years,154,86,68,118,63,55,1,1,0,0,0,0,1,1,0,34,21,13
STEPHENS COUNTY,429,57 Years,146,65,81,113,48,65,4,1,3,0,0,0,1,1,0,28,15,13
STEPHENS COUNTY,429,58 Years,117,58,59,95,47,48,4,2,2,0,0,0,1,0,1,17,9,8
STEPHENS COUNTY,429,59 Years,102,50,52,84,42,42,3,2,1,0,0,0,2,2,0,13,4,9
STEPHENS COUNTY,429,60 Years,113,52,61,92,40,52,3,3,0,0,0,0,2,2,0,16,7,9
STEPHENS COUNTY,429,61 Years,121,56,65,100,43,57,3,2,1,0,0,0,2,1,1,16,10,6
STEPHENS COUNTY,429,62 Years,124,61,63,102,49,53,5,2,3,0,0,0,1,1,0,16,9,7
STEPHENS COUNTY,429,63 Years,116,58,58,102,50,52,2,1,1,0,0,0,1,1,0,11,6,5
STEPHENS COUNTY,429,64 Years,135,71,64,122,64,58,2,1,1,0,0,0,2,0,2,9,6,3
STEPHENS COUNTY,429,65 Years,136,64,72,122,59,63,2,1,1,0,0,0,2,0,2,10,4,6
STEPHENS COUNTY,429,66 Years,116,50,66,104,48,56,3,1,2,0,0,0,2,0,2,7,1,6
STEPHENS COUNTY,429,67 Years,121,59,62,112,55,57,2,1,1,0,0,0,0,0,0,7,3,4
STEPHENS COUNTY,429,68 Years,119,61,58,104,54,50,2,2,0,0,0,0,1,0,1,12,5,7
STEPHENS COUNTY,429,69 Years,107,56,51,99,51,48,0,0,0,0,0,0,1,1,0,7,4,3
STEPHENS COUNTY,429,70 Years,110,48,62,104,45,59,1,0,1,1,1,0,1,0,1,3,2,1
STEPHENS COUNTY,429,71 Years,92,46,46,82,41,41,2,0,2,1,0,1,0,0,0,7,5,2
STEPHENS COUNTY,429,72 Years,89,45,44,79,38,41,0,0,0,1,1,0,1,1,0,8,5,3
STEPHENS COUNTY,429,73 Years,99,48,51,92,43,49,0,0,0,0,0,0,0,0,0,7,5,2
STEPHENS COUNTY,429,74 Years,84,41,43,74,36,38,1,1,0,4,2,2,0,0,0,5,2,3
STEPHENS COUNTY,429,75 Years,72,36,36,65,32,33,1,1,0,2,1,1,0,0,0,4,2,2
STEPHENS COUNTY,429,76 Years,74,37,37,69,35,34,1,0,1,1,0,1,0,0,0,3,2,1
STEPHENS COUNTY,429,77 Years,77,40,37,69,35,34,0,0,0,1,1,0,0,0,0,7,4,3
STEPHENS COUNTY,429,78 Years,68,33,35,60,28,32,3,2,1,0,0,0,0,0,0,5,3,2
STEPHENS COUNTY,429,79 Years,61,26,35,53,24,29,2,0,2,0,0,0,1,0,1,5,2,3
STEPHENS COUNTY,429,80 Years,57,25,32,51,22,29,2,1,1,1,1,0,0,0,0,3,1,2
STEPHENS COUNTY,429,81 Years,46,17,29,42,16,26,1,0,1,0,0,0,1,1,0,2,0,2
STEPHENS COUNTY,429,82 Years,52,25,27,46,21,25,0,0,0,0,0,0,1,1,0,5,3,2
STEPHENS COUNTY,429,83 Years,47,20,27,43,16,27,1,1,0,0,0,0,0,0,0,3,3,0
STEPHENS COUNTY,429,84 Years,44,15,29,36,13,23,2,0,2,0,0,0,0,0,0,6,2,4
STEPHENS COUNTY,429,85 Years,34,14,20,31,13,18,0,0,0,0,0,0,0,0,0,3,1,2
STEPHENS COUNTY,429,86 Years,35,16,19,33,14,19,0,0,0,0,0,0,0,0,0,2,2,0
STEPHENS COUNTY,429,87 Years,29,14,15,29,14,15,0,0,0,0,0,0,0,0,0,0,0,0
STEPHENS COUNTY,429,88 Years,33,17,16,30,15,15,0,0,0,0,0,0,0,0,0,3,2,1
STEPHENS COUNTY,429,89 Years,20,8,12,18,7,11,0,0,0,0,0,0,0,0,0,2,1,1
STEPHENS COUNTY,429,90 Years,16,7,9,15,6,9,0,0,0,0,0,0,0,0,0,1,1,0
STEPHENS COUNTY,429,91 Years,16,7,9,13,6,7,1,1,0,0,0,0,0,0,0,2,0,2
STEPHENS COUNTY,429,92 Years,18,6,12,16,6,10,2,0,2,0,0,0,0,0,0,0,0,0
STEPHENS COUNTY,429,93 Years,14,6,8,12,5,7,1,1,0,0,0,0,1,0,1,0,0,0
STEPHENS COUNTY,429,94 Years,9,4,5,9,4,5,0,0,0,0,0,0,0,0,0,0,0,0
STEPHENS COUNTY,429,95 Years +,27,9,18,23,9,14,1,0,1,0,0,0,1,0,1,2,0,2
STERLING COUNTY,431,All Ages,1284,650,634,814,403,411,11,9,2,0,0,0,31,18,13,428,220,208
STERLING COUNTY,431,< 1 Year,15,8,7,9,5,4,0,0,0,0,0,0,0,0,0,6,3,3
STERLING COUNTY,431,1 Years,15,7,8,9,5,4,0,0,0,0,0,0,0,0,0,6,2,4
STERLING COUNTY,431,2 Years,16,8,8,9,5,4,0,0,0,0,0,0,0,0,0,7,3,4
STERLING COUNTY,431,3 Years,17,8,9,9,4,5,0,0,0,0,0,0,0,0,0,8,4,4
STERLING COUNTY,431,4 Years,13,7,6,7,4,3,0,0,0,0,0,0,0,0,0,6,3,3
STERLING COUNTY,431,5 Years,11,5,6,6,3,3,0,0,0,0,0,0,0,0,0,5,2,3
STERLING COUNTY,431,6 Years,9,4,5,7,3,4,0,0,0,0,0,0,0,0,0,2,1,1
STERLING COUNTY,431,7 Years,12,6,6,7,3,4,1,1,0,0,0,0,1,1,0,3,1,2
STERLING COUNTY,431,8 Years,17,8,9,11,7,4,0,0,0,0,0,0,1,0,1,5,1,4
STERLING COUNTY,431,9 Years,22,11,11,15,8,7,1,1,0,0,0,0,0,0,0,6,2,4
STERLING COUNTY,431,10 Years,21,7,14,13,5,8,0,0,0,0,0,0,1,0,1,7,2,5
STERLING COUNTY,431,11 Years,17,8,9,10,4,6,0,0,0,0,0,0,1,1,0,6,3,3
STERLING COUNTY,431,12 Years,14,9,5,5,3,2,0,0,0,0,0,0,2,1,1,7,5,2
STERLING COUNTY,431,13 Years,18,13,5,8,5,3,0,0,0,0,0,0,2,2,0,8,6,2
STERLING COUNTY,431,14 Years,15,7,8,11,6,5,0,0,0,0,0,0,0,0,0,4,1,3
STERLING COUNTY,431,15 Years,17,9,8,10,6,4,0,0,0,0,0,0,0,0,0,7,3,4
STERLING COUNTY,431,16 Years,17,9,8,8,5,3,0,0,0,0,0,0,1,0,1,8,4,4
STERLING COUNTY,431,17 Years,15,7,8,7,3,4,0,0,0,0,0,0,1,1,0,7,3,4
STERLING COUNTY,431,18 Years,14,9,5,8,6,2,0,0,0,0,0,0,1,0,1,5,3,2
STERLING COUNTY,431,19 Years,14,9,5,9,6,3,0,0,0,0,0,0,0,0,0,5,3,2
STERLING COUNTY,431,20 Years,17,9,8,7,4,3,0,0,0,0,0,0,1,1,0,9,4,5
STERLING COUNTY,431,21 Years,11,6,5,6,3,3,0,0,0,0,0,0,1,1,0,4,2,2
STERLING COUNTY,431,22 Years,13,8,5,6,3,3,0,0,0,0,0,0,1,1,0,6,4,2
STERLING COUNTY,431,23 Years,13,10,3,4,2,2,0,0,0,0,0,0,1,1,0,8,7,1
STERLING COUNTY,431,24 Years,18,13,5,8,6,2,0,0,0,0,0,0,0,0,0,10,7,3
STERLING COUNTY,431,25 Years,16,8,8,6,2,4,0,0,0,0,0,0,0,0,0,10,6,4
STERLING COUNTY,431,26 Years,11,3,8,5,0,5,0,0,0,0,0,0,0,0,0,6,3,3
STERLING COUNTY,431,27 Years,13,7,6,9,4,5,0,0,0,0,0,0,0,0,0,4,3,1
STERLING COUNTY,431,28 Years,14,8,6,5,3,2,0,0,0,0,0,0,0,0,0,9,5,4
STERLING COUNTY,431,29 Years,11,6,5,5,3,2,0,0,0,0,0,0,0,0,0,6,3,3
STERLING COUNTY,431,30 Years,12,8,4,7,5,2,0,0,0,0,0,0,0,0,0,5,3,2
STERLING COUNTY,431,31 Years,17,10,7,11,6,5,0,0,0,0,0,0,0,0,0,6,4,2
STERLING COUNTY,431,32 Years,12,6,6,6,3,3,0,0,0,0,0,0,0,0,0,6,3,3
STERLING COUNTY,431,33 Years,11,8,3,7,5,2,1,1,0,0,0,0,0,0,0,3,2,1
STERLING COUNTY,431,34 Years,14,10,4,8,6,2,1,1,0,0,0,0,1,1,0,4,2,2
STERLING COUNTY,431,35 Years,20,9,11,13,5,8,0,0,0,0,0,0,2,1,1,5,3,2
STERLING COUNTY,431,36 Years,15,6,9,10,5,5,0,0,0,0,0,0,1,0,1,4,1,3
STERLING COUNTY,431,37 Years,16,7,9,11,4,7,0,0,0,0,0,0,0,0,0,5,3,2
STERLING COUNTY,431,38 Years,18,6,12,13,4,9,0,0,0,0,0,0,1,1,0,4,1,3
STERLING COUNTY,431,39 Years,14,4,10,9,2,7,0,0,0,0,0,0,1,1,0,4,1,3
STERLING COUNTY,431,40 Years,15,8,7,9,4,5,0,0,0,0,0,0,0,0,0,6,4,2
STERLING COUNTY,431,41 Years,14,8,6,8,4,4,1,1,0,0,0,0,0,0,0,5,3,2
STERLING COUNTY,431,42 Years,8,5,3,7,4,3,0,0,0,0,0,0,0,0,0,1,1,0
STERLING COUNTY,431,43 Years,6,4,2,5,3,2,0,0,0,0,0,0,0,0,0,1,1,0
STERLING COUNTY,431,44 Years,11,4,7,7,4,3,0,0,0,0,0,0,0,0,0,4,0,4
STERLING COUNTY,431,45 Years,10,4,6,6,2,4,0,0,0,0,0,0,0,0,0,4,2,2
STERLING COUNTY,431,46 Years,8,2,6,4,2,2,0,0,0,0,0,0,0,0,0,4,0,4
STERLING COUNTY,431,47 Years,14,9,5,10,6,4,0,0,0,0,0,0,0,0,0,4,3,1
STERLING COUNTY,431,48 Years,14,6,8,10,4,6,0,0,0,0,0,0,0,0,0,4,2,2
STERLING COUNTY,431,49 Years,16,7,9,9,4,5,2,1,1,0,0,0,0,0,0,5,2,3
STERLING COUNTY,431,50 Years,19,10,9,9,5,4,0,0,0,0,0,0,0,0,0,10,5,5
STERLING COUNTY,431,51 Years,16,6,10,11,4,7,0,0,0,0,0,0,0,0,0,5,2,3
STERLING COUNTY,431,52 Years,15,7,8,11,5,6,0,0,0,0,0,0,0,0,0,4,2,2
STERLING COUNTY,431,53 Years,21,10,11,14,6,8,0,0,0,0,0,0,0,0,0,7,4,3
STERLING COUNTY,431,54 Years,20,9,11,13,6,7,0,0,0,0,0,0,0,0,0,7,3,4
STERLING COUNTY,431,55 Years,17,9,8,11,6,5,0,0,0,0,0,0,0,0,0,6,3,3
STERLING COUNTY,431,56 Years,18,11,7,11,6,5,0,0,0,0,0,0,1,1,0,6,4,2
STERLING COUNTY,431,57 Years,19,13,6,12,9,3,1,1,0,0,0,0,0,0,0,6,3,3
STERLING COUNTY,431,58 Years,21,11,10,15,9,6,0,0,0,0,0,0,0,0,0,6,2,4
STERLING COUNTY,431,59 Years,23,13,10,18,10,8,0,0,0,0,0,0,0,0,0,5,3,2
STERLING COUNTY,431,60 Years,22,9,13,15,5,10,0,0,0,0,0,0,2,0,2,5,4,1
STERLING COUNTY,431,61 Years,17,7,10,13,5,8,0,0,0,0,0,0,1,0,1,3,2,1
STERLING COUNTY,431,62 Years,19,8,11,12,4,8,0,0,0,0,0,0,1,0,1,6,4,2
STERLING COUNTY,431,63 Years,19,7,12,11,4,7,0,0,0,0,0,0,1,1,0,7,2,5
STERLING COUNTY,431,64 Years,11,4,7,8,3,5,0,0,0,0,0,0,0,0,0,3,1,2
STERLING COUNTY,431,65 Years,14,8,6,10,5,5,0,0,0,0,0,0,1,1,0,3,2,1
STERLING COUNTY,431,66 Years,12,4,8,10,3,7,0,0,0,0,0,0,0,0,0,2,1,1
STERLING COUNTY,431,67 Years,16,11,5,13,9,4,0,0,0,0,0,0,0,0,0,3,2,1
STERLING COUNTY,431,68 Years,19,8,11,17,7,10,0,0,0,0,0,0,1,1,0,1,0,1
STERLING COUNTY,431,69 Years,18,12,6,13,8,5,0,0,0,0,0,0,0,0,0,5,4,1
STERLING COUNTY,431,70 Years,20,13,7,14,11,3,0,0,0,0,0,0,1,0,1,5,2,3
STERLING COUNTY,431,71 Years,11,7,4,6,4,2,0,0,0,0,0,0,0,0,0,5,3,2
STERLING COUNTY,431,72 Years,9,5,4,7,4,3,0,0,0,0,0,0,0,0,0,2,1,1
STERLING COUNTY,431,73 Years,12,7,5,10,5,5,0,0,0,0,0,0,0,0,0,2,2,0
STERLING COUNTY,431,74 Years,11,5,6,7,3,4,0,0,0,0,0,0,0,0,0,4,2,2
STERLING COUNTY,431,75 Years,9,4,5,7,3,4,0,0,0,0,0,0,0,0,0,2,1,1
STERLING COUNTY,431,76 Years,11,2,9,8,1,7,1,1,0,0,0,0,0,0,0,2,0,2
STERLING COUNTY,431,77 Years,8,4,4,6,3,3,0,0,0,0,0,0,0,0,0,2,1,1
STERLING COUNTY,431,78 Years,6,3,3,4,2,2,0,0,0,0,0,0,0,0,0,2,1,1
STERLING COUNTY,431,79 Years,6,1,5,4,1,3,0,0,0,0,0,0,0,0,0,2,0,2
STERLING COUNTY,431,80 Years,11,6,5,10,6,4,0,0,0,0,0,0,0,0,0,1,0,1
STERLING COUNTY,431,81 Years,7,2,5,6,2,4,0,0,0,0,0,0,0,0,0,1,0,1
STERLING COUNTY,431,82 Years,12,6,6,10,4,6,0,0,0,0,0,0,0,0,0,2,2,0
STERLING COUNTY,431,83 Years,12,6,6,9,3,6,0,0,0,0,0,0,0,0,0,3,3,0
STERLING COUNTY,431,84 Years,8,5,3,6,3,3,0,0,0,0,0,0,0,0,0,2,2,0
STERLING COUNTY,431,85 Years,8,4,4,6,2,4,0,0,0,0,0,0,0,0,0,2,2,0
STERLING COUNTY,431,86 Years,7,4,3,6,3,3,0,0,0,0,0,0,0,0,0,1,1,0
STERLING COUNTY,431,87 Years,9,3,6,7,2,5,0,0,0,0,0,0,0,0,0,2,1,1
STERLING COUNTY,431,88 Years,5,4,1,3,2,1,0,0,0,0,0,0,0,0,0,2,2,0
STERLING COUNTY,431,89 Years,6,3,3,4,3,1,0,0,0,0,0,0,0,0,0,2,0,2
STERLING COUNTY,431,90 Years,7,2,5,6,2,4,0,0,0,0,0,0,0,0,0,1,0,1
STERLING COUNTY,431,91 Years,4,2,2,4,2,2,0,0,0,0,0,0,0,0,0,0,0,0
STERLING COUNTY,431,92 Years,4,1,3,1,1,0,1,0,1,0,0,0,0,0,0,2,0,2
STERLING COUNTY,431,93 Years,2,0,2,0,0,0,0,0,0,0,0,0,1,0,1,1,0,1
STERLING COUNTY,431,94 Years,2,0,2,1,0,1,0,0,0,0,0,0,0,0,0,1,0,1
STERLING COUNTY,431,95 Years +,10,6,4,6,4,2,1,1,0,0,0,0,0,0,0,3,1,2
STONEWALL COUNTY,433,All Ages,1341,653,688,1067,521,546,32,16,16,12,2,10,20,7,13,210,107,103
STONEWALL COUNTY,433,< 1 Year,16,11,5,12,9,3,0,0,0,0,0,0,0,0,0,4,2,2
STONEWALL COUNTY,433,1 Years,16,9,7,11,7,4,0,0,0,0,0,0,1,0,1,4,2,2
STONEWALL COUNTY,433,2 Years,17,9,8,13,8,5,0,0,0,0,0,0,1,0,1,3,1,2
STONEWALL COUNTY,433,3 Years,18,9,9,14,7,7,0,0,0,0,0,0,1,0,1,3,2,1
STONEWALL COUNTY,433,4 Years,14,7,7,10,5,5,0,0,0,0,0,0,0,0,0,4,2,2
STONEWALL COUNTY,433,5 Years,12,6,6,8,4,4,0,0,0,0,0,0,0,0,0,4,2,2
STONEWALL COUNTY,433,6 Years,11,6,5,8,5,3,0,0,0,0,0,0,0,0,0,3,1,2
STONEWALL COUNTY,433,7 Years,10,3,7,7,2,5,0,0,0,0,0,0,0,0,0,3,1,2
STONEWALL COUNTY,433,8 Years,18,6,12,10,5,5,1,0,1,1,0,1,1,0,1,5,1,4
STONEWALL COUNTY,433,9 Years,9,3,6,5,2,3,1,0,1,0,0,0,0,0,0,3,1,2
STONEWALL COUNTY,433,10 Years,15,6,9,13,4,9,0,0,0,0,0,0,0,0,0,2,2,0
STONEWALL COUNTY,433,11 Years,19,9,10,12,5,7,1,1,0,0,0,0,0,0,0,6,3,3
STONEWALL COUNTY,433,12 Years,16,10,6,12,7,5,0,0,0,0,0,0,0,0,0,4,3,1
STONEWALL COUNTY,433,13 Years,19,8,11,9,4,5,1,0,1,2,2,0,0,0,0,7,2,5
STONEWALL COUNTY,433,14 Years,19,9,10,11,6,5,1,0,1,2,0,2,1,1,0,4,2,2
STONEWALL COUNTY,433,15 Years,18,10,8,12,6,6,1,0,1,1,0,1,0,0,0,4,4,0
STONEWALL COUNTY,433,16 Years,16,8,8,13,7,6,1,0,1,0,0,0,0,0,0,2,1,1
STONEWALL COUNTY,433,17 Years,11,6,5,7,4,3,0,0,0,0,0,0,0,0,0,4,2,2
STONEWALL COUNTY,433,18 Years,15,5,10,8,3,5,1,1,0,0,0,0,1,0,1,5,1,4
STONEWALL COUNTY,433,19 Years,12,5,7,8,4,4,1,1,0,0,0,0,1,0,1,2,0,2
STONEWALL COUNTY,433,20 Years,11,5,6,9,3,6,1,1,0,0,0,0,0,0,0,1,1,0
STONEWALL COUNTY,433,21 Years,10,3,7,7,2,5,1,0,1,0,0,0,0,0,0,2,1,1
STONEWALL COUNTY,433,22 Years,14,5,9,9,2,7,1,1,0,0,0,0,0,0,0,4,2,2
STONEWALL COUNTY,433,23 Years,14,6,8,7,3,4,0,0,0,0,0,0,0,0,0,7,3,4
STONEWALL COUNTY,433,24 Years,14,8,6,9,5,4,0,0,0,0,0,0,0,0,0,5,3,2
STONEWALL COUNTY,433,25 Years,12,7,5,7,4,3,0,0,0,0,0,0,1,1,0,4,2,2
STONEWALL COUNTY,433,26 Years,8,6,2,5,4,1,1,1,0,0,0,0,0,0,0,2,1,1
STONEWALL COUNTY,433,27 Years,15,9,6,11,7,4,3,1,2,0,0,0,1,1,0,0,0,0
STONEWALL COUNTY,433,28 Years,10,5,5,8,5,3,1,0,1,0,0,0,0,0,0,1,0,1
STONEWALL COUNTY,433,29 Years,7,5,2,5,3,2,0,0,0,0,0,0,0,0,0,2,2,0
STONEWALL COUNTY,433,30 Years,7,5,2,4,4,0,0,0,0,0,0,0,0,0,0,3,1,2
STONEWALL COUNTY,433,31 Years,11,6,5,8,4,4,0,0,0,0,0,0,0,0,0,3,2,1
STONEWALL COUNTY,433,32 Years,10,5,5,8,4,4,0,0,0,0,0,0,0,0,0,2,1,1
STONEWALL COUNTY,433,33 Years,9,5,4,9,5,4,0,0,0,0,0,0,0,0,0,0,0,0
STONEWALL COUNTY,433,34 Years,16,9,7,9,5,4,0,0,0,2,0,2,0,0,0,5,4,1
STONEWALL COUNTY,433,35 Years,17,9,8,13,7,6,0,0,0,1,0,1,0,0,0,3,2,1
STONEWALL COUNTY,433,36 Years,16,7,9,13,6,7,0,0,0,0,0,0,0,0,0,3,1,2
STONEWALL COUNTY,433,37 Years,14,7,7,11,6,5,0,0,0,0,0,0,0,0,0,3,1,2
STONEWALL COUNTY,433,38 Years,15,5,10,12,4,8,1,0,1,1,0,1,0,0,0,1,1,0
STONEWALL COUNTY,433,39 Years,11,4,7,8,3,5,1,0,1,0,0,0,0,0,0,2,1,1
STONEWALL COUNTY,433,40 Years,12,6,6,10,5,5,0,0,0,0,0,0,1,0,1,1,1,0
STONEWALL COUNTY,433,41 Years,10,7,3,8,5,3,0,0,0,0,0,0,0,0,0,2,2,0
STONEWALL COUNTY,433,42 Years,14,7,7,12,6,6,0,0,0,1,0,1,0,0,0,1,1,0
STONEWALL COUNTY,433,43 Years,14,8,6,10,6,4,0,0,0,1,0,1,0,0,0,3,2,1
STONEWALL COUNTY,433,44 Years,12,7,5,10,5,5,0,0,0,0,0,0,0,0,0,2,2,0
STONEWALL COUNTY,433,45 Years,14,5,9,10,4,6,0,0,0,0,0,0,0,0,0,4,1,3
STONEWALL COUNTY,433,46 Years,16,7,9,13,7,6,0,0,0,0,0,0,0,0,0,3,0,3
STONEWALL COUNTY,433,47 Years,13,6,7,12,6,6,0,0,0,0,0,0,0,0,0,1,0,1
STONEWALL COUNTY,433,48 Years,12,8,4,7,5,2,1,1,0,0,0,0,0,0,0,4,2,2
STONEWALL COUNTY,433,49 Years,12,7,5,8,5,3,0,0,0,0,0,0,0,0,0,4,2,2
STONEWALL COUNTY,433,50 Years,12,7,5,11,6,5,0,0,0,0,0,0,0,0,0,1,1,0
STONEWALL COUNTY,433,51 Years,18,10,8,17,9,8,0,0,0,0,0,0,0,0,0,1,1,0
STONEWALL COUNTY,433,52 Years,18,10,8,14,8,6,1,1,0,0,0,0,1,1,0,2,0,2
STONEWALL COUNTY,433,53 Years,20,9,11,18,8,10,1,1,0,0,0,0,0,0,0,1,0,1
STONEWALL COUNTY,433,54 Years,19,10,9,16,9,7,0,0,0,0,0,0,0,0,0,3,1,2
STONEWALL COUNTY,433,55 Years,21,12,9,17,9,8,0,0,0,0,0,0,0,0,0,4,3,1
STONEWALL COUNTY,433,56 Years,18,11,7,16,9,7,0,0,0,0,0,0,0,0,0,2,2,0
STONEWALL COUNTY,433,57 Years,15,9,6,13,7,6,1,1,0,0,0,0,0,0,0,1,1,0
STONEWALL COUNTY,433,58 Years,17,8,9,16,7,9,0,0,0,0,0,0,0,0,0,1,1,0
STONEWALL COUNTY,433,59 Years,20,13,7,17,10,7,0,0,0,0,0,0,0,0,0,3,3,0
STONEWALL COUNTY,433,60 Years,22,10,12,16,7,9,0,0,0,0,0,0,0,0,0,6,3,3
STONEWALL COUNTY,433,61 Years,20,9,11,16,8,8,2,0,2,0,0,0,0,0,0,2,1,1
STONEWALL COUNTY,433,62 Years,19,6,13,18,6,12,0,0,0,0,0,0,0,0,0,1,0,1
STONEWALL COUNTY,433,63 Years,16,9,7,14,8,6,0,0,0,0,0,0,1,1,0,1,0,1
STONEWALL COUNTY,433,64 Years,15,7,8,13,6,7,0,0,0,0,0,0,0,0,0,2,1,1
STONEWALL COUNTY,433,65 Years,16,8,8,14,7,7,0,0,0,0,0,0,1,1,0,1,0,1
STONEWALL COUNTY,433,66 Years,17,9,8,16,8,8,0,0,0,0,0,0,0,0,0,1,1,0
STONEWALL COUNTY,433,67 Years,16,9,7,15,8,7,0,0,0,0,0,0,0,0,0,1,1,0
STONEWALL COUNTY,433,68 Years,21,9,12,19,8,11,0,0,0,0,0,0,1,0,1,1,1,0
STONEWALL COUNTY,433,69 Years,16,7,9,14,6,8,0,0,0,0,0,0,1,0,1,1,1,0
STONEWALL COUNTY,433,70 Years,17,8,9,15,8,7,0,0,0,0,0,0,0,0,0,2,0,2
STONEWALL COUNTY,433,71 Years,16,7,9,15,7,8,0,0,0,0,0,0,0,0,0,1,0,1
STONEWALL COUNTY,433,72 Years,18,9,9,16,8,8,1,1,0,0,0,0,0,0,0,1,0,1
STONEWALL COUNTY,433,73 Years,23,10,13,20,9,11,1,0,1,0,0,0,1,0,1,1,1,0
STONEWALL COUNTY,433,74 Years,11,5,6,9,4,5,0,0,0,0,0,0,0,0,0,2,1,1
STONEWALL COUNTY,433,75 Years,10,3,7,9,2,7,0,0,0,0,0,0,0,0,0,1,1,0
STONEWALL COUNTY,433,76 Years,10,4,6,10,4,6,0,0,0,0,0,0,0,0,0,0,0,0
STONEWALL COUNTY,433,77 Years,12,7,5,10,6,4,1,1,0,0,0,0,0,0,0,1,0,1
STONEWALL COUNTY,433,78 Years,19,7,12,17,6,11,1,1,0,0,0,0,0,0,0,1,0,1
STONEWALL COUNTY,433,79 Years,14,5,9,12,4,8,2,1,1,0,0,0,0,0,0,0,0,0
STONEWALL COUNTY,433,80 Years,12,6,6,11,5,6,0,0,0,0,0,0,1,1,0,0,0,0
STONEWALL COUNTY,433,81 Years,12,5,7,10,4,6,1,1,0,0,0,0,0,0,0,1,0,1
STONEWALL COUNTY,433,82 Years,9,3,6,8,3,5,0,0,0,0,0,0,1,0,1,0,0,0
STONEWALL COUNTY,433,83 Years,14,3,11,13,3,10,0,0,0,0,0,0,1,0,1,0,0,0
STONEWALL COUNTY,433,84 Years,14,5,9,13,4,9,0,0,0,0,0,0,0,0,0,1,1,0
STONEWALL COUNTY,433,85 Years,15,8,7,12,6,6,0,0,0,0,0,0,1,0,1,2,2,0
STONEWALL COUNTY,433,86 Years,12,6,6,10,5,5,0,0,0,0,0,0,0,0,0,2,1,1
STONEWALL COUNTY,433,87 Years,12,5,7,11,5,6,0,0,0,0,0,0,0,0,0,1,0,1
STONEWALL COUNTY,433,88 Years,11,6,5,10,6,4,0,0,0,0,0,0,0,0,0,1,0,1
STONEWALL COUNTY,433,89 Years,8,3,5,8,3,5,0,0,0,0,0,0,0,0,0,0,0,0
STONEWALL COUNTY,433,90 Years,8,4,4,8,4,4,0,0,0,0,0,0,0,0,0,0,0,0
STONEWALL COUNTY,433,91 Years,10,6,4,9,5,4,0,0,0,0,0,0,0,0,0,1,1,0
STONEWALL COUNTY,433,92 Years,7,3,4,6,3,3,0,0,0,0,0,0,0,0,0,1,0,1
STONEWALL COUNTY,433,93 Years,6,3,3,6,3,3,0,0,0,0,0,0,0,0,0,0,0,0
STONEWALL COUNTY,433,94 Years,4,2,2,4,2,2,0,0,0,0,0,0,0,0,0,0,0,0
STONEWALL COUNTY,433,95 Years +,10,4,6,10,4,6,0,0,0,0,0,0,0,0,0,0,0,0
SUTTON COUNTY,435,All Ages,3744,1881,1863,1392,708,684,6,6,0,7,4,3,19,10,9,2320,1153,1167
SUTTON COUNTY,435,< 1 Year,61,30,31,19,12,7,0,0,0,0,0,0,0,0,0,42,18,24
SUTTON COUNTY,435,1 Years,52,28,24,15,9,6,0,0,0,0,0,0,0,0,0,37,19,18
SUTTON COUNTY,435,2 Years,57,29,28,17,10,7,0,0,0,1,1,0,1,1,0,38,17,21
SUTTON COUNTY,435,3 Years,51,26,25,16,8,8,0,0,0,0,0,0,1,1,0,34,17,17
SUTTON COUNTY,435,4 Years,51,27,24,18,10,8,0,0,0,0,0,0,0,0,0,33,17,16
SUTTON COUNTY,435,5 Years,51,28,23,19,10,9,0,0,0,0,0,0,0,0,0,32,18,14
SUTTON COUNTY,435,6 Years,45,25,20,15,9,6,0,0,0,0,0,0,0,0,0,30,16,14
SUTTON COUNTY,435,7 Years,57,25,32,18,7,11,0,0,0,0,0,0,0,0,0,39,18,21
SUTTON COUNTY,435,8 Years,52,29,23,18,11,7,0,0,0,0,0,0,1,1,0,33,17,16
SUTTON COUNTY,435,9 Years,49,23,26,14,9,5,0,0,0,0,0,0,0,0,0,35,14,21
SUTTON COUNTY,435,10 Years,46,23,23,12,6,6,0,0,0,0,0,0,0,0,0,34,17,17
SUTTON COUNTY,435,11 Years,39,21,18,8,5,3,0,0,0,0,0,0,0,0,0,31,16,15
SUTTON COUNTY,435,12 Years,40,19,21,8,4,4,0,0,0,0,0,0,1,1,0,31,14,17
SUTTON COUNTY,435,13 Years,43,20,23,10,4,6,0,0,0,0,0,0,1,1,0,32,15,17
SUTTON COUNTY,435,14 Years,42,22,20,12,7,5,0,0,0,0,0,0,1,0,1,29,15,14
SUTTON COUNTY,435,15 Years,38,17,21,14,7,7,0,0,0,0,0,0,0,0,0,24,10,14
SUTTON COUNTY,435,16 Years,42,17,25,16,7,9,0,0,0,0,0,0,0,0,0,26,10,16
SUTTON COUNTY,435,17 Years,50,22,28,12,5,7,0,0,0,0,0,0,2,0,2,36,17,19
SUTTON COUNTY,435,18 Years,49,32,17,15,10,5,0,0,0,0,0,0,0,0,0,34,22,12
SUTTON COUNTY,435,19 Years,35,19,16,11,7,4,0,0,0,0,0,0,0,0,0,24,12,12
SUTTON COUNTY,435,20 Years,41,21,20,11,5,6,0,0,0,0,0,0,1,0,1,29,16,13
SUTTON COUNTY,435,21 Years,43,23,20,12,6,6,0,0,0,0,0,0,0,0,0,31,17,14
SUTTON COUNTY,435,22 Years,48,28,20,14,7,7,0,0,0,0,0,0,0,0,0,34,21,13
SUTTON COUNTY,435,23 Years,50,24,26,18,7,11,0,0,0,0,0,0,0,0,0,32,17,15
SUTTON COUNTY,435,24 Years,65,31,34,21,9,12,1,1,0,0,0,0,0,0,0,43,21,22
SUTTON COUNTY,435,25 Years,64,27,37,20,9,11,1,1,0,0,0,0,0,0,0,43,17,26
SUTTON COUNTY,435,26 Years,52,24,28,15,5,10,0,0,0,0,0,0,1,1,0,36,18,18
SUTTON COUNTY,435,27 Years,38,20,18,3,0,3,0,0,0,0,0,0,0,0,0,35,20,15
SUTTON COUNTY,435,28 Years,43,25,18,10,7,3,0,0,0,0,0,0,1,1,0,32,17,15
SUTTON COUNTY,435,29 Years,46,25,21,15,10,5,0,0,0,0,0,0,0,0,0,31,15,16
SUTTON COUNTY,435,30 Years,46,25,21,13,8,5,0,0,0,0,0,0,0,0,0,33,17,16
SUTTON COUNTY,435,31 Years,38,17,21,13,7,6,0,0,0,0,0,0,0,0,0,25,10,15
SUTTON COUNTY,435,32 Years,40,18,22,12,5,7,0,0,0,0,0,0,0,0,0,28,13,15
SUTTON COUNTY,435,33 Years,43,20,23,12,5,7,0,0,0,0,0,0,0,0,0,31,15,16
SUTTON COUNTY,435,34 Years,42,21,21,14,7,7,0,0,0,0,0,0,0,0,0,28,14,14
SUTTON COUNTY,435,35 Years,45,22,23,15,8,7,0,0,0,0,0,0,1,0,1,29,14,15
SUTTON COUNTY,435,36 Years,41,21,20,12,5,7,0,0,0,0,0,0,0,0,0,29,16,13
SUTTON COUNTY,435,37 Years,45,20,25,11,4,7,0,0,0,0,0,0,0,0,0,34,16,18
SUTTON COUNTY,435,38 Years,39,21,18,12,5,7,1,1,0,0,0,0,0,0,0,26,15,11
SUTTON COUNTY,435,39 Years,38,20,18,14,8,6,0,0,0,0,0,0,0,0,0,24,12,12
SUTTON COUNTY,435,40 Years,28,14,14,8,4,4,0,0,0,0,0,0,0,0,0,20,10,10
SUTTON COUNTY,435,41 Years,38,16,22,12,4,8,0,0,0,0,0,0,0,0,0,26,12,14
SUTTON COUNTY,435,42 Years,40,19,21,11,6,5,1,1,0,1,0,1,0,0,0,27,12,15
SUTTON COUNTY,435,43 Years,40,20,20,13,7,6,0,0,0,0,0,0,0,0,0,27,13,14
SUTTON COUNTY,435,44 Years,44,20,24,13,7,6,0,0,0,0,0,0,0,0,0,31,13,18
SUTTON COUNTY,435,45 Years,43,19,24,17,6,11,0,0,0,0,0,0,0,0,0,26,13,13
SUTTON COUNTY,435,46 Years,44,20,24,20,8,12,0,0,0,0,0,0,0,0,0,24,12,12
SUTTON COUNTY,435,47 Years,54,24,30,17,7,10,0,0,0,0,0,0,0,0,0,37,17,20
SUTTON COUNTY,435,48 Years,50,29,21,17,10,7,1,1,0,0,0,0,0,0,0,32,18,14
SUTTON COUNTY,435,49 Years,44,24,20,20,12,8,1,1,0,0,0,0,0,0,0,23,11,12
SUTTON COUNTY,435,50 Years,44,26,18,15,9,6,0,0,0,0,0,0,0,0,0,29,17,12
SUTTON COUNTY,435,51 Years,45,27,18,18,9,9,0,0,0,0,0,0,1,0,1,26,18,8
SUTTON COUNTY,435,52 Years,40,20,20,18,7,11,0,0,0,1,0,1,0,0,0,21,13,8
SUTTON COUNTY,435,53 Years,48,20,28,20,7,13,0,0,0,1,0,1,0,0,0,27,13,14
SUTTON COUNTY,435,54 Years,50,27,23,23,12,11,0,0,0,0,0,0,0,0,0,27,15,12
SUTTON COUNTY,435,55 Years,58,32,26,26,13,13,0,0,0,0,0,0,0,0,0,32,19,13
SUTTON COUNTY,435,56 Years,50,27,23,25,12,13,0,0,0,0,0,0,1,1,0,24,14,10
SUTTON COUNTY,435,57 Years,54,26,28,24,13,11,0,0,0,1,1,0,0,0,0,29,12,17
SUTTON COUNTY,435,58 Years,49,25,24,21,12,9,0,0,0,1,1,0,0,0,0,27,12,15
SUTTON COUNTY,435,59 Years,50,27,23,20,13,7,0,0,0,0,0,0,0,0,0,30,14,16
SUTTON COUNTY,435,60 Years,43,21,22,19,10,9,0,0,0,0,0,0,0,0,0,24,11,13
SUTTON COUNTY,435,61 Years,51,26,25,26,12,14,0,0,0,0,0,0,0,0,0,25,14,11
SUTTON COUNTY,435,62 Years,48,25,23,22,13,9,0,0,0,0,0,0,0,0,0,26,12,14
SUTTON COUNTY,435,63 Years,55,26,29,25,14,11,0,0,0,0,0,0,1,0,1,29,12,17
SUTTON COUNTY,435,64 Years,52,22,30,25,12,13,0,0,0,0,0,0,1,0,1,26,10,16
SUTTON COUNTY,435,65 Years,45,23,22,19,10,9,0,0,0,0,0,0,0,0,0,26,13,13
SUTTON COUNTY,435,66 Years,49,26,23,23,14,9,0,0,0,0,0,0,0,0,0,26,12,14
SUTTON COUNTY,435,67 Years,39,18,21,22,11,11,0,0,0,0,0,0,0,0,0,17,7,10
SUTTON COUNTY,435,68 Years,42,24,18,19,11,8,0,0,0,0,0,0,0,0,0,23,13,10
SUTTON COUNTY,435,69 Years,44,25,19,21,12,9,0,0,0,0,0,0,0,0,0,23,13,10
SUTTON COUNTY,435,70 Years,44,23,21,27,16,11,0,0,0,0,0,0,0,0,0,17,7,10
SUTTON COUNTY,435,71 Years,40,21,19,22,13,9,0,0,0,0,0,0,0,0,0,18,8,10
SUTTON COUNTY,435,72 Years,31,17,14,17,9,8,0,0,0,0,0,0,1,1,0,13,7,6
SUTTON COUNTY,435,73 Years,34,17,17,16,7,9,0,0,0,1,1,0,0,0,0,17,9,8
SUTTON COUNTY,435,74 Years,30,17,13,18,12,6,0,0,0,0,0,0,0,0,0,12,5,7
SUTTON COUNTY,435,75 Years,27,18,9,16,10,6,0,0,0,0,0,0,1,1,0,10,7,3
SUTTON COUNTY,435,76 Years,20,9,11,10,5,5,0,0,0,0,0,0,0,0,0,10,4,6
SUTTON COUNTY,435,77 Years,18,9,9,11,6,5,0,0,0,0,0,0,0,0,0,7,3,4
SUTTON COUNTY,435,78 Years,18,9,9,9,4,5,0,0,0,0,0,0,0,0,0,9,5,4
SUTTON COUNTY,435,79 Years,15,7,8,8,3,5,0,0,0,0,0,0,0,0,0,7,4,3
SUTTON COUNTY,435,80 Years,19,9,10,9,4,5,0,0,0,0,0,0,0,0,0,10,5,5
SUTTON COUNTY,435,81 Years,22,10,12,11,4,7,0,0,0,0,0,0,0,0,0,11,6,5
SUTTON COUNTY,435,82 Years,15,6,9,6,2,4,0,0,0,0,0,0,0,0,0,9,4,5
SUTTON COUNTY,435,83 Years,12,5,7,8,3,5,0,0,0,0,0,0,0,0,0,4,2,2
SUTTON COUNTY,435,84 Years,16,7,9,9,2,7,0,0,0,0,0,0,0,0,0,7,5,2
SUTTON COUNTY,435,85 Years,21,9,12,9,3,6,0,0,0,0,0,0,0,0,0,12,6,6
SUTTON COUNTY,435,86 Years,19,10,9,9,4,5,0,0,0,0,0,0,0,0,0,10,6,4
SUTTON COUNTY,435,87 Years,22,11,11,8,4,4,0,0,0,0,0,0,0,0,0,14,7,7
SUTTON COUNTY,435,88 Years,15,4,11,7,3,4,0,0,0,0,0,0,0,0,0,8,1,7
SUTTON COUNTY,435,89 Years,13,5,8,6,2,4,0,0,0,0,0,0,0,0,0,7,3,4
SUTTON COUNTY,435,90 Years,11,3,8,4,1,3,0,0,0,0,0,0,0,0,0,7,2,5
SUTTON COUNTY,435,91 Years,15,7,8,5,3,2,0,0,0,0,0,0,0,0,0,10,4,6
SUTTON COUNTY,435,92 Years,8,5,3,3,2,1,0,0,0,0,0,0,0,0,0,5,3,2
SUTTON COUNTY,435,93 Years,6,2,4,3,1,2,0,0,0,0,0,0,0,0,0,3,1,2
SUTTON COUNTY,435,94 Years,6,4,2,3,2,1,0,0,0,0,0,0,1,0,1,2,2,0
SUTTON COUNTY,435,95 Years +,9,4,5,5,2,3,0,0,0,0,0,0,0,0,0,4,2,2
SWISHER COUNTY,437,All Ages,7470,3970,3500,3513,1739,1774,590,406,184,4,1,3,143,71,72,3220,1753,1467
SWISHER COUNTY,437,< 1 Year,84,47,37,27,15,12,4,1,3,0,0,0,9,7,2,44,24,20
SWISHER COUNTY,437,1 Years,89,45,44,33,18,15,5,2,3,0,0,0,7,4,3,44,21,23
SWISHER COUNTY,437,2 Years,93,49,44,31,18,13,6,3,3,0,0,0,5,4,1,51,24,27
SWISHER COUNTY,437,3 Years,99,50,49,32,18,14,6,3,3,0,0,0,3,2,1,58,27,31
SWISHER COUNTY,437,4 Years,91,45,46,25,12,13,5,2,3,0,0,0,0,0,0,61,31,30
SWISHER COUNTY,437,5 Years,96,45,51,28,14,14,4,2,2,0,0,0,3,1,2,61,28,33
SWISHER COUNTY,437,6 Years,95,48,47,28,14,14,4,3,1,0,0,0,0,0,0,63,31,32
SWISHER COUNTY,437,7 Years,114,49,65,34,12,22,4,2,2,0,0,0,5,3,2,71,32,39
SWISHER COUNTY,437,8 Years,111,52,59,33,12,21,8,2,6,0,0,0,4,3,1,66,35,31
SWISHER COUNTY,437,9 Years,105,54,51,40,18,22,5,2,3,0,0,0,4,1,3,56,33,23
SWISHER COUNTY,437,10 Years,113,54,59,36,16,20,10,5,5,0,0,0,5,2,3,62,31,31
SWISHER COUNTY,437,11 Years,111,53,58,40,18,22,12,5,7,0,0,0,4,2,2,55,28,27
SWISHER COUNTY,437,12 Years,122,70,52,47,27,20,10,5,5,0,0,0,5,3,2,60,35,25
SWISHER COUNTY,437,13 Years,110,56,54,41,20,21,10,4,6,0,0,0,4,3,1,55,29,26
SWISHER COUNTY,437,14 Years,102,55,47,41,22,19,6,3,3,0,0,0,4,2,2,51,28,23
SWISHER COUNTY,437,15 Years,93,54,39,38,21,17,7,4,3,0,0,0,1,1,0,47,28,19
SWISHER COUNTY,437,16 Years,108,59,49,40,18,22,6,2,4,0,0,0,1,1,0,61,38,23
SWISHER COUNTY,437,17 Years,97,49,48,38,18,20,8,3,5,0,0,0,3,0,3,48,28,20
SWISHER COUNTY,437,18 Years,100,50,50,37,19,18,9,6,3,0,0,0,1,0,1,53,25,28
SWISHER COUNTY,437,19 Years,84,46,38,25,12,13,8,6,2,0,0,0,2,2,0,49,26,23
SWISHER COUNTY,437,20 Years,99,62,37,33,23,10,11,6,5,0,0,0,2,1,1,53,32,21
SWISHER COUNTY,437,21 Years,93,56,37,30,16,14,17,13,4,0,0,0,1,0,1,45,27,18
SWISHER COUNTY,437,22 Years,94,60,34,31,14,17,12,10,2,0,0,0,1,0,1,50,36,14
SWISHER COUNTY,437,23 Years,103,60,43,31,14,17,10,8,2,0,0,0,3,1,2,59,37,22
SWISHER COUNTY,437,24 Years,122,73,49,46,23,23,21,19,2,0,0,0,2,1,1,53,30,23
SWISHER COUNTY,437,25 Years,104,59,45,45,23,22,10,9,1,0,0,0,0,0,0,49,27,22
SWISHER COUNTY,437,26 Years,103,61,42,39,18,21,18,16,2,0,0,0,1,1,0,45,26,19
SWISHER COUNTY,437,27 Years,94,63,31,36,25,11,14,13,1,0,0,0,1,1,0,43,24,19
SWISHER COUNTY,437,28 Years,86,56,30,25,16,9,14,12,2,0,0,0,0,0,0,47,28,19
SWISHER COUNTY,437,29 Years,104,66,38,33,20,13,12,11,1,0,0,0,3,2,1,56,33,23
SWISHER COUNTY,437,30 Years,111,70,41,34,17,17,10,10,0,0,0,0,2,1,1,65,42,23
SWISHER COUNTY,437,31 Years,107,76,31,29,16,13,15,15,0,0,0,0,2,1,1,61,44,17
SWISHER COUNTY,437,32 Years,95,55,40,33,16,17,16,13,3,0,0,0,1,1,0,45,25,20
SWISHER COUNTY,437,33 Years,94,53,41,32,16,16,13,11,2,0,0,0,2,1,1,47,25,22
SWISHER COUNTY,437,34 Years,100,58,42,35,18,17,16,14,2,0,0,0,1,0,1,48,26,22
SWISHER COUNTY,437,35 Years,91,46,45,37,13,24,10,9,1,0,0,0,2,0,2,42,24,18
SWISHER COUNTY,437,36 Years,87,48,39,40,15,25,6,5,1,0,0,0,1,0,1,40,28,12
SWISHER COUNTY,437,37 Years,90,54,36,38,19,19,12,10,2,0,0,0,0,0,0,40,25,15
SWISHER COUNTY,437,38 Years,87,47,40,39,17,22,6,4,2,0,0,0,2,1,1,40,25,15
SWISHER COUNTY,437,39 Years,77,39,38,32,13,19,8,6,2,0,0,0,0,0,0,37,20,17
SWISHER COUNTY,437,40 Years,78,45,33,35,18,17,8,6,2,0,0,0,0,0,0,35,21,14
SWISHER COUNTY,437,41 Years,84,49,35,37,19,18,12,8,4,0,0,0,1,0,1,34,22,12
SWISHER COUNTY,437,42 Years,82,47,35,36,19,17,9,7,2,0,0,0,2,1,1,35,20,15
SWISHER COUNTY,437,43 Years,64,39,25,29,15,14,6,4,2,0,0,0,3,2,1,26,18,8
SWISHER COUNTY,437,44 Years,72,41,31,33,17,16,9,8,1,0,0,0,1,1,0,29,15,14
SWISHER COUNTY,437,45 Years,68,38,30,27,17,10,5,5,0,0,0,0,2,1,1,34,15,19
SWISHER COUNTY,437,46 Years,75,37,38,30,14,16,8,7,1,0,0,0,2,1,1,35,15,20
SWISHER COUNTY,437,47 Years,80,39,41,37,17,20,4,4,0,0,0,0,1,1,0,38,17,21
SWISHER COUNTY,437,48 Years,87,38,49,37,16,21,7,5,2,1,0,1,0,0,0,42,17,25
SWISHER COUNTY,437,49 Years,75,44,31,37,20,17,6,6,0,0,0,0,0,0,0,32,18,14
SWISHER COUNTY,437,50 Years,74,45,29,36,21,15,7,6,1,0,0,0,2,1,1,29,17,12
SWISHER COUNTY,437,51 Years,83,44,39,41,23,18,9,4,5,0,0,0,1,0,1,32,17,15
SWISHER COUNTY,437,52 Years,91,53,38,47,27,20,7,5,2,0,0,0,1,0,1,36,21,15
SWISHER COUNTY,437,53 Years,95,51,44,43,23,20,7,4,3,0,0,0,2,1,1,43,23,20
SWISHER COUNTY,437,54 Years,94,52,42,48,26,22,6,5,1,0,0,0,0,0,0,40,21,19
SWISHER COUNTY,437,55 Years,85,40,45,49,21,28,4,3,1,0,0,0,0,0,0,32,16,16
SWISHER COUNTY,437,56 Years,99,47,52,56,24,32,7,4,3,0,0,0,1,0,1,35,19,16
SWISHER COUNTY,437,57 Years,87,45,42,52,27,25,5,3,2,0,0,0,1,0,1,29,15,14
SWISHER COUNTY,437,58 Years,85,47,38,54,29,25,4,3,1,0,0,0,1,1,0,26,14,12
SWISHER COUNTY,437,59 Years,89,50,39,46,25,21,4,2,2,0,0,0,1,1,0,38,22,16
SWISHER COUNTY,437,60 Years,89,44,45,54,28,26,5,1,4,0,0,0,0,0,0,30,15,15
SWISHER COUNTY,437,61 Years,84,43,41,55,29,26,3,2,1,0,0,0,0,0,0,26,12,14
SWISHER COUNTY,437,62 Years,85,41,44,55,28,27,1,1,0,0,0,0,1,0,1,28,12,16
SWISHER COUNTY,437,63 Years,82,44,38,57,29,28,3,2,1,0,0,0,1,1,0,21,12,9
SWISHER COUNTY,437,64 Years,87,47,40,61,32,29,4,1,3,0,0,0,0,0,0,22,14,8
SWISHER COUNTY,437,65 Years,92,48,44,61,30,31,6,3,3,0,0,0,0,0,0,25,15,10
SWISHER COUNTY,437,66 Years,89,41,48,64,29,35,3,1,2,1,0,1,1,1,0,20,10,10
SWISHER COUNTY,437,67 Years,81,38,43,55,27,28,3,1,2,0,0,0,2,0,2,21,10,11
SWISHER COUNTY,437,68 Years,77,44,33,54,31,23,3,1,2,0,0,0,1,0,1,19,12,7
SWISHER COUNTY,437,69 Years,77,44,33,52,31,21,2,1,1,0,0,0,3,1,2,20,11,9
SWISHER COUNTY,437,70 Years,70,35,35,50,26,24,2,0,2,0,0,0,4,2,2,14,7,7
SWISHER COUNTY,437,71 Years,66,30,36,49,23,26,2,0,2,0,0,0,1,0,1,14,7,7
SWISHER COUNTY,437,72 Years,60,28,32,40,18,22,3,2,1,0,0,0,1,0,1,16,8,8
SWISHER COUNTY,437,73 Years,72,34,38,50,25,25,2,2,0,1,0,1,1,0,1,18,7,11
SWISHER COUNTY,437,74 Years,66,34,32,45,25,20,4,2,2,0,0,0,0,0,0,17,7,10
SWISHER COUNTY,437,75 Years,57,28,29,39,20,19,3,1,2,0,0,0,0,0,0,15,7,8
SWISHER COUNTY,437,76 Years,53,26,27,39,21,18,1,0,1,1,1,0,0,0,0,12,4,8
SWISHER COUNTY,437,77 Years,52,27,25,38,21,17,2,0,2,0,0,0,0,0,0,12,6,6
SWISHER COUNTY,437,78 Years,55,31,24,36,23,13,3,1,2,0,0,0,1,0,1,15,7,8
SWISHER COUNTY,437,79 Years,50,26,24,30,17,13,3,2,1,0,0,0,0,0,0,17,7,10
SWISHER COUNTY,437,80 Years,41,14,27,29,9,20,2,1,1,0,0,0,0,0,0,10,4,6
SWISHER COUNTY,437,81 Years,43,10,33,37,9,28,1,0,1,0,0,0,0,0,0,5,1,4
SWISHER COUNTY,437,82 Years,34,10,24,27,6,21,0,0,0,0,0,0,0,0,0,7,4,3
SWISHER COUNTY,437,83 Years,36,12,24,27,10,17,2,0,2,0,0,0,0,0,0,7,2,5
SWISHER COUNTY,437,84 Years,37,17,20,29,13,16,1,1,0,0,0,0,0,0,0,7,3,4
SWISHER COUNTY,437,85 Years,31,15,16,24,12,12,1,1,0,0,0,0,0,0,0,6,2,4
SWISHER COUNTY,437,86 Years,25,11,14,21,8,13,0,0,0,0,0,0,0,0,0,4,3,1
SWISHER COUNTY,437,87 Years,36,16,20,30,13,17,0,0,0,0,0,0,0,0,0,6,3,3
SWISHER COUNTY,437,88 Years,28,12,16,23,9,14,0,0,0,0,0,0,2,1,1,3,2,1
SWISHER COUNTY,437,89 Years,20,5,15,17,4,13,0,0,0,0,0,0,0,0,0,3,1,2
SWISHER COUNTY,437,90 Years,17,7,10,13,5,8,0,0,0,0,0,0,0,0,0,4,2,2
SWISHER COUNTY,437,91 Years,19,8,11,13,5,8,2,1,1,0,0,0,0,0,0,4,2,2
SWISHER COUNTY,437,92 Years,9,3,6,6,2,4,0,0,0,0,0,0,1,0,1,2,1,1
SWISHER COUNTY,437,93 Years,9,4,5,7,2,5,0,0,0,0,0,0,1,1,0,1,1,0
SWISHER COUNTY,437,94 Years,10,4,6,6,2,4,0,0,0,0,0,0,1,0,1,3,2,1
SWISHER COUNTY,437,95 Years +,26,6,20,18,5,13,1,0,1,0,0,0,2,0,2,5,1,4
TARRANT COUNTY,439,All Ages,2026874,991402,1035472,958355,466856,491499,322590,151664,170926,110077,53619,56458,57052,28392,28660,578800,290871,287929
TARRANT COUNTY,439,< 1 Year,27534,14087,13447,9255,4741,4514,4767,2423,2344,904,482,422,1551,817,734,11057,5624,5433
TARRANT COUNTY,439,1 Years,27637,14194,13443,9369,4828,4541,4740,2414,2326,1016,539,477,1546,814,732,10966,5599,5367
TARRANT COUNTY,439,2 Years,28250,14476,13774,9729,5018,4711,4742,2385,2357,1159,598,561,1560,812,748,11060,5663,5397
TARRANT COUNTY,439,3 Years,28319,14544,13775,9943,5129,4814,4625,2331,2294,1258,648,610,1505,783,722,10988,5653,5335
TARRANT COUNTY,439,4 Years,28353,14463,13890,10049,5153,4896,4561,2300,2261,1269,630,639,1461,742,719,11013,5638,5375
TARRANT COUNTY,439,5 Years,28269,14446,13823,10100,5161,4939,4447,2273,2174,1285,642,643,1432,734,698,11005,5636,5369
TARRANT COUNTY,439,6 Years,28499,14462,14037,10173,5192,4981,4462,2270,2192,1285,632,653,1412,717,695,11167,5651,5516
TARRANT COUNTY,439,7 Years,27567,13845,13722,9698,4923,4775,4301,2136,2165,1207,596,611,1299,662,637,11062,5528,5534
TARRANT COUNTY,439,8 Years,29727,14944,14783,10408,5291,5117,4911,2467,2444,1331,637,694,1292,669,623,11785,5880,5905
TARRANT COUNTY,439,9 Years,30530,15607,14923,10556,5450,5106,5116,2565,2551,1522,780,742,1347,711,636,11989,6101,5888
TARRANT COUNTY,439,10 Years,30760,15722,15038,10695,5505,5190,5121,2591,2530,1463,757,706,1318,684,634,12163,6185,5978
TARRANT COUNTY,439,11 Years,30556,15607,14949,10703,5490,5213,5141,2571,2570,1429,758,671,1299,674,625,11984,6114,5870
TARRANT COUNTY,439,12 Years,30484,15511,14973,10799,5556,5243,5240,2634,2606,1452,741,711,1281,640,641,11712,5940,5772
TARRANT COUNTY,439,13 Years,30629,15601,15028,10791,5521,5270,5274,2663,2611,1590,812,778,1293,645,648,11681,5960,5721
TARRANT COUNTY,439,14 Years,30013,15287,14726,10778,5519,5259,5199,2646,2553,1532,773,759,1244,623,621,11260,5726,5534
TARRANT COUNTY,439,15 Years,29655,15105,14550,10594,5409,5185,5266,2652,2614,1440,725,715,1191,606,585,11164,5713,5451
TARRANT COUNTY,439,16 Years,29831,15073,14758,10814,5428,5386,5261,2658,2603,1525,769,756,1285,674,611,10946,5544,5402
TARRANT COUNTY,439,17 Years,30063,15177,14886,11011,5653,5358,5333,2720,2613,1503,746,757,1518,757,761,10698,5301,5397
TARRANT COUNTY,439,18 Years,28776,14579,14197,10540,5419,5121,4967,2494,2473,1440,729,711,1447,755,692,10382,5182,5200
TARRANT COUNTY,439,19 Years,27586,14043,13543,9872,5130,4742,4972,2456,2516,1599,825,774,1140,585,555,10003,5047,4956
TARRANT COUNTY,439,20 Years,26871,13620,13251,9741,5039,4702,4891,2446,2445,1548,807,741,1108,573,535,9583,4755,4828
TARRANT COUNTY,439,21 Years,27379,13639,13740,10025,5050,4975,5004,2492,2512,1650,870,780,1066,519,547,9634,4708,4926
TARRANT COUNTY,439,22 Years,27927,13966,13961,10577,5329,5248,5083,2528,2555,1710,914,796,1060,557,503,9497,4638,4859
TARRANT COUNTY,439,23 Years,29295,14731,14564,11567,5816,5751,5278,2616,2662,1823,947,876,1007,566,441,9620,4786,4834
TARRANT COUNTY,439,24 Years,29986,15067,14919,12162,6052,6110,5413,2743,2670,2051,1049,1002,781,443,338,9579,4780,4799
TARRANT COUNTY,439,25 Years,30041,15101,14940,12653,6365,6288,5175,2581,2594,2007,991,1016,645,349,296,9561,4815,4746
TARRANT COUNTY,439,26 Years,30027,14872,15155,13180,6477,6703,4790,2322,2468,1913,979,934,799,372,427,9345,4722,4623
TARRANT COUNTY,439,27 Years,29936,14798,15138,13484,6518,6966,4491,2162,2329,1923,977,946,794,373,421,9244,4768,4476
TARRANT COUNTY,439,28 Years,29769,14631,15138,13462,6525,6937,4423,2096,2327,2036,970,1066,787,374,413,9061,4666,4395
TARRANT COUNTY,439,29 Years,29299,14334,14965,13181,6308,6873,4376,1993,2383,2160,1068,1092,659,299,360,8923,4666,4257
TARRANT COUNTY,439,30 Years,29343,14407,14936,13345,6438,6907,4400,1955,2445,2120,1058,1062,586,242,344,8892,4714,4178
TARRANT COUNTY,439,31 Years,29039,14174,14865,13418,6559,6859,4597,2066,2531,1892,914,978,532,217,315,8600,4418,4182
TARRANT COUNTY,439,32 Years,29041,14210,14831,13391,6586,6805,4634,2160,2474,1843,925,918,562,219,343,8611,4320,4291
TARRANT COUNTY,439,33 Years,28690,14108,14582,13061,6476,6585,4631,2107,2524,1827,907,920,574,281,293,8597,4337,4260
TARRANT COUNTY,439,34 Years,29395,14430,14965,13447,6676,6771,4805,2133,2672,1795,874,921,622,312,310,8726,4435,4291
TARRANT COUNTY,439,35 Years,29359,14272,15087,13478,6634,6844,4826,2136,2690,1735,788,947,635,304,331,8685,4410,4275
TARRANT COUNTY,439,36 Years,29309,14238,15071,13543,6707,6836,4777,2099,2678,1678,759,919,610,296,314,8701,4377,4324
TARRANT COUNTY,439,37 Years,29201,14159,15042,13279,6557,6722,4958,2180,2778,1609,756,853,586,289,297,8769,4377,4392
TARRANT COUNTY,439,38 Years,27591,13431,14160,12348,6104,6244,4740,2119,2621,1567,740,827,580,264,316,8356,4204,4152
TARRANT COUNTY,439,39 Years,27151,13212,13939,12032,5932,6100,4589,2054,2535,1518,708,810,577,282,295,8435,4236,4199
TARRANT COUNTY,439,40 Years,26647,13001,13646,11747,5870,5877,4480,1985,2495,1517,696,821,568,261,307,8335,4189,4146
TARRANT COUNTY,439,41 Years,26657,13019,13638,11687,5801,5886,4431,2047,2384,1739,817,922,540,249,291,8260,4105,4155
TARRANT COUNTY,439,42 Years,26873,13147,13726,11788,5873,5915,4422,2003,2419,1787,825,962,545,256,289,8331,4190,4141
TARRANT COUNTY,439,43 Years,26391,12674,13717,11644,5670,5974,4479,2023,2456,1792,815,977,487,213,274,7989,3953,4036
TARRANT COUNTY,439,44 Years,26502,12799,13703,11900,5850,6050,4465,2025,2440,1759,810,949,482,215,267,7896,3899,3997
TARRANT COUNTY,439,45 Years,27660,13483,14177,12829,6470,6359,4612,2047,2565,1872,868,1004,491,222,269,7856,3876,3980
TARRANT COUNTY,439,46 Years,28858,14098,14760,14017,7029,6988,4802,2202,2600,1837,831,1006,574,288,286,7628,3748,3880
TARRANT COUNTY,439,47 Years,28886,14101,14785,14148,7033,7115,4788,2153,2635,1845,831,1014,598,292,306,7507,3792,3715
TARRANT COUNTY,439,48 Years,27214,13218,13996,13392,6578,6814,4465,2046,2419,1744,805,939,525,247,278,7088,3542,3546
TARRANT COUNTY,439,49 Years,26111,12822,13289,12810,6321,6489,4378,2030,2348,1589,755,834,500,233,267,6834,3483,3351
TARRANT COUNTY,439,50 Years,25620,12570,13050,12752,6324,6428,4349,1991,2358,1487,687,800,503,231,272,6529,3337,3192
TARRANT COUNTY,439,51 Years,25994,12685,13309,13023,6345,6678,4514,2059,2455,1476,718,758,476,217,259,6505,3346,3159
TARRANT COUNTY,439,52 Years,26969,13183,13786,13976,6844,7132,4589,2108,2481,1438,714,724,523,250,273,6443,3267,3176
TARRANT COUNTY,439,53 Years,27167,13224,13943,14807,7182,7625,4497,2099,2398,1444,702,742,497,254,243,5922,2987,2935
TARRANT COUNTY,439,54 Years,26926,13284,13642,15088,7423,7665,4428,2096,2332,1399,701,698,518,253,265,5493,2811,2682
TARRANT COUNTY,439,55 Years,26342,12956,13386,15264,7500,7764,4232,1952,2280,1258,628,630,494,232,262,5094,2644,2450
TARRANT COUNTY,439,56 Years,26331,12954,13377,15546,7622,7924,4135,1926,2209,1287,624,663,485,242,243,4878,2540,2338
TARRANT COUNTY,439,57 Years,26017,12748,13269,15607,7678,7929,4023,1887,2136,1264,605,659,454,228,226,4669,2350,2319
TARRANT COUNTY,439,58 Years,24550,12126,12424,14869,7375,7494,3818,1814,2004,1183,581,602,419,205,214,4261,2151,2110
TARRANT COUNTY,439,59 Years,24010,11826,12184,14736,7228,7508,3710,1743,1967,1177,593,584,432,223,209,3955,2039,1916
TARRANT COUNTY,439,60 Years,23056,11154,11902,14264,6954,7310,3488,1561,1927,1146,538,608,438,241,197,3720,1860,1860
TARRANT COUNTY,439,61 Years,22126,10556,11570,13688,6609,7079,3390,1495,1895,1146,543,603,415,225,190,3487,1684,1803
TARRANT COUNTY,439,62 Years,21541,10265,11276,13521,6497,7024,3248,1441,1807,1068,526,542,366,189,177,3338,1612,1726
TARRANT COUNTY,439,63 Years,19968,9407,10561,12798,6118,6680,2903,1272,1631,953,421,532,340,167,173,2974,1429,1545
TARRANT COUNTY,439,64 Years,18729,8791,9938,12216,5747,6469,2592,1152,1440,968,446,522,295,137,158,2658,1309,1349
TARRANT COUNTY,439,65 Years,17750,8299,9451,11676,5507,6169,2433,1070,1363,964,437,527,310,148,162,2367,1137,1230
TARRANT COUNTY,439,66 Years,16629,7719,8910,10799,5093,5706,2332,1005,1327,914,390,524,275,136,139,2309,1095,1214
TARRANT COUNTY,439,67 Years,16172,7477,8695,10649,4961,5688,2123,881,1242,914,421,493,274,133,141,2212,1081,1131
TARRANT COUNTY,439,68 Years,15489,7163,8326,10436,4849,5587,1990,816,1174,847,410,437,244,124,120,1972,964,1008
TARRANT COUNTY,439,69 Years,15483,7156,8327,10915,5096,5819,1793,751,1042,755,344,411,229,111,118,1791,854,937
TARRANT COUNTY,439,70 Years,15001,6965,8036,10808,5082,5726,1610,696,914,662,304,358,219,88,131,1702,795,907
TARRANT COUNTY,439,71 Years,11996,5548,6448,8421,3916,4505,1304,545,759,573,285,288,192,89,103,1506,713,793
TARRANT COUNTY,439,72 Years,11027,5021,6006,7729,3540,4189,1156,475,681,555,262,293,148,70,78,1439,674,765
TARRANT COUNTY,439,73 Years,10771,4828,5943,7733,3507,4226,1100,449,651,503,233,270,153,68,85,1282,571,711
TARRANT COUNTY,439,74 Years,10125,4486,5639,7389,3322,4067,997,400,597,461,213,248,146,58,88,1132,493,639
TARRANT COUNTY,439,75 Years,8768,3899,4869,6400,2899,3501,890,330,560,398,191,207,114,52,62,966,427,539
TARRANT COUNTY,439,76 Years,8111,3496,4615,5868,2581,3287,853,310,543,368,174,194,108,45,63,914,386,528
TARRANT COUNTY,439,77 Years,7337,3175,4162,5355,2350,3005,723,285,438,314,145,169,85,35,50,860,360,500
TARRANT COUNTY,439,78 Years,6729,2826,3903,4911,2094,2817,680,260,420,276,124,152,88,32,56,774,316,458
TARRANT COUNTY,439,79 Years,6335,2597,3738,4661,1933,2728,641,228,413,267,133,134,80,26,54,686,277,409
TARRANT COUNTY,439,80 Years,5732,2352,3380,4246,1755,2491,575,204,371,210,99,111,69,30,39,632,264,368
TARRANT COUNTY,439,81 Years,5447,2191,3256,4083,1673,2410,530,194,336,175,76,99,68,28,40,591,220,371
TARRANT COUNTY,439,82 Years,5276,2110,3166,3979,1619,2360,521,186,335,150,65,85,57,21,36,569,219,350
TARRANT COUNTY,439,83 Years,4552,1788,2764,3459,1377,2082,440,143,297,158,74,84,39,20,19,456,174,282
TARRANT COUNTY,439,84 Years,4261,1618,2643,3264,1262,2002,385,115,270,153,70,83,36,16,20,423,155,268
TARRANT COUNTY,439,85 Years,3898,1477,2421,3041,1173,1868,329,97,232,115,46,69,36,16,20,377,145,232
TARRANT COUNTY,439,86 Years,3554,1358,2196,2808,1085,1723,283,83,200,116,53,63,32,13,19,315,124,191
TARRANT COUNTY,439,87 Years,3105,1142,1963,2479,915,1564,256,80,176,98,41,57,23,10,13,249,96,153
TARRANT COUNTY,439,88 Years,2700,955,1745,2182,782,1400,208,60,148,69,29,40,17,6,11,224,78,146
TARRANT COUNTY,439,89 Years,2355,796,1559,1895,650,1245,185,42,143,63,25,38,13,5,8,199,74,125
TARRANT COUNTY,439,90 Years,2076,674,1402,1694,548,1146,153,44,109,55,23,32,10,3,7,164,56,108
TARRANT COUNTY,439,91 Years,1763,532,1231,1462,441,1021,121,32,89,42,15,27,8,1,7,130,43,87
TARRANT COUNTY,439,92 Years,1461,423,1038,1214,353,861,99,26,73,32,9,23,7,1,6,109,34,75
TARRANT COUNTY,439,93 Years,1158,317,841,965,267,698,79,16,63,26,8,18,5,0,5,83,26,57
TARRANT COUNTY,439,94 Years,879,232,647,734,193,541,62,14,48,19,7,12,3,1,2,61,17,44
TARRANT COUNTY,439,95 Years +,2102,518,1584,1732,428,1304,174,33,141,36,13,23,8,1,7,152,43,109
TAYLOR COUNTY,441,All Ages,138841,67705,71136,87552,42439,45113,9882,5082,4800,2581,1007,1574,4522,2324,2198,34304,16853,17451
TAYLOR COUNTY,441,< 1 Year,1925,975,950,850,432,418,168,82,86,16,8,8,206,107,99,685,346,339
TAYLOR COUNTY,441,1 Years,1928,973,955,866,437,429,175,84,91,14,7,7,196,106,90,677,339,338
TAYLOR COUNTY,441,2 Years,1935,981,954,887,463,424,164,80,84,16,8,8,197,99,98,671,331,340
TAYLOR COUNTY,441,3 Years,1919,981,938,906,476,430,159,80,79,17,10,7,180,94,86,657,321,336
TAYLOR COUNTY,441,4 Years,1916,980,936,917,482,435,149,77,72,18,10,8,177,93,84,655,318,337
TAYLOR COUNTY,441,5 Years,1895,969,926,906,471,435,156,79,77,21,11,10,170,88,82,642,320,322
TAYLOR COUNTY,441,6 Years,1887,952,935,919,475,444,158,75,83,19,12,7,156,81,75,635,309,326
TAYLOR COUNTY,441,7 Years,1800,862,938,894,427,467,159,76,83,13,4,9,134,67,67,600,288,312
TAYLOR COUNTY,441,8 Years,1949,981,968,993,504,489,164,80,84,15,7,8,108,57,51,669,333,336
TAYLOR COUNTY,441,9 Years,1986,1040,946,1020,526,494,168,85,83,12,5,7,100,55,45,686,369,317
TAYLOR COUNTY,441,10 Years,2036,1078,958,1035,534,501,170,96,74,21,15,6,98,53,45,712,380,332
TAYLOR COUNTY,441,11 Years,1953,1007,946,985,494,491,166,91,75,21,11,10,85,53,32,696,358,338
TAYLOR COUNTY,441,12 Years,1932,991,941,979,493,486,166,83,83,17,9,8,80,46,34,690,360,330
TAYLOR COUNTY,441,13 Years,1865,941,924,940,476,464,157,80,77,19,9,10,75,37,38,674,339,335
TAYLOR COUNTY,441,14 Years,1824,935,889,950,488,462,160,79,81,18,7,11,75,38,37,621,323,298
TAYLOR COUNTY,441,15 Years,1803,927,876,948,496,452,148,64,84,30,21,9,78,44,34,599,302,297
TAYLOR COUNTY,441,16 Years,1845,926,919,960,505,455,168,78,90,34,11,23,71,39,32,612,293,319
TAYLOR COUNTY,441,17 Years,1929,981,948,996,513,483,143,72,71,45,14,31,78,40,38,667,342,325
TAYLOR COUNTY,441,18 Years,2452,1205,1247,1438,720,718,200,106,94,45,15,30,79,39,40,690,325,365
TAYLOR COUNTY,441,19 Years,2577,1310,1267,1484,756,728,200,110,90,50,22,28,125,60,65,718,362,356
TAYLOR COUNTY,441,20 Years,2521,1289,1232,1434,727,707,207,119,88,51,19,32,115,56,59,714,368,346
TAYLOR COUNTY,441,21 Years,2511,1309,1202,1413,704,709,219,127,92,47,27,20,125,73,52,707,378,329
TAYLOR COUNTY,441,22 Years,2468,1271,1197,1423,724,699,212,119,93,40,24,16,102,48,54,691,356,335
TAYLOR COUNTY,441,23 Years,2364,1185,1179,1331,651,680,235,132,103,53,25,28,86,40,46,659,337,322
TAYLOR COUNTY,441,24 Years,2277,1096,1181,1342,655,687,217,117,100,38,15,23,73,31,42,607,278,329
TAYLOR COUNTY,441,25 Years,1676,791,885,827,394,433,133,63,70,36,18,18,85,43,42,595,273,322
TAYLOR COUNTY,441,26 Years,2077,1005,1072,1212,590,622,161,72,89,56,30,26,59,37,22,589,276,313
TAYLOR COUNTY,441,27 Years,2201,1074,1127,1325,644,681,189,93,96,58,25,33,56,28,28,573,284,289
TAYLOR COUNTY,441,28 Years,2194,1105,1089,1350,662,688,176,99,77,77,40,37,35,18,17,556,286,270
TAYLOR COUNTY,441,29 Years,2128,1097,1031,1312,661,651,154,88,66,65,34,31,37,25,12,560,289,271
TAYLOR COUNTY,441,30 Years,1889,962,927,1114,568,546,162,84,78,63,30,33,25,18,7,525,262,263
TAYLOR COUNTY,441,31 Years,1730,881,849,1001,523,478,133,71,62,45,14,31,28,12,16,523,261,262
TAYLOR COUNTY,441,32 Years,2163,1084,1079,1375,690,685,158,92,66,40,11,29,40,19,21,550,272,278
TAYLOR COUNTY,441,33 Years,2236,1125,1111,1442,726,716,177,94,83,26,11,15,43,25,18,548,269,279
TAYLOR COUNTY,441,34 Years,2122,1059,1063,1373,689,684,161,82,79,17,5,12,38,19,19,533,264,269
TAYLOR COUNTY,441,35 Years,2044,1025,1019,1295,645,650,148,84,64,28,16,12,40,17,23,533,263,270
TAYLOR COUNTY,441,36 Years,1959,988,971,1229,623,606,154,89,65,21,10,11,33,15,18,522,251,271
TAYLOR COUNTY,441,37 Years,1786,889,897,1146,585,561,141,73,68,13,4,9,32,15,17,454,212,242
TAYLOR COUNTY,441,38 Years,1662,831,831,1051,534,517,124,63,61,29,8,21,34,16,18,424,210,214
TAYLOR COUNTY,441,39 Years,1606,805,801,1028,517,511,108,54,54,47,17,30,38,15,23,385,202,183
TAYLOR COUNTY,441,40 Years,1535,761,774,956,468,488,107,53,54,44,20,24,47,23,24,381,197,184
TAYLOR COUNTY,441,41 Years,1479,740,739,930,470,460,99,47,52,43,19,24,37,18,19,370,186,184
TAYLOR COUNTY,441,42 Years,1449,736,713,914,474,440,111,60,51,23,10,13,29,15,14,372,177,195
TAYLOR COUNTY,441,43 Years,1394,701,693,876,433,443,101,56,45,18,8,10,37,18,19,362,186,176
TAYLOR COUNTY,441,44 Years,1382,688,694,884,434,450,93,53,40,30,19,11,30,16,14,345,166,179
TAYLOR COUNTY,441,45 Years,1403,680,723,918,455,463,108,56,52,33,12,21,31,14,17,313,143,170
TAYLOR COUNTY,441,46 Years,1414,686,728,939,468,471,110,56,54,38,10,28,24,9,15,303,143,160
TAYLOR COUNTY,441,47 Years,1506,726,780,1011,489,522,113,62,51,41,17,24,22,11,11,319,147,172
TAYLOR COUNTY,441,48 Years,1459,713,746,977,486,491,99,46,53,52,21,31,30,14,16,301,146,155
TAYLOR COUNTY,441,49 Years,1354,662,692,905,443,462,82,39,43,47,19,28,24,11,13,296,150,146
TAYLOR COUNTY,441,50 Years,1385,665,720,914,435,479,96,46,50,44,19,25,28,14,14,303,151,152
TAYLOR COUNTY,441,51 Years,1416,662,754,971,453,518,98,56,42,33,10,23,24,10,14,290,133,157
TAYLOR COUNTY,441,52 Years,1470,723,747,1016,495,521,96,51,45,29,8,21,27,13,14,302,156,146
TAYLOR COUNTY,441,53 Years,1629,778,851,1145,551,594,104,51,53,36,8,28,27,12,15,317,156,161
TAYLOR COUNTY,441,54 Years,1679,812,867,1214,585,629,95,47,48,43,16,27,22,14,8,305,150,155
TAYLOR COUNTY,441,55 Years,1649,809,840,1190,573,617,100,54,46,36,20,16,25,16,9,298,146,152
TAYLOR COUNTY,441,56 Years,1702,823,879,1258,609,649,94,49,45,28,9,19,38,19,19,284,137,147
TAYLOR COUNTY,441,57 Years,1717,825,892,1255,609,646,91,46,45,38,6,32,28,13,15,305,151,154
TAYLOR COUNTY,441,58 Years,1614,749,865,1200,567,633,93,46,47,38,6,32,25,14,11,258,116,142
TAYLOR COUNTY,441,59 Years,1628,755,873,1215,567,648,99,45,54,31,7,24,24,15,9,259,121,138
TAYLOR COUNTY,441,60 Years,1606,766,840,1230,593,637,95,45,50,30,6,24,24,13,11,227,109,118
TAYLOR COUNTY,441,61 Years,1507,727,780,1135,551,584,80,42,38,33,9,24,27,15,12,232,110,122
TAYLOR COUNTY,441,62 Years,1555,736,819,1181,553,628,93,54,39,36,9,27,24,13,11,221,107,114
TAYLOR COUNTY,441,63 Years,1473,685,788,1127,524,603,91,47,44,34,9,25,20,10,10,201,95,106
TAYLOR COUNTY,441,64 Years,1318,602,716,999,458,541,68,35,33,34,7,27,20,9,11,197,93,104
TAYLOR COUNTY,441,65 Years,1337,618,719,996,462,534,67,37,30,31,6,25,20,8,12,223,105,118
TAYLOR COUNTY,441,66 Years,1278,592,686,989,467,522,60,29,31,28,4,24,17,11,6,184,81,103
TAYLOR COUNTY,441,67 Years,1195,526,669,911,409,502,52,25,27,37,9,28,9,6,3,186,77,109
TAYLOR COUNTY,441,68 Years,1189,547,642,913,431,482,48,25,23,38,8,30,14,8,6,176,75,101
TAYLOR COUNTY,441,69 Years,1184,551,633,930,436,494,49,26,23,31,9,22,12,5,7,162,75,87
TAYLOR COUNTY,441,70 Years,1183,540,643,919,427,492,43,21,22,27,7,20,18,10,8,176,75,101
TAYLOR COUNTY,441,71 Years,925,417,508,708,322,386,36,16,20,15,6,9,13,7,6,153,66,87
TAYLOR COUNTY,441,72 Years,862,373,489,679,296,383,43,17,26,8,3,5,13,6,7,119,51,68
TAYLOR COUNTY,441,73 Years,929,405,524,741,326,415,46,22,24,10,4,6,10,4,6,122,49,73
TAYLOR COUNTY,441,74 Years,892,397,495,721,325,396,44,17,27,18,2,16,6,5,1,103,48,55
TAYLOR COUNTY,441,75 Years,769,333,436,619,268,351,36,18,18,13,2,11,3,2,1,98,43,55
TAYLOR COUNTY,441,76 Years,718,314,404,588,250,338,32,18,14,12,4,8,6,4,2,80,38,42
TAYLOR COUNTY,441,77 Years,732,296,436,606,249,357,30,13,17,12,6,6,10,4,6,74,24,50
TAYLOR COUNTY,441,78 Years,680,289,391,569,247,322,25,9,16,10,3,7,8,4,4,68,26,42
TAYLOR COUNTY,441,79 Years,653,288,365,550,244,306,20,8,12,8,4,4,9,4,5,66,28,38
TAYLOR COUNTY,441,80 Years,616,269,347,526,234,292,17,7,10,3,1,2,11,3,8,59,24,35
TAYLOR COUNTY,441,81 Years,634,262,372,540,229,311,19,8,11,8,2,6,11,2,9,56,21,35
TAYLOR COUNTY,441,82 Years,602,245,357,523,215,308,15,6,9,7,4,3,6,2,4,51,18,33
TAYLOR COUNTY,441,83 Years,553,215,338,481,189,292,15,5,10,10,6,4,3,2,1,44,13,31
TAYLOR COUNTY,441,84 Years,490,186,304,420,159,261,14,6,8,10,4,6,6,2,4,40,15,25
TAYLOR COUNTY,441,85 Years,426,177,249,370,155,215,11,5,6,5,1,4,5,2,3,35,14,21
TAYLOR COUNTY,441,86 Years,385,148,237,339,132,207,11,5,6,4,0,4,4,2,2,27,9,18
TAYLOR COUNTY,441,87 Years,345,123,222,305,113,192,10,4,6,5,0,5,3,1,2,22,5,17
TAYLOR COUNTY,441,88 Years,296,114,182,255,97,158,9,4,5,4,2,2,5,1,4,23,10,13
TAYLOR COUNTY,441,89 Years,266,93,173,229,78,151,6,2,4,5,1,4,4,1,3,22,11,11
TAYLOR COUNTY,441,90 Years,223,74,149,186,58,128,7,2,5,7,3,4,3,1,2,20,10,10
TAYLOR COUNTY,441,91 Years,182,55,127,152,46,106,9,3,6,4,0,4,3,1,2,14,5,9
TAYLOR COUNTY,441,92 Years,152,52,100,135,46,89,6,2,4,1,0,1,1,1,0,9,3,6
TAYLOR COUNTY,441,93 Years,119,39,80,106,34,72,5,2,3,0,0,0,1,0,1,7,3,4
TAYLOR COUNTY,441,94 Years,103,30,73,92,25,67,4,2,2,1,1,0,1,0,1,5,2,3
TAYLOR COUNTY,441,95 Years +,230,61,169,198,47,151,10,4,6,6,2,4,1,0,1,15,8,7
TERRELL COUNTY,443,All Ages,808,407,401,404,208,196,5,4,1,2,2,0,9,4,5,388,189,199
TERRELL COUNTY,443,< 1 Year,8,5,3,6,4,2,0,0,0,0,0,0,0,0,0,2,1,1
TERRELL COUNTY,443,1 Years,9,5,4,6,3,3,0,0,0,0,0,0,0,0,0,3,2,1
TERRELL COUNTY,443,2 Years,9,4,5,6,2,4,0,0,0,0,0,0,0,0,0,3,2,1
TERRELL COUNTY,443,3 Years,8,4,4,5,2,3,0,0,0,0,0,0,0,0,0,3,2,1
TERRELL COUNTY,443,4 Years,8,3,5,4,2,2,0,0,0,0,0,0,0,0,0,4,1,3
TERRELL COUNTY,443,5 Years,9,4,5,5,2,3,0,0,0,0,0,0,0,0,0,4,2,2
TERRELL COUNTY,443,6 Years,10,4,6,4,2,2,0,0,0,0,0,0,1,0,1,5,2,3
TERRELL COUNTY,443,7 Years,10,4,6,4,1,3,0,0,0,0,0,0,1,0,1,5,3,2
TERRELL COUNTY,443,8 Years,9,4,5,2,0,2,0,0,0,0,0,0,1,0,1,6,4,2
TERRELL COUNTY,443,9 Years,9,3,6,4,1,3,0,0,0,0,0,0,0,0,0,5,2,3
TERRELL COUNTY,443,10 Years,12,7,5,5,3,2,0,0,0,0,0,0,0,0,0,7,4,3
TERRELL COUNTY,443,11 Years,9,5,4,3,2,1,0,0,0,0,0,0,0,0,0,6,3,3
TERRELL COUNTY,443,12 Years,10,6,4,4,3,1,0,0,0,0,0,0,0,0,0,6,3,3
TERRELL COUNTY,443,13 Years,8,4,4,4,2,2,0,0,0,0,0,0,0,0,0,4,2,2
TERRELL COUNTY,443,14 Years,7,5,2,4,2,2,0,0,0,0,0,0,0,0,0,3,3,0
TERRELL COUNTY,443,15 Years,10,6,4,5,3,2,0,0,0,0,0,0,0,0,0,5,3,2
TERRELL COUNTY,443,16 Years,10,6,4,4,2,2,0,0,0,0,0,0,0,0,0,6,4,2
TERRELL COUNTY,443,17 Years,8,5,3,2,1,1,0,0,0,0,0,0,0,0,0,6,4,2
TERRELL COUNTY,443,18 Years,6,4,2,3,2,1,0,0,0,1,1,0,0,0,0,2,1,1
TERRELL COUNTY,443,19 Years,8,4,4,4,2,2,0,0,0,0,0,0,0,0,0,4,2,2
TERRELL COUNTY,443,20 Years,9,4,5,4,2,2,0,0,0,0,0,0,0,0,0,5,2,3
TERRELL COUNTY,443,21 Years,6,3,3,2,1,1,0,0,0,0,0,0,0,0,0,4,2,2
TERRELL COUNTY,443,22 Years,6,4,2,3,2,1,0,0,0,0,0,0,0,0,0,3,2,1
TERRELL COUNTY,443,23 Years,9,6,3,2,2,0,1,1,0,1,1,0,0,0,0,5,2,3
TERRELL COUNTY,443,24 Years,13,5,8,5,2,3,0,0,0,0,0,0,1,1,0,7,2,5
TERRELL COUNTY,443,25 Years,8,4,4,3,2,1,0,0,0,0,0,0,0,0,0,5,2,3
TERRELL COUNTY,443,26 Years,8,3,5,4,1,3,0,0,0,0,0,0,0,0,0,4,2,2
TERRELL COUNTY,443,27 Years,7,5,2,4,3,1,0,0,0,0,0,0,0,0,0,3,2,1
TERRELL COUNTY,443,28 Years,6,2,4,1,0,1,0,0,0,0,0,0,0,0,0,5,2,3
TERRELL COUNTY,443,29 Years,3,2,1,1,1,0,0,0,0,0,0,0,0,0,0,2,1,1
TERRELL COUNTY,443,30 Years,4,1,3,3,1,2,0,0,0,0,0,0,0,0,0,1,0,1
TERRELL COUNTY,443,31 Years,7,5,2,1,1,0,0,0,0,0,0,0,0,0,0,6,4,2
TERRELL COUNTY,443,32 Years,7,5,2,3,2,1,0,0,0,0,0,0,0,0,0,4,3,1
TERRELL COUNTY,443,33 Years,11,3,8,3,1,2,0,0,0,0,0,0,0,0,0,8,2,6
TERRELL COUNTY,443,34 Years,8,4,4,4,3,1,0,0,0,0,0,0,0,0,0,4,1,3
TERRELL COUNTY,443,35 Years,8,4,4,5,2,3,0,0,0,0,0,0,0,0,0,3,2,1
TERRELL COUNTY,443,36 Years,12,4,8,4,2,2,0,0,0,0,0,0,0,0,0,8,2,6
TERRELL COUNTY,443,37 Years,8,4,4,2,1,1,1,1,0,0,0,0,0,0,0,5,2,3
TERRELL COUNTY,443,38 Years,9,6,3,7,4,3,1,1,0,0,0,0,0,0,0,1,1,0
TERRELL COUNTY,443,39 Years,10,5,5,7,3,4,0,0,0,0,0,0,0,0,0,3,2,1
TERRELL COUNTY,443,40 Years,6,3,3,3,1,2,0,0,0,0,0,0,1,1,0,2,1,1
TERRELL COUNTY,443,41 Years,6,3,3,3,1,2,0,0,0,0,0,0,0,0,0,3,2,1
TERRELL COUNTY,443,42 Years,9,4,5,6,3,3,0,0,0,0,0,0,0,0,0,3,1,2
TERRELL COUNTY,443,43 Years,8,4,4,3,1,2,0,0,0,0,0,0,0,0,0,5,3,2
TERRELL COUNTY,443,44 Years,8,6,2,4,3,1,0,0,0,0,0,0,0,0,0,4,3,1
TERRELL COUNTY,443,45 Years,10,4,6,5,2,3,1,0,1,0,0,0,0,0,0,4,2,2
TERRELL COUNTY,443,46 Years,8,6,2,2,2,0,0,0,0,0,0,0,0,0,0,6,4,2
TERRELL COUNTY,443,47 Years,11,5,6,4,1,3,0,0,0,0,0,0,0,0,0,7,4,3
TERRELL COUNTY,443,48 Years,10,5,5,6,3,3,0,0,0,0,0,0,0,0,0,4,2,2
TERRELL COUNTY,443,49 Years,10,6,4,6,4,2,0,0,0,0,0,0,0,0,0,4,2,2
TERRELL COUNTY,443,50 Years,10,5,5,4,2,2,0,0,0,0,0,0,0,0,0,6,3,3
TERRELL COUNTY,443,51 Years,9,2,7,3,1,2,0,0,0,0,0,0,0,0,0,6,1,5
TERRELL COUNTY,443,52 Years,9,4,5,4,2,2,1,1,0,0,0,0,0,0,0,4,1,3
TERRELL COUNTY,443,53 Years,10,7,3,5,3,2,0,0,0,0,0,0,0,0,0,5,4,1
TERRELL COUNTY,443,54 Years,9,5,4,5,3,2,0,0,0,0,0,0,0,0,0,4,2,2
TERRELL COUNTY,443,55 Years,8,4,4,4,3,1,0,0,0,0,0,0,1,1,0,3,0,3
TERRELL COUNTY,443,56 Years,6,4,2,3,3,0,0,0,0,0,0,0,0,0,0,3,1,2
TERRELL COUNTY,443,57 Years,11,5,6,4,1,3,0,0,0,0,0,0,1,1,0,6,3,3
TERRELL COUNTY,443,58 Years,8,3,5,5,2,3,0,0,0,0,0,0,0,0,0,3,1,2
TERRELL COUNTY,443,59 Years,10,6,4,6,4,2,0,0,0,0,0,0,0,0,0,4,2,2
TERRELL COUNTY,443,60 Years,10,4,6,3,1,2,0,0,0,0,0,0,0,0,0,7,3,4
TERRELL COUNTY,443,61 Years,16,8,8,8,4,4,0,0,0,0,0,0,0,0,0,8,4,4
TERRELL COUNTY,443,62 Years,9,6,3,5,4,1,0,0,0,0,0,0,0,0,0,4,2,2
TERRELL COUNTY,443,63 Years,9,5,4,6,3,3,0,0,0,0,0,0,0,0,0,3,2,1
TERRELL COUNTY,443,64 Years,11,7,4,7,4,3,0,0,0,0,0,0,0,0,0,4,3,1
TERRELL COUNTY,443,65 Years,11,3,8,5,1,4,0,0,0,0,0,0,0,0,0,6,2,4
TERRELL COUNTY,443,66 Years,10,4,6,7,2,5,0,0,0,0,0,0,0,0,0,3,2,1
TERRELL COUNTY,443,67 Years,14,6,8,10,5,5,0,0,0,0,0,0,0,0,0,4,1,3
TERRELL COUNTY,443,68 Years,14,6,8,8,3,5,0,0,0,0,0,0,0,0,0,6,3,3
TERRELL COUNTY,443,69 Years,15,7,8,8,4,4,0,0,0,0,0,0,0,0,0,7,3,4
TERRELL COUNTY,443,70 Years,13,8,5,7,5,2,0,0,0,0,0,0,1,0,1,5,3,2
TERRELL COUNTY,443,71 Years,12,5,7,6,2,4,0,0,0,0,0,0,0,0,0,6,3,3
TERRELL COUNTY,443,72 Years,9,5,4,7,4,3,0,0,0,0,0,0,0,0,0,2,1,1
TERRELL COUNTY,443,73 Years,8,3,5,5,1,4,0,0,0,0,0,0,0,0,0,3,2,1
TERRELL COUNTY,443,74 Years,9,4,5,6,3,3,0,0,0,0,0,0,0,0,0,3,1,2
TERRELL COUNTY,443,75 Years,7,3,4,5,3,2,0,0,0,0,0,0,0,0,0,2,0,2
TERRELL COUNTY,443,76 Years,8,4,4,5,3,2,0,0,0,0,0,0,0,0,0,3,1,2
TERRELL COUNTY,443,77 Years,10,5,5,5,3,2,0,0,0,0,0,0,0,0,0,5,2,3
TERRELL COUNTY,443,78 Years,10,7,3,5,4,1,0,0,0,0,0,0,0,0,0,5,3,2
TERRELL COUNTY,443,79 Years,7,4,3,3,2,1,0,0,0,0,0,0,0,0,0,4,2,2
TERRELL COUNTY,443,80 Years,9,4,5,4,3,1,0,0,0,0,0,0,1,0,1,4,1,3
TERRELL COUNTY,443,81 Years,9,6,3,5,4,1,0,0,0,0,0,0,0,0,0,4,2,2
TERRELL COUNTY,443,82 Years,4,2,2,2,1,1,0,0,0,0,0,0,0,0,0,2,1,1
TERRELL COUNTY,443,83 Years,6,3,3,3,1,2,0,0,0,0,0,0,0,0,0,3,2,1
TERRELL COUNTY,443,84 Years,6,3,3,2,1,1,0,0,0,0,0,0,0,0,0,4,2,2
TERRELL COUNTY,443,85 Years,5,3,2,4,3,1,0,0,0,0,0,0,0,0,0,1,0,1
TERRELL COUNTY,443,86 Years,5,2,3,2,1,1,0,0,0,0,0,0,0,0,0,3,1,2
TERRELL COUNTY,443,87 Years,7,3,4,4,1,3,0,0,0,0,0,0,0,0,0,3,2,1
TERRELL COUNTY,443,88 Years,6,2,4,4,2,2,0,0,0,0,0,0,0,0,0,2,0,2
TERRELL COUNTY,443,89 Years,4,1,3,2,1,1,0,0,0,0,0,0,0,0,0,2,0,2
TERRELL COUNTY,443,90 Years,5,2,3,2,1,1,0,0,0,0,0,0,0,0,0,3,1,2
TERRELL COUNTY,443,91 Years,3,2,1,2,1,1,0,0,0,0,0,0,0,0,0,1,1,0
TERRELL COUNTY,443,92 Years,4,3,1,3,2,1,0,0,0,0,0,0,0,0,0,1,1,0
TERRELL COUNTY,443,93 Years,3,1,2,2,1,1,0,0,0,0,0,0,0,0,0,1,0,1
TERRELL COUNTY,443,94 Years,3,2,1,2,1,1,0,0,0,0,0,0,0,0,0,1,1,0
TERRELL COUNTY,443,95 Years +,5,2,3,3,1,2,0,0,0,0,0,0,0,0,0,2,1,1
TERRY COUNTY,445,All Ages,12628,6786,5842,5068,2727,2341,568,373,195,17,6,11,113,64,49,6862,3616,3246
TERRY COUNTY,445,< 1 Year,183,95,88,65,33,32,3,1,2,0,0,0,1,1,0,114,60,54
TERRY COUNTY,445,1 Years,182,95,87,63,32,31,3,1,2,0,0,0,1,0,1,115,62,53
TERRY COUNTY,445,2 Years,186,97,89,63,33,30,2,1,1,0,0,0,1,0,1,120,63,57
TERRY COUNTY,445,3 Years,194,105,89,66,36,30,2,1,1,0,0,0,1,0,1,125,68,57
TERRY COUNTY,445,4 Years,193,105,88,66,38,28,1,0,1,1,0,1,1,0,1,124,67,57
TERRY COUNTY,445,5 Years,187,99,88,60,34,26,1,0,1,0,0,0,2,1,1,124,64,60
TERRY COUNTY,445,6 Years,180,91,89,58,30,28,2,1,1,0,0,0,2,1,1,118,59,59
TERRY COUNTY,445,7 Years,184,99,85,54,32,22,2,1,1,0,0,0,1,1,0,127,65,62
TERRY COUNTY,445,8 Years,205,109,96,55,33,22,6,1,5,0,0,0,4,3,1,140,72,68
TERRY COUNTY,445,9 Years,196,92,104,57,30,27,4,1,3,1,1,0,4,2,2,130,58,72
TERRY COUNTY,445,10 Years,194,94,100,57,32,25,4,2,2,0,0,0,2,1,1,131,59,72
TERRY COUNTY,445,11 Years,190,107,83,53,31,22,5,4,1,0,0,0,2,2,0,130,70,60
TERRY COUNTY,445,12 Years,180,99,81,56,32,24,7,3,4,0,0,0,1,1,0,116,63,53
TERRY COUNTY,445,13 Years,186,85,101,48,25,23,7,1,6,0,0,0,2,2,0,129,57,72
TERRY COUNTY,445,14 Years,177,76,101,52,26,26,7,1,6,0,0,0,3,1,2,115,48,67
TERRY COUNTY,445,15 Years,167,82,85,54,31,23,7,2,5,0,0,0,3,2,1,103,47,56
TERRY COUNTY,445,16 Years,167,82,85,55,29,26,2,0,2,0,0,0,2,1,1,108,52,56
TERRY COUNTY,445,17 Years,179,92,87,66,38,28,7,3,4,0,0,0,2,1,1,104,50,54
TERRY COUNTY,445,18 Years,179,100,79,57,33,24,9,6,3,0,0,0,4,3,1,109,58,51
TERRY COUNTY,445,19 Years,154,87,67,49,29,20,6,5,1,0,0,0,2,1,1,97,52,45
TERRY COUNTY,445,20 Years,173,107,66,60,41,19,8,5,3,0,0,0,5,4,1,100,57,43
TERRY COUNTY,445,21 Years,171,108,63,63,44,19,7,6,1,0,0,0,3,2,1,98,56,42
TERRY COUNTY,445,22 Years,160,99,61,55,36,19,11,7,4,0,0,0,1,1,0,93,55,38
TERRY COUNTY,445,23 Years,177,110,67,53,33,20,11,7,4,0,0,0,2,2,0,111,68,43
TERRY COUNTY,445,24 Years,180,116,64,62,41,21,15,7,8,0,0,0,3,3,0,100,65,35
TERRY COUNTY,445,25 Years,191,109,82,60,38,22,14,9,5,0,0,0,3,1,2,114,61,53
TERRY COUNTY,445,26 Years,208,125,83,72,41,31,14,11,3,1,1,0,5,3,2,116,69,47
TERRY COUNTY,445,27 Years,205,119,86,62,33,29,24,19,5,0,0,0,3,1,2,116,66,50
TERRY COUNTY,445,28 Years,221,127,94,77,43,34,20,15,5,0,0,0,1,1,0,123,68,55
TERRY COUNTY,445,29 Years,211,134,77,75,46,29,14,14,0,0,0,0,4,2,2,118,72,46
TERRY COUNTY,445,30 Years,203,128,75,56,32,24,21,17,4,0,0,0,1,0,1,125,79,46
TERRY COUNTY,445,31 Years,212,134,78,60,37,23,18,15,3,3,1,2,2,1,1,129,80,49
TERRY COUNTY,445,32 Years,194,116,78,65,41,24,13,12,1,2,1,1,1,0,1,113,62,51
TERRY COUNTY,445,33 Years,165,100,65,59,35,24,10,10,0,0,0,0,1,1,0,95,54,41
TERRY COUNTY,445,34 Years,160,90,70,53,29,24,16,13,3,0,0,0,1,0,1,90,48,42
TERRY COUNTY,445,35 Years,169,88,81,53,30,23,16,9,7,0,0,0,1,0,1,99,49,50
TERRY COUNTY,445,36 Years,163,97,66,54,31,23,12,9,3,1,0,1,1,1,0,95,56,39
TERRY COUNTY,445,37 Years,167,101,66,63,40,23,9,7,2,0,0,0,2,1,1,93,53,40
TERRY COUNTY,445,38 Years,170,98,72,63,41,22,5,4,1,0,0,0,0,0,0,102,53,49
TERRY COUNTY,445,39 Years,151,94,57,61,39,22,6,6,0,0,0,0,0,0,0,84,49,35
TERRY COUNTY,445,40 Years,126,71,55,50,29,21,7,4,3,0,0,0,2,2,0,67,36,31
TERRY COUNTY,445,41 Years,114,66,48,50,28,22,8,7,1,0,0,0,0,0,0,56,31,25
TERRY COUNTY,445,42 Years,113,66,47,53,32,21,5,5,0,0,0,0,1,0,1,54,29,25
TERRY COUNTY,445,43 Years,116,61,55,47,24,23,6,5,1,0,0,0,1,0,1,62,32,30
TERRY COUNTY,445,44 Years,133,83,50,46,29,17,9,7,2,0,0,0,2,1,1,76,46,30
TERRY COUNTY,445,45 Years,123,77,46,54,33,21,6,6,0,0,0,0,1,0,1,62,38,24
TERRY COUNTY,445,46 Years,131,72,59,54,29,25,6,6,0,0,0,0,1,1,0,70,36,34
TERRY COUNTY,445,47 Years,139,78,61,53,33,20,8,6,2,0,0,0,0,0,0,78,39,39
TERRY COUNTY,445,48 Years,127,66,61,51,30,21,5,3,2,1,0,1,0,0,0,70,33,37
TERRY COUNTY,445,49 Years,135,73,62,55,32,23,5,4,1,0,0,0,0,0,0,75,37,38
TERRY COUNTY,445,50 Years,132,67,65,56,31,25,5,4,1,1,0,1,1,1,0,69,31,38
TERRY COUNTY,445,51 Years,119,60,59,48,23,25,5,4,1,0,0,0,0,0,0,66,33,33
TERRY COUNTY,445,52 Years,149,81,68,52,27,25,8,5,3,1,1,0,0,0,0,88,48,40
TERRY COUNTY,445,53 Years,155,81,74,57,29,28,5,2,3,1,0,1,0,0,0,92,50,42
TERRY COUNTY,445,54 Years,162,83,79,72,35,37,8,5,3,0,0,0,1,0,1,81,43,38
TERRY COUNTY,445,55 Years,154,80,74,77,38,39,5,2,3,0,0,0,1,0,1,71,40,31
TERRY COUNTY,445,56 Years,144,91,53,64,40,24,5,4,1,0,0,0,1,1,0,74,46,28
TERRY COUNTY,445,57 Years,151,81,70,70,36,34,7,5,2,0,0,0,0,0,0,74,40,34
TERRY COUNTY,445,58 Years,154,72,82,73,36,37,7,4,3,0,0,0,0,0,0,74,32,42
TERRY COUNTY,445,59 Years,157,82,75,80,43,37,9,4,5,1,1,0,0,0,0,67,34,33
TERRY COUNTY,445,60 Years,136,65,71,63,29,34,5,3,2,0,0,0,0,0,0,68,33,35
TERRY COUNTY,445,61 Years,125,60,65,62,30,32,4,3,1,0,0,0,1,0,1,58,27,31
TERRY COUNTY,445,62 Years,146,73,73,86,45,41,3,1,2,0,0,0,0,0,0,57,27,30
TERRY COUNTY,445,63 Years,118,57,61,66,33,33,4,3,1,1,0,1,2,0,2,45,21,24
TERRY COUNTY,445,64 Years,109,52,57,62,28,34,4,3,1,0,0,0,1,0,1,42,21,21
TERRY COUNTY,445,65 Years,116,56,60,64,34,30,3,0,3,1,0,1,1,0,1,47,22,25
TERRY COUNTY,445,66 Years,125,59,66,69,34,35,5,3,2,1,0,1,0,0,0,50,22,28
TERRY COUNTY,445,67 Years,108,54,54,63,28,35,3,2,1,0,0,0,0,0,0,42,24,18
TERRY COUNTY,445,68 Years,102,57,45,49,25,24,5,4,1,0,0,0,1,1,0,47,27,20
TERRY COUNTY,445,69 Years,104,52,52,62,31,31,4,2,2,0,0,0,1,1,0,37,18,19
TERRY COUNTY,445,70 Years,99,42,57,54,26,28,4,2,2,0,0,0,2,1,1,39,13,26
TERRY COUNTY,445,71 Years,90,43,47,47,24,23,3,2,1,0,0,0,1,1,0,39,16,23
TERRY COUNTY,445,72 Years,96,47,49,47,22,25,3,1,2,0,0,0,3,2,1,43,22,21
TERRY COUNTY,445,73 Years,104,50,54,59,27,32,4,2,2,0,0,0,2,1,1,39,20,19
TERRY COUNTY,445,74 Years,84,43,41,51,23,28,4,2,2,0,0,0,1,1,0,28,17,11
TERRY COUNTY,445,75 Years,90,45,45,56,26,30,5,2,3,0,0,0,1,1,0,28,16,12
TERRY COUNTY,445,76 Years,87,42,45,53,24,29,3,1,2,0,0,0,1,1,0,30,16,14
TERRY COUNTY,445,77 Years,68,28,40,43,20,23,2,1,1,0,0,0,1,0,1,22,7,15
TERRY COUNTY,445,78 Years,60,28,32,40,22,18,0,0,0,0,0,0,0,0,0,20,6,14
TERRY COUNTY,445,79 Years,66,31,35,46,23,23,1,1,0,0,0,0,0,0,0,19,7,12
TERRY COUNTY,445,80 Years,59,22,37,38,14,24,2,1,1,0,0,0,0,0,0,19,7,12
TERRY COUNTY,445,81 Years,63,26,37,42,17,25,2,0,2,0,0,0,0,0,0,19,9,10
TERRY COUNTY,445,82 Years,62,23,39,46,18,28,1,0,1,0,0,0,1,0,1,14,5,9
TERRY COUNTY,445,83 Years,47,19,28,33,12,21,2,2,0,0,0,0,0,0,0,12,5,7
TERRY COUNTY,445,84 Years,39,16,23,26,11,15,1,0,1,0,0,0,0,0,0,12,5,7
TERRY COUNTY,445,85 Years,37,16,21,28,12,16,0,0,0,0,0,0,0,0,0,9,4,5
TERRY COUNTY,445,86 Years,38,16,22,28,11,17,1,0,1,0,0,0,0,0,0,9,5,4
TERRY COUNTY,445,87 Years,33,14,19,24,10,14,1,0,1,0,0,0,0,0,0,8,4,4
TERRY COUNTY,445,88 Years,31,14,17,24,9,15,1,1,0,0,0,0,0,0,0,6,4,2
TERRY COUNTY,445,89 Years,28,13,15,19,8,11,2,1,1,0,0,0,0,0,0,7,4,3
TERRY COUNTY,445,90 Years,25,11,14,16,7,9,2,1,1,0,0,0,0,0,0,7,3,4
TERRY COUNTY,445,91 Years,23,9,14,17,6,11,0,0,0,0,0,0,0,0,0,6,3,3
TERRY COUNTY,445,92 Years,13,5,8,10,3,7,0,0,0,0,0,0,0,0,0,3,2,1
TERRY COUNTY,445,93 Years,15,6,9,12,4,8,0,0,0,0,0,0,0,0,0,3,2,1
TERRY COUNTY,445,94 Years,12,3,9,7,2,5,2,0,2,0,0,0,0,0,0,3,1,2
TERRY COUNTY,445,95 Years +,22,7,15,14,4,10,2,0,2,0,0,0,0,0,0,6,3,3
THROCKMORTON COUNTY,447,All Ages,1548,767,781,1332,670,662,7,2,5,7,2,5,19,7,12,183,86,97
THROCKMORTON COUNTY,447,< 1 Year,19,11,8,15,9,6,0,0,0,0,0,0,0,0,0,4,2,2
THROCKMORTON COUNTY,447,1 Years,17,9,8,10,5,5,0,0,0,0,0,0,0,0,0,7,4,3
THROCKMORTON COUNTY,447,2 Years,15,7,8,11,5,6,0,0,0,0,0,0,0,0,0,4,2,2
THROCKMORTON COUNTY,447,3 Years,15,8,7,9,5,4,0,0,0,0,0,0,0,0,0,6,3,3
THROCKMORTON COUNTY,447,4 Years,18,8,10,14,6,8,0,0,0,0,0,0,0,0,0,4,2,2
THROCKMORTON COUNTY,447,5 Years,18,9,9,13,6,7,0,0,0,0,0,0,0,0,0,5,3,2
THROCKMORTON COUNTY,447,6 Years,15,7,8,15,7,8,0,0,0,0,0,0,0,0,0,0,0,0
THROCKMORTON COUNTY,447,7 Years,16,11,5,13,9,4,0,0,0,0,0,0,0,0,0,3,2,1
THROCKMORTON COUNTY,447,8 Years,19,7,12,14,5,9,2,0,2,0,0,0,0,0,0,3,2,1
THROCKMORTON COUNTY,447,9 Years,19,8,11,14,6,8,0,0,0,0,0,0,0,0,0,5,2,3
THROCKMORTON COUNTY,447,10 Years,21,11,10,17,9,8,0,0,0,0,0,0,0,0,0,4,2,2
THROCKMORTON COUNTY,447,11 Years,19,11,8,16,9,7,0,0,0,0,0,0,1,1,0,2,1,1
THROCKMORTON COUNTY,447,12 Years,18,9,9,15,9,6,0,0,0,0,0,0,0,0,0,3,0,3
THROCKMORTON COUNTY,447,13 Years,13,6,7,10,6,4,1,0,1,0,0,0,0,0,0,2,0,2
THROCKMORTON COUNTY,447,14 Years,19,11,8,15,9,6,0,0,0,1,0,1,0,0,0,3,2,1
THROCKMORTON COUNTY,447,15 Years,15,6,9,12,6,6,0,0,0,1,0,1,0,0,0,2,0,2
THROCKMORTON COUNTY,447,16 Years,17,6,11,13,6,7,0,0,0,1,0,1,0,0,0,3,0,3
THROCKMORTON COUNTY,447,17 Years,18,10,8,14,9,5,0,0,0,0,0,0,0,0,0,4,1,3
THROCKMORTON COUNTY,447,18 Years,21,13,8,15,10,5,0,0,0,0,0,0,0,0,0,6,3,3
THROCKMORTON COUNTY,447,19 Years,12,5,7,9,5,4,0,0,0,0,0,0,0,0,0,3,0,3
THROCKMORTON COUNTY,447,20 Years,14,9,5,10,7,3,0,0,0,0,0,0,0,0,0,4,2,2
THROCKMORTON COUNTY,447,21 Years,17,13,4,11,8,3,0,0,0,1,1,0,0,0,0,5,4,1
THROCKMORTON COUNTY,447,22 Years,16,10,6,14,9,5,0,0,0,0,0,0,0,0,0,2,1,1
THROCKMORTON COUNTY,447,23 Years,16,11,5,14,9,5,0,0,0,1,1,0,0,0,0,1,1,0
THROCKMORTON COUNTY,447,24 Years,23,10,13,19,8,11,0,0,0,0,0,0,0,0,0,4,2,2
THROCKMORTON COUNTY,447,25 Years,19,9,10,15,8,7,1,0,1,0,0,0,0,0,0,3,1,2
THROCKMORTON COUNTY,447,26 Years,14,9,5,12,8,4,0,0,0,0,0,0,0,0,0,2,1,1
THROCKMORTON COUNTY,447,27 Years,11,7,4,10,6,4,0,0,0,0,0,0,0,0,0,1,1,0
THROCKMORTON COUNTY,447,28 Years,13,6,7,11,6,5,0,0,0,0,0,0,0,0,0,2,0,2
THROCKMORTON COUNTY,447,29 Years,16,7,9,14,7,7,0,0,0,0,0,0,0,0,0,2,0,2
THROCKMORTON COUNTY,447,30 Years,15,8,7,14,8,6,0,0,0,0,0,0,0,0,0,1,0,1
THROCKMORTON COUNTY,447,31 Years,11,7,4,11,7,4,0,0,0,0,0,0,0,0,0,0,0,0
THROCKMORTON COUNTY,447,32 Years,8,6,2,8,6,2,0,0,0,0,0,0,0,0,0,0,0,0
THROCKMORTON COUNTY,447,33 Years,14,7,7,13,7,6,0,0,0,0,0,0,0,0,0,1,0,1
THROCKMORTON COUNTY,447,34 Years,21,9,12,17,6,11,0,0,0,0,0,0,1,0,1,3,3,0
THROCKMORTON COUNTY,447,35 Years,20,9,11,18,8,10,0,0,0,0,0,0,0,0,0,2,1,1
THROCKMORTON COUNTY,447,36 Years,13,7,6,12,7,5,0,0,0,0,0,0,0,0,0,1,0,1
THROCKMORTON COUNTY,447,37 Years,15,7,8,12,4,8,0,0,0,0,0,0,0,0,0,3,3,0
THROCKMORTON COUNTY,447,38 Years,9,5,4,8,4,4,0,0,0,0,0,0,0,0,0,1,1,0
THROCKMORTON COUNTY,447,39 Years,17,9,8,14,7,7,0,0,0,0,0,0,0,0,0,3,2,1
THROCKMORTON COUNTY,447,40 Years,18,12,6,13,8,5,1,1,0,0,0,0,0,0,0,4,3,1
THROCKMORTON COUNTY,447,41 Years,15,8,7,12,6,6,0,0,0,0,0,0,0,0,0,3,2,1
THROCKMORTON COUNTY,447,42 Years,10,5,5,8,4,4,0,0,0,0,0,0,0,0,0,2,1,1
THROCKMORTON COUNTY,447,43 Years,16,7,9,14,5,9,0,0,0,0,0,0,0,0,0,2,2,0
THROCKMORTON COUNTY,447,44 Years,17,6,11,13,5,8,0,0,0,0,0,0,0,0,0,4,1,3
THROCKMORTON COUNTY,447,45 Years,16,6,10,12,5,7,1,0,1,0,0,0,1,0,1,2,1,1
THROCKMORTON COUNTY,447,46 Years,14,6,8,13,5,8,0,0,0,0,0,0,0,0,0,1,1,0
THROCKMORTON COUNTY,447,47 Years,14,6,8,12,5,7,0,0,0,0,0,0,0,0,0,2,1,1
THROCKMORTON COUNTY,447,48 Years,14,6,8,13,5,8,0,0,0,0,0,0,0,0,0,1,1,0
THROCKMORTON COUNTY,447,49 Years,16,8,8,14,7,7,0,0,0,0,0,0,0,0,0,2,1,1
THROCKMORTON COUNTY,447,50 Years,17,8,9,16,7,9,0,0,0,0,0,0,0,0,0,1,1,0
THROCKMORTON COUNTY,447,51 Years,13,6,7,12,6,6,0,0,0,0,0,0,0,0,0,1,0,1
THROCKMORTON COUNTY,447,52 Years,24,9,15,23,9,14,0,0,0,0,0,0,0,0,0,1,0,1
THROCKMORTON COUNTY,447,53 Years,25,11,14,22,10,12,0,0,0,0,0,0,0,0,0,3,1,2
THROCKMORTON COUNTY,447,54 Years,27,12,15,24,11,13,0,0,0,0,0,0,0,0,0,3,1,2
THROCKMORTON COUNTY,447,55 Years,29,15,14,24,13,11,0,0,0,0,0,0,2,0,2,3,2,1
THROCKMORTON COUNTY,447,56 Years,23,13,10,20,13,7,0,0,0,0,0,0,2,0,2,1,0,1
THROCKMORTON COUNTY,447,57 Years,20,9,11,18,9,9,0,0,0,0,0,0,1,0,1,1,0,1
THROCKMORTON COUNTY,447,58 Years,26,13,13,24,13,11,0,0,0,0,0,0,0,0,0,2,0,2
THROCKMORTON COUNTY,447,59 Years,27,13,14,24,12,12,0,0,0,0,0,0,0,0,0,3,1,2
THROCKMORTON COUNTY,447,60 Years,24,11,13,22,10,12,0,0,0,0,0,0,0,0,0,2,1,1
THROCKMORTON COUNTY,447,61 Years,15,7,8,14,6,8,0,0,0,0,0,0,1,1,0,0,0,0
THROCKMORTON COUNTY,447,62 Years,21,10,11,19,10,9,0,0,0,1,0,1,0,0,0,1,0,1
THROCKMORTON COUNTY,447,63 Years,25,12,13,23,11,12,0,0,0,0,0,0,1,1,0,1,0,1
THROCKMORTON COUNTY,447,64 Years,17,8,9,16,8,8,0,0,0,0,0,0,0,0,0,1,0,1
THROCKMORTON COUNTY,447,65 Years,20,12,8,18,11,7,0,0,0,0,0,0,0,0,0,2,1,1
THROCKMORTON COUNTY,447,66 Years,19,8,11,17,7,10,0,0,0,0,0,0,0,0,0,2,1,1
THROCKMORTON COUNTY,447,67 Years,25,10,15,23,9,14,0,0,0,0,0,0,0,0,0,2,1,1
THROCKMORTON COUNTY,447,68 Years,23,10,13,22,9,13,0,0,0,0,0,0,1,1,0,0,0,0
THROCKMORTON COUNTY,447,69 Years,23,12,11,22,11,11,0,0,0,0,0,0,0,0,0,1,1,0
THROCKMORTON COUNTY,447,70 Years,24,15,9,23,15,8,0,0,0,0,0,0,0,0,0,1,0,1
THROCKMORTON COUNTY,447,71 Years,16,7,9,15,7,8,0,0,0,0,0,0,0,0,0,1,0,1
THROCKMORTON COUNTY,447,72 Years,19,6,13,16,6,10,0,0,0,0,0,0,2,0,2,1,0,1
THROCKMORTON COUNTY,447,73 Years,23,12,11,22,11,11,0,0,0,0,0,0,0,0,0,1,1,0
THROCKMORTON COUNTY,447,74 Years,18,9,9,17,8,9,0,0,0,0,0,0,0,0,0,1,1,0
THROCKMORTON COUNTY,447,75 Years,17,8,9,17,8,9,0,0,0,0,0,0,0,0,0,0,0,0
THROCKMORTON COUNTY,447,76 Years,27,13,14,23,11,12,0,0,0,1,0,1,1,1,0,2,1,1
THROCKMORTON COUNTY,447,77 Years,22,11,11,19,10,9,1,1,0,0,0,0,0,0,0,2,0,2
THROCKMORTON COUNTY,447,78 Years,16,5,11,13,4,9,0,0,0,0,0,0,1,0,1,2,1,1
THROCKMORTON COUNTY,447,79 Years,17,8,9,15,7,8,0,0,0,0,0,0,1,0,1,1,1,0
THROCKMORTON COUNTY,447,80 Years,17,11,6,16,10,6,0,0,0,0,0,0,0,0,0,1,1,0
THROCKMORTON COUNTY,447,81 Years,12,8,4,12,8,4,0,0,0,0,0,0,0,0,0,0,0,0
THROCKMORTON COUNTY,447,82 Years,9,5,4,9,5,4,0,0,0,0,0,0,0,0,0,0,0,0
THROCKMORTON COUNTY,447,83 Years,10,6,4,9,5,4,0,0,0,0,0,0,1,1,0,0,0,0
THROCKMORTON COUNTY,447,84 Years,8,4,4,8,4,4,0,0,0,0,0,0,0,0,0,0,0,0
THROCKMORTON COUNTY,447,85 Years,7,3,4,7,3,4,0,0,0,0,0,0,0,0,0,0,0,0
THROCKMORTON COUNTY,447,86 Years,6,2,4,5,2,3,0,0,0,0,0,0,1,0,1,0,0,0
THROCKMORTON COUNTY,447,87 Years,5,2,3,5,2,3,0,0,0,0,0,0,0,0,0,0,0,0
THROCKMORTON COUNTY,447,88 Years,6,3,3,5,2,3,0,0,0,0,0,0,1,1,0,0,0,0
THROCKMORTON COUNTY,447,89 Years,5,2,3,5,2,3,0,0,0,0,0,0,0,0,0,0,0,0
THROCKMORTON COUNTY,447,90 Years,5,3,2,4,2,2,0,0,0,0,0,0,0,0,0,1,1,0
THROCKMORTON COUNTY,447,91 Years,5,2,3,4,2,2,0,0,0,0,0,0,0,0,0,1,0,1
THROCKMORTON COUNTY,447,92 Years,4,2,2,4,2,2,0,0,0,0,0,0,0,0,0,0,0,0
THROCKMORTON COUNTY,447,93 Years,3,1,2,3,1,2,0,0,0,0,0,0,0,0,0,0,0,0
THROCKMORTON COUNTY,447,94 Years,2,0,2,2,0,2,0,0,0,0,0,0,0,0,0,0,0,0
THROCKMORTON COUNTY,447,95 Years +,6,2,4,6,2,4,0,0,0,0,0,0,0,0,0,0,0,0
TITUS COUNTY,449,All Ages,33999,16698,17301,15350,7405,7945,3285,1544,1741,261,112,149,557,260,297,14546,7377,7169
TITUS COUNTY,449,< 1 Year,538,267,271,156,69,87,34,15,19,4,1,3,22,11,11,322,171,151
TITUS COUNTY,449,1 Years,526,261,265,150,72,78,35,15,20,3,1,2,19,9,10,319,164,155
TITUS COUNTY,449,2 Years,537,260,277,151,80,71,37,18,19,4,1,3,25,8,17,320,153,167
TITUS COUNTY,449,3 Years,525,262,263,147,82,65,38,18,20,3,1,2,17,6,11,320,155,165
TITUS COUNTY,449,4 Years,528,271,257,147,84,63,38,19,19,3,1,2,20,8,12,320,159,161
TITUS COUNTY,449,5 Years,506,267,239,139,77,62,36,20,16,2,1,1,16,9,7,313,160,153
TITUS COUNTY,449,6 Years,504,261,243,139,75,64,36,20,16,2,1,1,16,8,8,311,157,154
TITUS COUNTY,449,7 Years,574,298,276,157,84,73,47,33,14,2,0,2,17,9,8,351,172,179
TITUS COUNTY,449,8 Years,556,275,281,150,81,69,55,31,24,2,0,2,15,5,10,334,158,176
TITUS COUNTY,449,9 Years,591,284,307,163,83,80,59,33,26,3,0,3,14,3,11,352,165,187
TITUS COUNTY,449,10 Years,580,288,292,178,89,89,59,32,27,3,0,3,15,7,8,325,160,165
TITUS COUNTY,449,11 Years,559,278,281,162,80,82,50,31,19,2,1,1,12,7,5,333,159,174
TITUS COUNTY,449,12 Years,509,256,253,152,79,73,50,27,23,4,1,3,13,6,7,290,143,147
TITUS COUNTY,449,13 Years,528,254,274,167,79,88,52,30,22,4,1,3,11,6,5,294,138,156
TITUS COUNTY,449,14 Years,508,239,269,162,81,81,46,24,22,4,1,3,10,4,6,286,129,157
TITUS COUNTY,449,15 Years,508,259,249,171,88,83,43,21,22,4,2,2,9,5,4,281,143,138
TITUS COUNTY,449,16 Years,529,279,250,177,91,86,46,25,21,7,2,5,12,7,5,287,154,133
TITUS COUNTY,449,17 Years,490,247,243,168,85,83,35,19,16,8,5,3,10,3,7,269,135,134
TITUS COUNTY,449,18 Years,481,265,216,176,99,77,41,19,22,5,2,3,9,4,5,250,141,109
TITUS COUNTY,449,19 Years,440,235,205,149,87,62,38,19,19,2,0,2,10,4,6,241,125,116
TITUS COUNTY,449,20 Years,448,216,232,141,73,68,40,22,18,2,0,2,9,1,8,256,120,136
TITUS COUNTY,449,21 Years,467,232,235,149,80,69,56,25,31,4,2,2,7,3,4,251,122,129
TITUS COUNTY,449,22 Years,444,226,218,143,76,67,50,24,26,2,1,1,3,3,0,246,122,124
TITUS COUNTY,449,23 Years,455,221,234,139,71,68,42,21,21,4,1,3,11,5,6,259,123,136
TITUS COUNTY,449,24 Years,456,232,224,141,73,68,57,28,29,4,2,2,7,5,2,247,124,123
TITUS COUNTY,449,25 Years,441,228,213,145,71,74,62,34,28,2,2,0,2,2,0,230,119,111
TITUS COUNTY,449,26 Years,492,258,234,206,103,103,57,27,30,3,2,1,5,3,2,221,123,98
TITUS COUNTY,449,27 Years,488,239,249,211,99,112,55,27,28,3,2,1,8,2,6,211,109,102
TITUS COUNTY,449,28 Years,478,212,266,184,76,108,64,31,33,6,3,3,5,1,4,219,101,118
TITUS COUNTY,449,29 Years,429,186,243,176,74,102,49,21,28,1,0,1,5,1,4,198,90,108
TITUS COUNTY,449,30 Years,383,176,207,146,62,84,36,17,19,4,2,2,4,2,2,193,93,100
TITUS COUNTY,449,31 Years,387,178,209,168,73,95,34,16,18,2,1,1,3,2,1,180,86,94
TITUS COUNTY,449,32 Years,382,187,195,162,76,86,35,16,19,3,2,1,2,2,0,180,91,89
TITUS COUNTY,449,33 Years,366,185,181,141,70,71,40,19,21,1,1,0,4,1,3,180,94,86
TITUS COUNTY,449,34 Years,388,198,190,162,86,76,36,18,18,1,0,1,4,2,2,185,92,93
TITUS COUNTY,449,35 Years,405,214,191,178,90,88,42,24,18,2,1,1,4,2,2,179,97,82
TITUS COUNTY,449,36 Years,413,199,214,178,84,94,36,19,17,6,3,3,1,0,1,192,93,99
TITUS COUNTY,449,37 Years,413,191,222,177,74,103,34,16,18,4,1,3,9,3,6,189,97,92
TITUS COUNTY,449,38 Years,407,191,216,168,68,100,40,22,18,2,0,2,9,2,7,188,99,89
TITUS COUNTY,449,39 Years,419,212,207,158,73,85,41,20,21,5,3,2,5,3,2,210,113,97
TITUS COUNTY,449,40 Years,425,211,214,174,80,94,36,14,22,7,4,3,5,3,2,203,110,93
TITUS COUNTY,449,41 Years,401,201,200,163,86,77,37,18,19,2,2,0,5,3,2,194,92,102
TITUS COUNTY,449,42 Years,433,227,206,163,89,74,31,16,15,3,1,2,6,4,2,230,117,113
TITUS COUNTY,449,43 Years,414,206,208,158,85,73,41,22,19,3,0,3,2,2,0,210,97,113
TITUS COUNTY,449,44 Years,436,213,223,185,100,85,38,15,23,6,4,2,1,0,1,206,94,112
TITUS COUNTY,449,45 Years,418,202,216,170,83,87,29,8,21,4,3,1,2,1,1,213,107,106
TITUS COUNTY,449,46 Years,414,209,205,191,96,95,35,14,21,5,3,2,4,2,2,179,94,85
TITUS COUNTY,449,47 Years,432,225,207,181,90,91,41,19,22,5,2,3,7,4,3,198,110,88
TITUS COUNTY,449,48 Years,418,220,198,172,85,87,49,21,28,6,2,4,5,4,1,186,108,78
TITUS COUNTY,449,49 Years,389,202,187,159,81,78,46,20,26,4,1,3,4,3,1,176,97,79
TITUS COUNTY,449,50 Years,410,198,212,188,83,105,49,19,30,5,3,2,3,1,2,165,92,73
TITUS COUNTY,449,51 Years,414,207,207,199,88,111,47,20,27,4,4,0,1,1,0,163,94,69
TITUS COUNTY,449,52 Years,405,199,206,209,96,113,45,19,26,4,3,1,3,1,2,144,80,64
TITUS COUNTY,449,53 Years,432,224,208,222,115,107,49,18,31,3,1,2,4,1,3,154,89,65
TITUS COUNTY,449,54 Years,440,224,216,240,127,113,47,19,28,7,2,5,3,1,2,143,75,68
TITUS COUNTY,449,55 Years,411,202,209,232,118,114,47,19,28,4,1,3,4,1,3,124,63,61
TITUS COUNTY,449,56 Years,381,184,197,229,109,120,38,14,24,4,3,1,5,3,2,105,55,50
TITUS COUNTY,449,57 Years,403,200,203,243,122,121,48,22,26,1,1,0,6,2,4,105,53,52
TITUS COUNTY,449,58 Years,375,198,177,227,110,117,46,26,20,1,1,0,4,2,2,97,59,38
TITUS COUNTY,449,59 Years,375,190,185,235,113,122,35,17,18,4,3,1,4,3,1,97,54,43
TITUS COUNTY,449,60 Years,358,179,179,232,111,121,35,18,17,2,2,0,2,1,1,87,47,40
TITUS COUNTY,449,61 Years,356,150,206,236,95,141,41,15,26,4,1,3,4,2,2,71,37,34
TITUS COUNTY,449,62 Years,364,175,189,232,104,128,49,26,23,4,1,3,4,3,1,75,41,34
TITUS COUNTY,449,63 Years,353,181,172,235,120,115,36,16,20,2,1,1,7,3,4,73,41,32
TITUS COUNTY,449,64 Years,338,178,160,231,119,112,36,18,18,5,2,3,5,3,2,61,36,25
TITUS COUNTY,449,65 Years,344,168,176,250,122,128,32,15,17,2,1,1,7,4,3,53,26,27
TITUS COUNTY,449,66 Years,340,168,172,234,113,121,37,18,19,2,1,1,6,2,4,61,34,27
TITUS COUNTY,449,67 Years,320,150,170,246,115,131,31,13,18,1,1,0,4,2,2,38,19,19
TITUS COUNTY,449,68 Years,294,139,155,228,112,116,26,9,17,1,0,1,2,1,1,37,17,20
TITUS COUNTY,449,69 Years,314,147,167,239,111,128,27,8,19,2,0,2,2,1,1,44,27,17
TITUS COUNTY,449,70 Years,282,126,156,228,101,127,23,8,15,2,1,1,0,0,0,29,16,13
TITUS COUNTY,449,71 Years,236,108,128,180,88,92,25,7,18,3,0,3,1,1,0,27,12,15
TITUS COUNTY,449,72 Years,212,100,112,158,76,82,15,4,11,2,1,1,4,3,1,33,16,17
TITUS COUNTY,449,73 Years,232,101,131,181,80,101,19,8,11,2,1,1,3,2,1,27,10,17
TITUS COUNTY,449,74 Years,204,101,103,163,80,83,16,8,8,2,0,2,4,2,2,19,11,8
TITUS COUNTY,449,75 Years,208,94,114,158,74,84,19,6,13,6,3,3,3,1,2,22,10,12
TITUS COUNTY,449,76 Years,223,98,125,173,80,93,24,7,17,3,1,2,1,0,1,22,10,12
TITUS COUNTY,449,77 Years,177,83,94,139,68,71,18,6,12,0,0,0,1,0,1,19,9,10
TITUS COUNTY,449,78 Years,166,78,88,130,58,72,15,6,9,0,0,0,2,1,1,19,13,6
TITUS COUNTY,449,79 Years,151,64,87,121,49,72,12,4,8,0,0,0,3,1,2,15,10,5
TITUS COUNTY,449,80 Years,139,60,79,112,47,65,11,4,7,0,0,0,4,2,2,12,7,5
TITUS COUNTY,449,81 Years,124,54,70,99,43,56,12,5,7,1,0,1,2,2,0,10,4,6
TITUS COUNTY,449,82 Years,115,56,59,89,42,47,12,5,7,0,0,0,2,2,0,12,7,5
TITUS COUNTY,449,83 Years,97,42,55,80,34,46,11,4,7,0,0,0,2,2,0,4,2,2
TITUS COUNTY,449,84 Years,100,42,58,80,33,47,14,5,9,0,0,0,1,1,0,5,3,2
TITUS COUNTY,449,85 Years,92,36,56,75,28,47,8,2,6,0,0,0,1,1,0,8,5,3
TITUS COUNTY,449,86 Years,95,31,64,73,22,51,11,4,7,0,0,0,1,1,0,10,4,6
TITUS COUNTY,449,87 Years,87,34,53,69,27,42,9,3,6,0,0,0,1,0,1,8,4,4
TITUS COUNTY,449,88 Years,68,28,40,55,21,34,8,4,4,0,0,0,0,0,0,5,3,2
TITUS COUNTY,449,89 Years,62,25,37,52,20,32,7,3,4,0,0,0,0,0,0,3,2,1
TITUS COUNTY,449,90 Years,47,17,30,38,13,25,7,3,4,0,0,0,0,0,0,2,1,1
TITUS COUNTY,449,91 Years,42,14,28,35,12,23,6,2,4,0,0,0,0,0,0,1,0,1
TITUS COUNTY,449,92 Years,41,12,29,36,12,24,3,0,3,1,0,1,0,0,0,1,0,1
TITUS COUNTY,449,93 Years,31,11,20,26,8,18,3,2,1,0,0,0,0,0,0,2,1,1
TITUS COUNTY,449,94 Years,23,5,18,18,5,13,3,0,3,0,0,0,0,0,0,2,0,2
TITUS COUNTY,449,95 Years +,60,14,46,45,9,36,9,2,7,0,0,0,1,0,1,5,3,2
TOM GREEN COUNTY,451,All Ages,117873,59065,58808,61858,30866,30992,4416,2512,1904,1220,593,627,2404,1234,1170,47975,23860,24115
TOM GREEN COUNTY,451,< 1 Year,1495,786,709,579,302,277,35,18,17,15,9,6,45,25,20,821,432,389
TOM GREEN COUNTY,451,1 Years,1550,797,753,596,308,288,35,19,16,16,9,7,46,24,22,857,437,420
TOM GREEN COUNTY,451,2 Years,1596,815,781,628,318,310,37,24,13,17,9,8,48,24,24,866,440,426
TOM GREEN COUNTY,451,3 Years,1607,805,802,633,316,317,36,21,15,20,10,10,47,25,22,871,433,438
TOM GREEN COUNTY,451,4 Years,1545,774,771,621,309,312,36,21,15,16,8,8,41,23,18,831,413,418
TOM GREEN COUNTY,451,5 Years,1509,754,755,610,305,305,38,18,20,14,8,6,40,24,16,807,399,408
TOM GREEN COUNTY,451,6 Years,1510,764,746,608,306,302,40,21,19,11,5,6,43,24,19,808,408,400
TOM GREEN COUNTY,451,7 Years,1487,745,742,568,273,295,45,25,20,11,7,4,46,25,21,817,415,402
TOM GREEN COUNTY,451,8 Years,1584,791,793,618,301,317,51,27,24,11,9,2,60,34,26,844,420,424
TOM GREEN COUNTY,451,9 Years,1638,852,786,666,348,318,69,41,28,6,5,1,54,29,25,843,429,414
TOM GREEN COUNTY,451,10 Years,1675,876,799,657,338,319,66,40,26,12,6,6,50,28,22,890,464,426
TOM GREEN COUNTY,451,11 Years,1524,784,740,594,307,287,52,30,22,9,5,4,50,30,20,819,412,407
TOM GREEN COUNTY,451,12 Years,1503,790,713,609,326,283,55,30,25,8,4,4,57,37,20,774,393,381
TOM GREEN COUNTY,451,13 Years,1449,753,696,571,306,265,50,31,19,13,4,9,52,34,18,763,378,385
TOM GREEN COUNTY,451,14 Years,1360,711,649,520,279,241,58,37,21,10,3,7,32,19,13,740,373,367
TOM GREEN COUNTY,451,15 Years,1303,685,618,523,282,241,61,37,24,12,4,8,39,22,17,668,340,328
TOM GREEN COUNTY,451,16 Years,1323,703,620,496,273,223,50,30,20,9,6,3,44,24,20,724,370,354
TOM GREEN COUNTY,451,17 Years,1501,804,697,574,330,244,66,37,29,16,7,9,50,19,31,795,411,384
TOM GREEN COUNTY,451,18 Years,1938,959,979,873,396,477,107,64,43,26,13,13,53,29,24,879,457,422
TOM GREEN COUNTY,451,19 Years,2421,1304,1117,1132,617,515,167,104,63,23,14,9,61,36,25,1038,533,505
TOM GREEN COUNTY,451,20 Years,2091,1107,984,981,539,442,137,81,56,22,12,10,65,35,30,886,440,446
TOM GREEN COUNTY,451,21 Years,2022,1101,921,925,503,422,96,62,34,14,8,6,46,25,21,941,503,438
TOM GREEN COUNTY,451,22 Years,2056,1093,963,1000,532,468,95,61,34,22,13,9,56,27,29,883,460,423
TOM GREEN COUNTY,451,23 Years,2027,1115,912,959,564,395,84,44,40,17,9,8,42,21,21,925,477,448
TOM GREEN COUNTY,451,24 Years,1934,1065,869,917,533,384,80,48,32,17,10,7,26,13,13,894,461,433
TOM GREEN COUNTY,451,25 Years,1798,1025,773,780,496,284,73,42,31,23,14,9,45,24,21,877,449,428
TOM GREEN COUNTY,451,26 Years,2014,1109,905,982,568,414,83,54,29,15,8,7,53,24,29,881,455,426
TOM GREEN COUNTY,451,27 Years,2124,1155,969,1130,637,493,77,44,33,16,7,9,51,26,25,850,441,409
TOM GREEN COUNTY,451,28 Years,1863,963,900,933,486,447,73,45,28,10,4,6,36,19,17,811,409,402
TOM GREEN COUNTY,451,29 Years,1682,918,764,761,435,326,70,39,31,28,18,10,32,16,16,791,410,381
TOM GREEN COUNTY,451,30 Years,1782,950,832,829,445,384,63,36,27,21,11,10,28,15,13,841,443,398
TOM GREEN COUNTY,451,31 Years,1671,863,808,774,375,399,71,40,31,14,9,5,24,14,10,788,425,363
TOM GREEN COUNTY,451,32 Years,1745,915,830,840,426,414,84,44,40,25,17,8,23,14,9,773,414,359
TOM GREEN COUNTY,451,33 Years,1806,934,872,891,436,455,72,40,32,29,18,11,31,21,10,783,419,364
TOM GREEN COUNTY,451,34 Years,1721,870,851,851,426,425,73,38,35,22,12,10,33,20,13,742,374,368
TOM GREEN COUNTY,451,35 Years,1624,833,791,818,417,401,70,43,27,27,16,11,20,9,11,689,348,341
TOM GREEN COUNTY,451,36 Years,1620,849,771,805,413,392,67,43,24,23,18,5,28,16,12,697,359,338
TOM GREEN COUNTY,451,37 Years,1545,821,724,783,421,362,68,45,23,21,18,3,24,15,9,649,322,327
TOM GREEN COUNTY,451,38 Years,1345,661,684,690,356,334,59,39,20,14,8,6,14,9,5,568,249,319
TOM GREEN COUNTY,451,39 Years,1315,651,664,675,341,334,51,36,15,31,17,14,15,11,4,543,246,297
TOM GREEN COUNTY,451,40 Years,1236,629,607,632,315,317,36,21,15,26,18,8,18,9,9,524,266,258
TOM GREEN COUNTY,451,41 Years,1192,604,588,626,311,315,36,25,11,13,10,3,20,10,10,497,248,249
TOM GREEN COUNTY,451,42 Years,1182,591,591,614,319,295,35,22,13,24,16,8,28,7,21,481,227,254
TOM GREEN COUNTY,451,43 Years,1186,563,623,595,281,314,42,25,17,17,8,9,30,11,19,502,238,264
TOM GREEN COUNTY,451,44 Years,1180,559,621,597,277,320,35,23,12,19,7,12,26,11,15,503,241,262
TOM GREEN COUNTY,451,45 Years,1252,619,633,644,328,316,35,18,17,14,5,9,24,11,13,535,257,278
TOM GREEN COUNTY,451,46 Years,1246,617,629,659,333,326,32,15,17,19,7,12,22,12,10,514,250,264
TOM GREEN COUNTY,451,47 Years,1299,633,666,710,353,357,33,18,15,12,4,8,21,9,12,523,249,274
TOM GREEN COUNTY,451,48 Years,1187,598,589,634,333,301,38,24,14,11,4,7,20,11,9,484,226,258
TOM GREEN COUNTY,451,49 Years,1210,603,607,663,351,312,36,17,19,17,7,10,14,6,8,480,222,258
TOM GREEN COUNTY,451,50 Years,1219,585,634,655,315,340,51,30,21,17,7,10,19,6,13,477,227,250
TOM GREEN COUNTY,451,51 Years,1207,569,638,662,297,365,50,31,19,11,4,7,19,10,9,465,227,238
TOM GREEN COUNTY,451,52 Years,1301,621,680,755,363,392,49,29,20,14,5,9,17,7,10,466,217,249
TOM GREEN COUNTY,451,53 Years,1339,633,706,792,369,423,47,31,16,12,4,8,19,8,11,469,221,248
TOM GREEN COUNTY,451,54 Years,1381,664,717,810,380,430,55,31,24,12,7,5,23,9,14,481,237,244
TOM GREEN COUNTY,451,55 Years,1449,705,744,826,402,424,52,21,31,10,4,6,21,9,12,540,269,271
TOM GREEN COUNTY,451,56 Years,1444,694,750,855,405,450,56,29,27,12,3,9,15,5,10,506,252,254
TOM GREEN COUNTY,451,57 Years,1413,680,733,873,402,471,57,32,25,6,2,4,19,9,10,458,235,223
TOM GREEN COUNTY,451,58 Years,1441,703,738,910,437,473,60,36,24,13,7,6,18,9,9,440,214,226
TOM GREEN COUNTY,451,59 Years,1439,669,770,907,420,487,52,31,21,18,6,12,16,7,9,446,205,241
TOM GREEN COUNTY,451,60 Years,1417,655,762,896,413,483,43,21,22,16,4,12,20,8,12,442,209,233
TOM GREEN COUNTY,451,61 Years,1351,667,684,851,426,425,65,36,29,14,4,10,14,7,7,407,194,213
TOM GREEN COUNTY,451,62 Years,1378,669,709,913,448,465,40,19,21,15,5,10,22,11,11,388,186,202
TOM GREEN COUNTY,451,63 Years,1286,613,673,864,413,451,36,18,18,14,3,11,14,8,6,358,171,187
TOM GREEN COUNTY,451,64 Years,1306,620,686,876,421,455,45,22,23,15,6,9,14,5,9,356,166,190
TOM GREEN COUNTY,451,65 Years,1242,588,654,831,399,432,45,23,22,12,4,8,17,8,9,337,154,183
TOM GREEN COUNTY,451,66 Years,1158,547,611,761,363,398,42,21,21,10,3,7,19,8,11,326,152,174
TOM GREEN COUNTY,451,67 Years,1169,561,608,785,383,402,43,24,19,18,5,13,10,4,6,313,145,168
TOM GREEN COUNTY,451,68 Years,1053,506,547,716,336,380,42,23,19,14,4,10,16,8,8,265,135,130
TOM GREEN COUNTY,451,69 Years,1098,516,582,773,363,410,32,16,16,10,4,6,18,8,10,265,125,140
TOM GREEN COUNTY,451,70 Years,1124,518,606,805,373,432,28,15,13,9,3,6,17,7,10,265,120,145
TOM GREEN COUNTY,451,71 Years,874,409,465,619,299,320,23,10,13,10,3,7,11,6,5,211,91,120
TOM GREEN COUNTY,451,72 Years,809,366,443,553,255,298,30,15,15,10,4,6,10,6,4,206,86,120
TOM GREEN COUNTY,451,73 Years,858,387,471,622,287,335,25,10,15,7,1,6,9,5,4,195,84,111
TOM GREEN COUNTY,451,74 Years,760,342,418,555,254,301,23,10,13,5,0,5,9,5,4,168,73,95
TOM GREEN COUNTY,451,75 Years,714,345,369,511,245,266,22,10,12,6,2,4,8,3,5,167,85,82
TOM GREEN COUNTY,451,76 Years,665,311,354,492,230,262,19,10,9,7,2,5,9,4,5,138,65,73
TOM GREEN COUNTY,451,77 Years,632,281,351,495,216,279,15,10,5,7,5,2,9,5,4,106,45,61
TOM GREEN COUNTY,451,78 Years,574,247,327,440,192,248,18,12,6,5,2,3,9,4,5,102,37,65
TOM GREEN COUNTY,451,79 Years,575,243,332,431,188,243,21,12,9,6,1,5,10,4,6,107,38,69
TOM GREEN COUNTY,451,80 Years,506,212,294,381,163,218,23,10,13,4,0,4,4,1,3,94,38,56
TOM GREEN COUNTY,451,81 Years,502,209,293,374,156,218,23,9,14,4,0,4,7,3,4,94,41,53
TOM GREEN COUNTY,451,82 Years,477,204,273,372,163,209,19,9,10,2,0,2,8,1,7,76,31,45
TOM GREEN COUNTY,451,83 Years,453,199,254,349,153,196,16,8,8,2,0,2,9,4,5,77,34,43
TOM GREEN COUNTY,451,84 Years,420,170,250,325,133,192,16,7,9,1,0,1,6,2,4,72,28,44
TOM GREEN COUNTY,451,85 Years,358,152,206,277,118,159,11,3,8,3,0,3,7,3,4,60,28,32
TOM GREEN COUNTY,451,86 Years,339,143,196,265,112,153,10,4,6,2,0,2,8,3,5,54,24,30
TOM GREEN COUNTY,451,87 Years,311,123,188,248,103,145,9,3,6,1,0,1,6,2,4,47,15,32
TOM GREEN COUNTY,451,88 Years,250,105,145,199,87,112,8,3,5,1,0,1,4,1,3,38,14,24
TOM GREEN COUNTY,451,89 Years,220,85,135,171,66,105,7,3,4,1,0,1,4,1,3,37,15,22
TOM GREEN COUNTY,451,90 Years,208,67,141,163,56,107,5,2,3,2,0,2,4,1,3,34,8,26
TOM GREEN COUNTY,451,91 Years,161,57,104,125,47,78,5,1,4,1,0,1,3,1,2,27,8,19
TOM GREEN COUNTY,451,92 Years,129,43,86,101,36,65,4,1,3,1,0,1,2,0,2,21,6,15
TOM GREEN COUNTY,451,93 Years,111,35,76,86,28,58,4,1,3,0,0,0,3,1,2,18,5,13
TOM GREEN COUNTY,451,94 Years,87,28,59,68,22,46,4,1,3,0,0,0,2,1,1,13,4,9
TOM GREEN COUNTY,451,95 Years +,192,53,139,146,39,107,8,2,6,2,1,1,3,0,3,33,11,22
TRAVIS COUNTY,453,All Ages,1225922,616768,609154,593538,298285,295253,99600,48823,50777,78143,38826,39317,31548,15631,15917,423093,215203,207890
TRAVIS COUNTY,453,< 1 Year,16402,8403,7999,5861,3000,2861,1246,632,614,862,460,402,822,435,387,7611,3876,3735
TRAVIS COUNTY,453,1 Years,16498,8429,8069,5884,3009,2875,1247,630,617,929,482,447,820,425,395,7618,3883,3735
TRAVIS COUNTY,453,2 Years,17003,8708,8295,6094,3128,2966,1312,655,657,1006,514,492,825,424,401,7766,3987,3779
TRAVIS COUNTY,453,3 Years,16957,8672,8285,6073,3107,2966,1302,656,646,1043,532,511,797,409,388,7742,3968,3774
TRAVIS COUNTY,453,4 Years,16813,8609,8204,6014,3092,2922,1283,658,625,1043,534,509,793,408,385,7680,3917,3763
TRAVIS COUNTY,453,5 Years,16477,8406,8071,5874,2989,2885,1228,629,599,997,512,485,751,385,366,7627,3891,3736
TRAVIS COUNTY,453,6 Years,16508,8413,8095,5803,2967,2836,1223,617,606,1002,508,494,740,371,369,7740,3950,3790
TRAVIS COUNTY,453,7 Years,15175,7755,7420,5249,2746,2503,1150,567,583,875,446,429,630,299,331,7271,3697,3574
TRAVIS COUNTY,453,8 Years,15518,7941,7577,5359,2758,2601,1188,602,586,885,451,434,661,331,330,7425,3799,3626
TRAVIS COUNTY,453,9 Years,15547,7943,7604,5290,2749,2541,1242,651,591,887,449,438,675,331,344,7453,3763,3690
TRAVIS COUNTY,453,10 Years,15430,7841,7589,5289,2727,2562,1287,654,633,924,493,431,602,293,309,7328,3674,3654
TRAVIS COUNTY,453,11 Years,15200,7767,7433,5262,2688,2574,1277,648,629,930,472,458,566,299,267,7165,3660,3505
TRAVIS COUNTY,453,12 Years,15002,7644,7358,5092,2580,2512,1256,632,624,936,460,476,598,296,302,7120,3676,3444
TRAVIS COUNTY,453,13 Years,14736,7533,7203,5118,2666,2452,1205,601,604,858,413,445,573,290,283,6982,3563,3419
TRAVIS COUNTY,453,14 Years,14667,7551,7116,5183,2720,2463,1220,623,597,824,397,427,532,269,263,6908,3542,3366
TRAVIS COUNTY,453,15 Years,14411,7468,6943,5040,2627,2413,1296,688,608,798,385,413,503,233,270,6774,3535,3239
TRAVIS COUNTY,453,16 Years,13981,7199,6782,4808,2501,2307,1317,685,632,662,297,365,481,235,246,6713,3481,3232
TRAVIS COUNTY,453,17 Years,13648,7027,6621,4676,2412,2264,1335,705,630,504,223,281,449,222,227,6684,3465,3219
TRAVIS COUNTY,453,18 Years,14518,7371,7147,5030,2473,2557,1367,712,655,1017,510,507,434,223,211,6670,3453,3217
TRAVIS COUNTY,453,19 Years,17517,8763,8754,6640,3198,3442,1524,786,738,1605,794,811,496,283,213,7252,3702,3550
TRAVIS COUNTY,453,20 Years,17598,8731,8867,7002,3347,3655,1524,762,762,1702,861,841,479,256,223,6891,3505,3386
TRAVIS COUNTY,453,21 Years,17787,8759,9028,7321,3530,3791,1552,755,797,1664,843,821,416,184,232,6834,3447,3387
TRAVIS COUNTY,453,22 Years,17284,8711,8573,7146,3509,3637,1583,791,792,1302,689,613,390,201,189,6863,3521,3342
TRAVIS COUNTY,453,23 Years,16187,8216,7971,6494,3352,3142,1596,798,798,857,428,429,396,199,197,6844,3439,3405
TRAVIS COUNTY,453,24 Years,16705,8712,7993,6899,3815,3084,1636,864,772,845,427,418,420,193,227,6905,3413,3492
TRAVIS COUNTY,453,25 Years,19154,9704,9450,8395,4356,4039,1684,845,839,1068,585,483,495,232,263,7512,3686,3826
TRAVIS COUNTY,453,26 Years,20776,10625,10151,9573,5029,4544,1720,795,925,1365,667,698,556,274,282,7562,3860,3702
TRAVIS COUNTY,453,27 Years,22130,11448,10682,10201,5349,4852,1634,767,867,1713,955,758,581,275,306,8001,4102,3899
TRAVIS COUNTY,453,28 Years,22980,12115,10865,10532,5649,4883,1493,765,728,1997,1080,917,586,294,292,8372,4327,4045
TRAVIS COUNTY,453,29 Years,22968,11847,11121,10896,5649,5247,1438,690,748,1558,850,708,574,275,299,8502,4383,4119
TRAVIS COUNTY,453,30 Years,24183,12336,11847,12014,5871,6143,1452,707,745,1921,1127,794,554,269,285,8242,4362,3880
TRAVIS COUNTY,453,31 Years,23803,12100,11703,12333,5923,6410,1537,733,804,1737,1019,718,534,259,275,7662,4166,3496
TRAVIS COUNTY,453,32 Years,23206,12097,11109,11988,5989,5999,1541,793,748,1689,957,732,513,245,268,7475,4113,3362
TRAVIS COUNTY,453,33 Years,22454,11481,10973,11442,5799,5643,1538,757,781,1451,729,722,512,235,277,7511,3961,3550
TRAVIS COUNTY,453,34 Years,22523,11472,11051,11459,5780,5679,1603,803,800,1381,668,713,516,248,268,7564,3973,3591
TRAVIS COUNTY,453,35 Years,22175,11239,10936,11478,5811,5667,1635,805,830,1214,550,664,570,247,323,7278,3826,3452
TRAVIS COUNTY,453,36 Years,21607,11014,10593,11053,5672,5381,1605,813,792,1357,577,780,526,252,274,7066,3700,3366
TRAVIS COUNTY,453,37 Years,21297,10874,10423,10763,5540,5223,1628,837,791,1314,512,802,518,251,267,7074,3734,3340
TRAVIS COUNTY,453,38 Years,20563,10545,10018,10217,5302,4915,1536,785,751,1410,626,784,529,247,282,6871,3585,3286
TRAVIS COUNTY,453,39 Years,20173,10349,9824,9961,5187,4774,1485,742,743,1469,704,765,457,220,237,6801,3496,3305
TRAVIS COUNTY,453,40 Years,19701,10167,9534,9606,4981,4625,1440,716,724,1591,823,768,427,221,206,6637,3426,3211
TRAVIS COUNTY,453,41 Years,19194,9943,9251,9267,4899,4368,1391,669,722,1562,778,784,434,213,221,6540,3384,3156
TRAVIS COUNTY,453,42 Years,19130,9935,9195,9277,4917,4360,1431,725,706,1488,712,776,456,221,235,6478,3360,3118
TRAVIS COUNTY,453,43 Years,18090,9381,8709,8810,4681,4129,1365,718,647,1430,698,732,415,205,210,6070,3079,2991
TRAVIS COUNTY,453,44 Years,17785,9189,8596,8609,4559,4050,1435,700,735,1446,694,752,416,211,205,5879,3025,2854
TRAVIS COUNTY,453,45 Years,17873,9360,8513,8855,4759,4096,1415,682,733,1436,677,759,399,226,173,5768,3016,2752
TRAVIS COUNTY,453,46 Years,18625,9703,8922,9695,5137,4558,1500,730,770,1391,682,709,390,202,188,5649,2952,2697
TRAVIS COUNTY,453,47 Years,18367,9499,8868,9673,5105,4568,1467,725,742,1359,664,695,369,186,183,5499,2819,2680
TRAVIS COUNTY,453,48 Years,16621,8482,8139,8799,4578,4221,1351,669,682,1194,579,615,302,164,138,4975,2492,2483
TRAVIS COUNTY,453,49 Years,15428,7912,7516,8074,4222,3852,1364,692,672,1048,527,521,268,134,134,4674,2337,2337
TRAVIS COUNTY,453,50 Years,14595,7486,7109,7627,3926,3701,1336,657,679,1001,533,468,272,130,142,4359,2240,2119
TRAVIS COUNTY,453,51 Years,14419,7314,7105,7547,3869,3678,1329,611,718,989,503,486,260,124,136,4294,2207,2087
TRAVIS COUNTY,453,52 Years,15123,7699,7424,7978,4083,3895,1437,708,729,1010,501,509,266,132,134,4432,2275,2157
TRAVIS COUNTY,453,53 Years,14949,7545,7404,8091,4113,3978,1493,721,772,940,481,459,259,133,126,4166,2097,2069
TRAVIS COUNTY,453,54 Years,14718,7369,7349,8138,4102,4036,1412,690,722,930,452,478,282,147,135,3956,1978,1978
TRAVIS COUNTY,453,55 Years,14585,7278,7307,8300,4166,4134,1393,695,698,819,387,432,262,131,131,3811,1899,1912
TRAVIS COUNTY,453,56 Years,14249,7074,7175,8218,4115,4103,1356,661,695,737,358,379,265,130,135,3673,1810,1863
TRAVIS COUNTY,453,57 Years,14296,7124,7172,8371,4172,4199,1375,691,684,713,327,386,261,125,136,3576,1809,1767
TRAVIS COUNTY,453,58 Years,13664,6723,6941,8140,4003,4137,1301,637,664,676,317,359,219,110,109,3328,1656,1672
TRAVIS COUNTY,453,59 Years,13382,6523,6859,8099,3956,4143,1294,611,683,649,308,341,209,107,102,3131,1541,1590
TRAVIS COUNTY,453,60 Years,13175,6383,6792,8045,3943,4102,1270,619,651,640,275,365,243,113,130,2977,1433,1544
TRAVIS COUNTY,453,61 Years,12510,6061,6449,7683,3707,3976,1210,598,612,606,275,331,215,103,112,2796,1378,1418
TRAVIS COUNTY,453,62 Years,12140,5854,6286,7607,3675,3932,1126,565,561,607,270,337,187,89,98,2613,1255,1358
TRAVIS COUNTY,453,63 Years,11428,5392,6036,7348,3506,3842,1060,479,581,529,236,293,181,97,84,2310,1074,1236
TRAVIS COUNTY,453,64 Years,10831,5045,5786,7138,3371,3767,969,440,529,494,217,277,174,89,85,2056,928,1128
TRAVIS COUNTY,453,65 Years,10189,4850,5339,6755,3239,3516,874,418,456,458,194,264,183,96,87,1919,903,1016
TRAVIS COUNTY,453,66 Years,9541,4536,5005,6254,3049,3205,867,393,474,460,203,257,157,78,79,1803,813,990
TRAVIS COUNTY,453,67 Years,9022,4282,4740,5911,2906,3005,821,366,455,455,191,264,127,57,70,1708,762,946
TRAVIS COUNTY,453,68 Years,8215,3877,4338,5433,2621,2812,738,331,407,432,181,251,109,49,60,1503,695,808
TRAVIS COUNTY,453,69 Years,7858,3735,4123,5361,2584,2777,660,298,362,360,163,197,102,48,54,1375,642,733
TRAVIS COUNTY,453,70 Years,7335,3499,3836,5162,2497,2665,534,234,300,334,149,185,81,37,44,1224,582,642
TRAVIS COUNTY,453,71 Years,5866,2786,3080,4013,1942,2071,434,199,235,291,135,156,59,22,37,1069,488,581
TRAVIS COUNTY,453,72 Years,5229,2384,2845,3547,1649,1898,394,165,229,258,122,136,54,23,31,976,425,551
TRAVIS COUNTY,453,73 Years,4994,2262,2732,3468,1603,1865,368,136,232,224,108,116,55,23,32,879,392,487
TRAVIS COUNTY,453,74 Years,4630,2120,2510,3210,1496,1714,361,152,209,204,102,102,50,21,29,805,349,456
TRAVIS COUNTY,453,75 Years,4135,1899,2236,2834,1317,1517,347,147,200,215,113,102,38,20,18,701,302,399
TRAVIS COUNTY,453,76 Years,3660,1604,2056,2484,1118,1366,282,105,177,206,108,98,30,14,16,658,259,399
TRAVIS COUNTY,453,77 Years,3266,1399,1867,2186,956,1230,269,94,175,171,88,83,26,11,15,614,250,364
TRAVIS COUNTY,453,78 Years,2992,1273,1719,2009,869,1140,232,87,145,147,73,74,23,11,12,581,233,348
TRAVIS COUNTY,453,79 Years,2831,1179,1652,1920,820,1100,225,84,141,156,70,86,22,9,13,508,196,312
TRAVIS COUNTY,453,80 Years,2649,1094,1555,1800,759,1041,223,86,137,142,61,81,22,9,13,462,179,283
TRAVIS COUNTY,453,81 Years,2469,1001,1468,1702,699,1003,206,79,127,113,48,65,24,11,13,424,164,260
TRAVIS COUNTY,453,82 Years,2341,979,1362,1589,693,896,202,72,130,90,36,54,14,6,8,446,172,274
TRAVIS COUNTY,453,83 Years,2081,852,1229,1449,607,842,169,68,101,76,32,44,11,5,6,376,140,236
TRAVIS COUNTY,453,84 Years,1877,734,1143,1347,542,805,139,44,95,80,32,48,9,3,6,302,113,189
TRAVIS COUNTY,453,85 Years,1793,703,1090,1300,522,778,140,42,98,68,28,40,6,3,3,279,108,171
TRAVIS COUNTY,453,86 Years,1722,674,1048,1291,514,777,119,38,81,65,27,38,6,3,3,241,92,149
TRAVIS COUNTY,453,87 Years,1564,575,989,1162,435,727,100,30,70,58,24,34,7,2,5,237,84,153
TRAVIS COUNTY,453,88 Years,1308,468,840,981,353,628,84,22,62,43,19,24,7,3,4,193,71,122
TRAVIS COUNTY,453,89 Years,1135,372,763,866,285,581,64,20,44,35,15,20,8,1,7,162,51,111
TRAVIS COUNTY,453,90 Years,987,302,685,755,238,517,58,14,44,30,12,18,5,1,4,139,37,102
TRAVIS COUNTY,453,91 Years,888,271,617,692,214,478,50,11,39,18,7,11,2,1,1,126,38,88
TRAVIS COUNTY,453,92 Years,743,225,518,580,178,402,48,10,38,16,5,11,2,1,1,97,31,66
TRAVIS COUNTY,453,93 Years,595,172,423,466,130,336,38,10,28,17,7,10,1,1,0,73,24,49
TRAVIS COUNTY,453,94 Years,455,131,324,359,102,257,28,6,22,10,4,6,2,1,1,56,18,38
TRAVIS COUNTY,453,95 Years +,1113,271,842,851,207,644,81,15,66,25,9,16,5,1,4,151,39,112
TRINITY COUNTY,455,All Ages,14673,7145,7528,11614,5676,5938,1452,657,795,37,8,29,296,119,177,1274,685,589
TRINITY COUNTY,455,< 1 Year,155,67,88,109,52,57,22,8,14,0,0,0,8,1,7,16,6,10
TRINITY COUNTY,455,1 Years,157,73,84,111,54,57,21,9,12,0,0,0,8,3,5,17,7,10
TRINITY COUNTY,455,2 Years,157,82,75,112,63,49,19,8,11,0,0,0,7,2,5,19,9,10
TRINITY COUNTY,455,3 Years,150,83,67,106,63,43,20,10,10,0,0,0,7,2,5,17,8,9
TRINITY COUNTY,455,4 Years,135,74,61,90,54,36,21,11,10,0,0,0,7,2,5,17,7,10
TRINITY COUNTY,455,5 Years,129,68,61,86,49,37,21,11,10,0,0,0,6,2,4,16,6,10
TRINITY COUNTY,455,6 Years,147,75,72,98,48,50,23,13,10,0,0,0,5,4,1,21,10,11
TRINITY COUNTY,455,7 Years,155,74,81,103,50,53,23,6,17,0,0,0,7,6,1,22,12,10
TRINITY COUNTY,455,8 Years,164,87,77,110,56,54,17,10,7,0,0,0,8,5,3,29,16,13
TRINITY COUNTY,455,9 Years,152,78,74,107,56,51,13,4,9,0,0,0,5,2,3,27,16,11
TRINITY COUNTY,455,10 Years,162,96,66,112,69,43,21,10,11,0,0,0,5,3,2,24,14,10
TRINITY COUNTY,455,11 Years,177,91,86,105,57,48,26,12,14,1,0,1,4,3,1,41,19,22
TRINITY COUNTY,455,12 Years,154,67,87,94,43,51,26,10,16,0,0,0,11,5,6,23,9,14
TRINITY COUNTY,455,13 Years,143,75,68,95,49,46,17,9,8,0,0,0,5,2,3,26,15,11
TRINITY COUNTY,455,14 Years,157,86,71,109,60,49,16,10,6,0,0,0,4,0,4,28,16,12
TRINITY COUNTY,455,15 Years,158,82,76,111,60,51,19,9,10,0,0,0,5,1,4,23,12,11
TRINITY COUNTY,455,16 Years,162,81,81,108,58,50,22,8,14,0,0,0,3,1,2,29,14,15
TRINITY COUNTY,455,17 Years,168,82,86,114,60,54,19,6,13,1,0,1,3,0,3,31,16,15
TRINITY COUNTY,455,18 Years,152,82,70,106,62,44,14,4,10,1,1,0,6,2,4,25,13,12
TRINITY COUNTY,455,19 Years,128,72,56,90,53,37,11,6,5,0,0,0,7,2,5,20,11,9
TRINITY COUNTY,455,20 Years,121,60,61,89,47,42,9,5,4,0,0,0,5,1,4,18,7,11
TRINITY COUNTY,455,21 Years,132,67,65,96,52,44,11,5,6,0,0,0,5,2,3,20,8,12
TRINITY COUNTY,455,22 Years,123,54,69,82,39,43,14,4,10,1,0,1,7,1,6,19,10,9
TRINITY COUNTY,455,23 Years,147,72,75,104,55,49,17,8,9,1,0,1,7,2,5,18,7,11
TRINITY COUNTY,455,24 Years,146,75,71,105,56,49,18,9,9,0,0,0,3,2,1,20,8,12
TRINITY COUNTY,455,25 Years,161,83,78,119,58,61,17,9,8,1,0,1,0,0,0,24,16,8
TRINITY COUNTY,455,26 Years,162,90,72,122,68,54,17,10,7,0,0,0,3,1,2,20,11,9
TRINITY COUNTY,455,27 Years,147,67,80,117,56,61,11,4,7,0,0,0,4,1,3,15,6,9
TRINITY COUNTY,455,28 Years,148,67,81,115,49,66,14,7,7,1,0,1,1,0,1,17,11,6
TRINITY COUNTY,455,29 Years,159,77,82,128,60,68,16,9,7,0,0,0,0,0,0,15,8,7
TRINITY COUNTY,455,30 Years,134,65,69,105,52,53,18,8,10,0,0,0,1,1,0,10,4,6
TRINITY COUNTY,455,31 Years,153,71,82,122,59,63,15,3,12,0,0,0,3,1,2,13,8,5
TRINITY COUNTY,455,32 Years,141,69,72,108,54,54,15,4,11,0,0,0,1,0,1,17,11,6
TRINITY COUNTY,455,33 Years,149,68,81,111,54,57,16,4,12,0,0,0,2,1,1,20,9,11
TRINITY COUNTY,455,34 Years,132,66,66,99,47,52,12,6,6,0,0,0,3,1,2,18,12,6
TRINITY COUNTY,455,35 Years,155,73,82,121,52,69,15,8,7,0,0,0,4,3,1,15,10,5
TRINITY COUNTY,455,36 Years,158,76,82,121,53,68,14,8,6,1,0,1,3,2,1,19,13,6
TRINITY COUNTY,455,37 Years,158,76,82,116,56,60,21,10,11,0,0,0,1,0,1,20,10,10
TRINITY COUNTY,455,38 Years,149,69,80,121,55,66,13,6,7,2,1,1,2,1,1,11,6,5
TRINITY COUNTY,455,39 Years,150,75,75,122,59,63,14,6,8,1,1,0,3,2,1,10,7,3
TRINITY COUNTY,455,40 Years,148,74,74,112,54,58,17,9,8,0,0,0,1,1,0,18,10,8
TRINITY COUNTY,455,41 Years,126,61,65,98,48,50,15,8,7,0,0,0,1,0,1,12,5,7
TRINITY COUNTY,455,42 Years,135,69,66,103,51,52,12,6,6,0,0,0,2,2,0,18,10,8
TRINITY COUNTY,455,43 Years,142,75,67,119,60,59,7,4,3,0,0,0,1,1,0,15,10,5
TRINITY COUNTY,455,44 Years,169,85,84,134,69,65,12,4,8,0,0,0,1,0,1,22,12,10
TRINITY COUNTY,455,45 Years,156,70,86,121,53,68,13,6,7,0,0,0,1,0,1,21,11,10
TRINITY COUNTY,455,46 Years,172,76,96,139,60,79,16,7,9,0,0,0,2,1,1,15,8,7
TRINITY COUNTY,455,47 Years,174,83,91,141,65,76,12,7,5,0,0,0,3,1,2,18,10,8
TRINITY COUNTY,455,48 Years,169,78,91,132,60,72,13,7,6,0,0,0,2,1,1,22,10,12
TRINITY COUNTY,455,49 Years,147,75,72,116,55,61,12,7,5,0,0,0,1,1,0,18,12,6
TRINITY COUNTY,455,50 Years,167,90,77,134,67,67,13,10,3,1,0,1,3,2,1,16,11,5
TRINITY COUNTY,455,51 Years,179,89,90,137,67,70,27,16,11,1,0,1,2,1,1,12,5,7
TRINITY COUNTY,455,52 Years,187,85,102,148,67,81,24,13,11,0,0,0,1,0,1,14,5,9
TRINITY COUNTY,455,53 Years,206,98,108,175,83,92,19,9,10,0,0,0,1,0,1,11,6,5
TRINITY COUNTY,455,54 Years,213,96,117,181,81,100,22,11,11,0,0,0,1,0,1,9,4,5
TRINITY COUNTY,455,55 Years,236,109,127,197,92,105,21,7,14,2,1,1,4,1,3,12,8,4
TRINITY COUNTY,455,56 Years,233,114,119,194,95,99,24,9,15,2,1,1,3,1,2,10,8,2
TRINITY COUNTY,455,57 Years,215,99,116,174,83,91,25,8,17,2,0,2,5,1,4,9,7,2
TRINITY COUNTY,455,58 Years,221,100,121,180,80,100,23,11,12,1,0,1,4,2,2,13,7,6
TRINITY COUNTY,455,59 Years,219,99,120,180,83,97,23,9,14,1,0,1,6,3,3,9,4,5
TRINITY COUNTY,455,60 Years,235,103,132,201,85,116,18,10,8,1,0,1,2,1,1,13,7,6
TRINITY COUNTY,455,61 Years,258,117,141,209,93,116,26,12,14,0,0,0,7,2,5,16,10,6
TRINITY COUNTY,455,62 Years,238,114,124,193,94,99,27,10,17,1,1,0,5,1,4,12,8,4
TRINITY COUNTY,455,63 Years,248,120,128,211,101,110,20,10,10,0,0,0,4,3,1,13,6,7
TRINITY COUNTY,455,64 Years,247,113,134,205,94,111,22,10,12,5,0,5,4,3,1,11,6,5
TRINITY COUNTY,455,65 Years,240,116,124,203,100,103,27,12,15,2,0,2,2,1,1,6,3,3
TRINITY COUNTY,455,66 Years,239,117,122,211,100,111,17,10,7,1,0,1,3,2,1,7,5,2
TRINITY COUNTY,455,67 Years,237,117,120,208,102,106,19,11,8,0,0,0,4,1,3,6,3,3
TRINITY COUNTY,455,68 Years,241,120,121,209,103,106,20,10,10,0,0,0,4,2,2,8,5,3
TRINITY COUNTY,455,69 Years,232,120,112,200,102,98,23,12,11,0,0,0,2,2,0,7,4,3
TRINITY COUNTY,455,70 Years,228,117,111,202,104,98,17,7,10,0,0,0,3,1,2,6,5,1
TRINITY COUNTY,455,71 Years,196,106,90,173,95,78,13,5,8,0,0,0,4,1,3,6,5,1
TRINITY COUNTY,455,72 Years,191,96,95,169,84,85,15,6,9,1,1,0,1,1,0,5,4,1
TRINITY COUNTY,455,73 Years,192,93,99,173,85,88,9,3,6,0,0,0,4,2,2,6,3,3
TRINITY COUNTY,455,74 Years,196,86,110,171,83,88,15,3,12,0,0,0,5,0,5,5,0,5
TRINITY COUNTY,455,75 Years,189,91,98,169,82,87,13,6,7,0,0,0,2,1,1,5,2,3
TRINITY COUNTY,455,76 Years,175,76,99,162,69,93,8,4,4,0,0,0,2,1,1,3,2,1
TRINITY COUNTY,455,77 Years,155,69,86,141,61,80,8,4,4,0,0,0,3,1,2,3,3,0
TRINITY COUNTY,455,78 Years,145,79,66,135,73,62,6,3,3,1,0,1,0,0,0,3,3,0
TRINITY COUNTY,455,79 Years,130,67,63,117,62,55,8,3,5,0,0,0,1,0,1,4,2,2
TRINITY COUNTY,455,80 Years,115,58,57,102,50,52,8,4,4,0,0,0,1,1,0,4,3,1
TRINITY COUNTY,455,81 Years,102,52,50,87,43,44,8,3,5,0,0,0,1,1,0,6,5,1
TRINITY COUNTY,455,82 Years,96,44,52,83,37,46,7,3,4,0,0,0,1,0,1,5,4,1
TRINITY COUNTY,455,83 Years,80,31,49,70,27,43,5,2,3,1,0,1,1,1,0,3,1,2
TRINITY COUNTY,455,84 Years,81,35,46,70,32,38,9,2,7,0,0,0,0,0,0,2,1,1
TRINITY COUNTY,455,85 Years,66,30,36,59,26,33,5,2,3,0,0,0,0,0,0,2,2,0
TRINITY COUNTY,455,86 Years,55,26,29,48,22,26,3,3,0,1,0,1,2,0,2,1,1,0
TRINITY COUNTY,455,87 Years,53,25,28,46,23,23,5,1,4,1,0,1,1,1,0,0,0,0
TRINITY COUNTY,455,88 Years,44,21,23,40,18,22,4,3,1,0,0,0,0,0,0,0,0,0
TRINITY COUNTY,455,89 Years,43,18,25,37,16,21,6,2,4,0,0,0,0,0,0,0,0,0
TRINITY COUNTY,455,90 Years,33,15,18,27,12,15,4,2,2,1,1,0,0,0,0,1,0,1
TRINITY COUNTY,455,91 Years,26,11,15,21,10,11,5,1,4,0,0,0,0,0,0,0,0,0
TRINITY COUNTY,455,92 Years,18,6,12,14,5,9,4,1,3,0,0,0,0,0,0,0,0,0
TRINITY COUNTY,455,93 Years,15,5,10,12,4,8,3,1,2,0,0,0,0,0,0,0,0,0
TRINITY COUNTY,455,94 Years,10,3,7,8,3,5,1,0,1,0,0,0,1,0,1,0,0,0
TRINITY COUNTY,455,95 Years +,23,8,15,14,6,8,6,1,5,0,0,0,2,0,2,1,1,0
TYLER COUNTY,457,All Ages,22367,12112,10255,17665,8938,8727,2556,1642,914,57,25,32,469,243,226,1620,1264,356
TYLER COUNTY,457,< 1 Year,221,113,108,168,83,85,23,15,8,0,0,0,19,11,8,11,4,7
TYLER COUNTY,457,1 Years,224,113,111,177,88,89,21,11,10,0,0,0,15,10,5,11,4,7
TYLER COUNTY,457,2 Years,236,113,123,181,85,96,24,15,9,0,0,0,17,8,9,14,5,9
TYLER COUNTY,457,3 Years,245,124,121,192,94,98,26,17,9,1,0,1,13,6,7,13,7,6
TYLER COUNTY,457,4 Years,255,134,121,195,100,95,30,20,10,1,0,1,16,8,8,13,6,7
TYLER COUNTY,457,5 Years,259,136,123,199,105,94,27,16,11,1,0,1,16,7,9,16,8,8
TYLER COUNTY,457,6 Years,260,139,121,198,102,96,31,19,12,1,1,0,11,6,5,19,11,8
TYLER COUNTY,457,7 Years,267,136,131,201,107,94,33,19,14,1,1,0,11,3,8,21,6,15
TYLER COUNTY,457,8 Years,236,133,103,171,92,79,32,20,12,1,1,0,8,4,4,24,16,8
TYLER COUNTY,457,9 Years,231,116,115,179,87,92,24,11,13,1,1,0,11,6,5,16,11,5
TYLER COUNTY,457,10 Years,249,129,120,191,97,94,33,19,14,0,0,0,8,4,4,17,9,8
TYLER COUNTY,457,11 Years,253,137,116,196,104,92,33,22,11,2,0,2,7,3,4,15,8,7
TYLER COUNTY,457,12 Years,258,133,125,191,90,101,39,29,10,2,1,1,5,3,2,21,10,11
TYLER COUNTY,457,13 Years,225,112,113,173,81,92,33,22,11,1,1,0,5,1,4,13,7,6
TYLER COUNTY,457,14 Years,217,113,104,166,86,80,33,20,13,1,0,1,3,1,2,14,6,8
TYLER COUNTY,457,15 Years,232,120,112,179,91,88,35,20,15,1,0,1,7,4,3,10,5,5
TYLER COUNTY,457,16 Years,221,120,101,170,93,77,22,11,11,2,1,1,12,6,6,15,9,6
TYLER COUNTY,457,17 Years,230,121,109,179,91,88,28,15,13,1,1,0,11,7,4,11,7,4
TYLER COUNTY,457,18 Years,252,142,110,189,101,88,32,22,10,1,0,1,14,7,7,16,12,4
TYLER COUNTY,457,19 Years,213,129,84,145,81,64,33,25,8,1,0,1,10,3,7,24,20,4
TYLER COUNTY,457,20 Years,237,146,91,163,93,70,34,25,9,0,0,0,9,5,4,31,23,8
TYLER COUNTY,457,21 Years,272,180,92,168,99,69,40,29,11,0,0,0,11,5,6,53,47,6
TYLER COUNTY,457,22 Years,289,190,99,184,101,83,42,32,10,0,0,0,7,3,4,56,54,2
TYLER COUNTY,457,23 Years,319,202,117,210,113,97,46,33,13,1,1,0,6,4,2,56,51,5
TYLER COUNTY,457,24 Years,321,216,105,203,121,82,49,37,12,1,1,0,10,6,4,58,51,7
TYLER COUNTY,457,25 Years,322,208,114,215,127,88,48,31,17,0,0,0,6,4,2,53,46,7
TYLER COUNTY,457,26 Years,368,252,116,229,138,91,58,43,15,0,0,0,7,1,6,74,70,4
TYLER COUNTY,457,27 Years,293,194,99,191,108,83,50,40,10,0,0,0,2,0,2,50,46,4
TYLER COUNTY,457,28 Years,300,199,101,200,110,90,49,42,7,0,0,0,1,0,1,50,47,3
TYLER COUNTY,457,29 Years,312,213,99,200,115,85,60,51,9,0,0,0,5,2,3,47,45,2
TYLER COUNTY,457,30 Years,295,196,99,190,108,82,58,44,14,1,1,0,4,2,2,42,41,1
TYLER COUNTY,457,31 Years,273,178,95,176,94,82,58,48,10,0,0,0,2,1,1,37,35,2
TYLER COUNTY,457,32 Years,288,189,99,193,107,86,52,44,8,0,0,0,3,3,0,40,35,5
TYLER COUNTY,457,33 Years,296,186,110,197,102,95,57,49,8,0,0,0,3,1,2,39,34,5
TYLER COUNTY,457,34 Years,282,175,107,186,98,88,53,44,9,1,0,1,3,0,3,39,33,6
TYLER COUNTY,457,35 Years,273,158,115,184,86,98,46,39,7,0,0,0,8,3,5,35,30,5
TYLER COUNTY,457,36 Years,263,157,106,174,91,83,46,35,11,0,0,0,3,1,2,40,30,10
TYLER COUNTY,457,37 Years,270,171,99,191,106,85,41,32,9,0,0,0,5,5,0,33,28,5
TYLER COUNTY,457,38 Years,258,155,103,188,98,90,35,27,8,1,0,1,2,2,0,32,28,4
TYLER COUNTY,457,39 Years,262,170,92,197,114,83,38,34,4,0,0,0,3,3,0,24,19,5
TYLER COUNTY,457,40 Years,264,162,102,192,101,91,46,39,7,1,1,0,1,1,0,24,20,4
TYLER COUNTY,457,41 Years,248,145,103,190,101,89,35,24,11,1,1,0,2,2,0,20,17,3
TYLER COUNTY,457,42 Years,230,136,94,178,98,80,29,20,9,0,0,0,4,3,1,19,15,4
TYLER COUNTY,457,43 Years,237,131,106,190,97,93,25,18,7,1,0,1,5,3,2,16,13,3
TYLER COUNTY,457,44 Years,238,135,103,186,102,84,27,17,10,3,1,2,4,3,1,18,12,6
TYLER COUNTY,457,45 Years,241,142,99,188,101,87,27,18,9,1,1,0,4,3,1,21,19,2
TYLER COUNTY,457,46 Years,246,141,105,203,110,93,24,17,7,0,0,0,6,2,4,13,12,1
TYLER COUNTY,457,47 Years,250,139,111,203,104,99,23,18,5,0,0,0,6,3,3,18,14,4
TYLER COUNTY,457,48 Years,250,124,126,208,95,113,22,15,7,1,0,1,3,2,1,16,12,4
TYLER COUNTY,457,49 Years,273,137,136,229,109,120,24,15,9,1,0,1,5,4,1,14,9,5
TYLER COUNTY,457,50 Years,276,145,131,232,116,116,28,15,13,2,2,0,1,1,0,13,11,2
TYLER COUNTY,457,51 Years,276,138,138,224,108,116,33,14,19,0,0,0,2,1,1,17,15,2
TYLER COUNTY,457,52 Years,285,148,137,234,116,118,25,14,11,0,0,0,4,1,3,22,17,5
TYLER COUNTY,457,53 Years,260,135,125,220,112,108,24,14,10,0,0,0,4,1,3,12,8,4
TYLER COUNTY,457,54 Years,294,150,144,252,126,126,25,13,12,0,0,0,6,3,3,11,8,3
TYLER COUNTY,457,55 Years,303,141,162,265,122,143,28,13,15,0,0,0,2,1,1,8,5,3
TYLER COUNTY,457,56 Years,319,143,176,279,127,152,31,12,19,2,0,2,3,1,2,4,3,1
TYLER COUNTY,457,57 Years,306,145,161,266,130,136,26,10,16,1,0,1,3,0,3,10,5,5
TYLER COUNTY,457,58 Years,313,156,157,276,139,137,25,11,14,1,0,1,2,1,1,9,5,4
TYLER COUNTY,457,59 Years,307,169,138,271,153,118,25,11,14,1,0,1,1,0,1,9,5,4
TYLER COUNTY,457,60 Years,291,145,146,252,130,122,27,11,16,2,0,2,2,0,2,8,4,4
TYLER COUNTY,457,61 Years,310,150,160,274,133,141,24,10,14,1,1,0,5,1,4,6,5,1
TYLER COUNTY,457,62 Years,315,151,164,285,135,150,22,11,11,0,0,0,4,1,3,4,4,0
TYLER COUNTY,457,63 Years,315,157,158,276,136,140,22,11,11,2,1,1,6,4,2,9,5,4
TYLER COUNTY,457,64 Years,318,167,151,288,153,135,16,7,9,1,1,0,3,1,2,10,5,5
TYLER COUNTY,457,65 Years,302,149,153,272,136,136,19,6,13,1,1,0,6,3,3,4,3,1
TYLER COUNTY,457,66 Years,303,149,154,271,135,136,23,8,15,1,1,0,3,2,1,5,3,2
TYLER COUNTY,457,67 Years,277,131,146,247,117,130,20,9,11,0,0,0,3,2,1,7,3,4
TYLER COUNTY,457,68 Years,260,114,146,239,105,134,14,5,9,0,0,0,4,3,1,3,1,2
TYLER COUNTY,457,69 Years,274,123,151,253,113,140,17,7,10,0,0,0,3,2,1,1,1,0
TYLER COUNTY,457,70 Years,297,144,153,276,132,144,15,8,7,1,0,1,3,3,0,2,1,1
TYLER COUNTY,457,71 Years,245,112,133,221,101,120,13,4,9,1,0,1,4,3,1,6,4,2
TYLER COUNTY,457,72 Years,243,123,120,220,112,108,13,4,9,1,0,1,2,1,1,7,6,1
TYLER COUNTY,457,73 Years,257,123,134,237,117,120,14,3,11,2,1,1,2,0,2,2,2,0
TYLER COUNTY,457,74 Years,238,110,128,222,102,120,10,4,6,1,1,0,2,1,1,3,2,1
TYLER COUNTY,457,75 Years,230,108,122,212,99,113,13,7,6,0,0,0,3,2,1,2,0,2
TYLER COUNTY,457,76 Years,201,93,108,179,82,97,17,8,9,0,0,0,2,2,0,3,1,2
TYLER COUNTY,457,77 Years,187,86,101,165,76,89,16,8,8,0,0,0,3,1,2,3,1,2
TYLER COUNTY,457,78 Years,152,76,76,131,66,65,15,6,9,1,1,0,1,1,0,4,2,2
TYLER COUNTY,457,79 Years,147,70,77,127,62,65,14,4,10,0,0,0,3,2,1,3,2,1
TYLER COUNTY,457,80 Years,145,63,82,124,52,72,14,6,8,1,0,1,2,2,0,4,3,1
TYLER COUNTY,457,81 Years,144,70,74,124,60,64,13,6,7,1,0,1,3,2,1,3,2,1
TYLER COUNTY,457,82 Years,151,69,82,132,59,73,12,5,7,0,0,0,4,3,1,3,2,1
TYLER COUNTY,457,83 Years,122,59,63,106,50,56,11,5,6,0,0,0,1,1,0,4,3,1
TYLER COUNTY,457,84 Years,106,43,63,92,39,53,10,3,7,0,0,0,1,0,1,3,1,2
TYLER COUNTY,457,85 Years,97,44,53,89,39,50,4,2,2,0,0,0,2,1,1,2,2,0
TYLER COUNTY,457,86 Years,77,37,40,71,32,39,4,3,1,0,0,0,0,0,0,2,2,0
TYLER COUNTY,457,87 Years,72,29,43,63,25,38,7,3,4,0,0,0,0,0,0,2,1,1
TYLER COUNTY,457,88 Years,61,21,40,52,17,35,7,2,5,0,0,0,1,1,0,1,1,0
TYLER COUNTY,457,89 Years,50,21,29,44,18,26,4,2,2,0,0,0,1,1,0,1,0,1
TYLER COUNTY,457,90 Years,41,19,22,36,15,21,3,3,0,0,0,0,1,1,0,1,0,1
TYLER COUNTY,457,91 Years,38,13,25,32,11,21,4,1,3,0,0,0,1,1,0,1,0,1
TYLER COUNTY,457,92 Years,29,11,18,24,9,15,4,2,2,0,0,0,0,0,0,1,0,1
TYLER COUNTY,457,93 Years,21,5,16,17,3,14,3,1,2,0,0,0,0,0,0,1,1,0
TYLER COUNTY,457,94 Years,13,4,9,13,4,9,0,0,0,0,0,0,0,0,0,0,0,0
TYLER COUNTY,457,95 Years +,45,13,32,34,9,25,8,2,6,0,0,0,1,0,1,2,2,0
UPSHUR COUNTY,459,All Ages,41175,20484,20691,32821,16324,16497,3295,1595,1700,169,73,96,1131,578,553,3759,1914,1845
UPSHUR COUNTY,459,< 1 Year,470,231,239,320,159,161,21,12,9,2,1,1,37,17,20,90,42,48
UPSHUR COUNTY,459,1 Years,458,230,228,314,157,157,22,12,10,2,1,1,27,15,12,93,45,48
UPSHUR COUNTY,459,2 Years,465,232,233,314,156,158,22,11,11,2,1,1,37,21,16,90,43,47
UPSHUR COUNTY,459,3 Years,468,243,225,317,161,156,25,14,11,3,2,1,35,21,14,88,45,43
UPSHUR COUNTY,459,4 Years,474,246,228,323,165,158,25,14,11,2,1,1,36,20,16,88,46,42
UPSHUR COUNTY,459,5 Years,472,239,233,322,164,158,26,14,12,3,1,2,28,12,16,93,48,45
UPSHUR COUNTY,459,6 Years,484,249,235,332,170,162,26,14,12,3,1,2,29,15,14,94,49,45
UPSHUR COUNTY,459,7 Years,447,211,236,301,148,153,26,10,16,3,0,3,27,11,16,90,42,48
UPSHUR COUNTY,459,8 Years,505,253,252,356,187,169,36,14,22,2,0,2,24,11,13,87,41,46
UPSHUR COUNTY,459,9 Years,527,293,234,381,219,162,38,20,18,2,1,1,18,9,9,88,44,44
UPSHUR COUNTY,459,10 Years,588,328,260,431,242,189,41,27,14,1,1,0,23,13,10,92,45,47
UPSHUR COUNTY,459,11 Years,573,314,259,417,236,181,33,17,16,2,0,2,25,13,12,96,48,48
UPSHUR COUNTY,459,12 Years,554,295,259,408,219,189,36,17,19,6,2,4,21,13,8,83,44,39
UPSHUR COUNTY,459,13 Years,527,286,241,402,227,175,40,19,21,5,2,3,16,6,10,64,32,32
UPSHUR COUNTY,459,14 Years,551,316,235,391,227,164,54,34,20,4,1,3,27,16,11,75,38,37
UPSHUR COUNTY,459,15 Years,572,310,262,411,223,188,58,32,26,4,2,2,22,13,9,77,40,37
UPSHUR COUNTY,459,16 Years,555,295,260,404,223,181,53,30,23,4,1,3,25,12,13,69,29,40
UPSHUR COUNTY,459,17 Years,565,294,271,419,231,188,59,27,32,1,0,1,27,13,14,59,23,36
UPSHUR COUNTY,459,18 Years,507,270,237,365,202,163,48,22,26,1,0,1,26,14,12,67,32,35
UPSHUR COUNTY,459,19 Years,449,246,203,319,176,143,47,24,23,0,0,0,19,12,7,64,34,30
UPSHUR COUNTY,459,20 Years,454,242,212,312,169,143,48,28,20,1,0,1,21,10,11,72,35,37
UPSHUR COUNTY,459,21 Years,431,236,195,306,160,146,45,25,20,1,1,0,19,9,10,60,41,19
UPSHUR COUNTY,459,22 Years,459,234,225,326,163,163,48,28,20,2,0,2,26,12,14,57,31,26
UPSHUR COUNTY,459,23 Years,500,266,234,358,185,173,48,31,17,4,2,2,23,10,13,67,38,29
UPSHUR COUNTY,459,24 Years,531,265,266,393,188,205,62,36,26,3,3,0,13,5,8,60,33,27
UPSHUR COUNTY,459,25 Years,541,279,262,401,200,201,68,41,27,2,2,0,10,4,6,60,32,28
UPSHUR COUNTY,459,26 Years,546,279,267,419,212,207,54,26,28,1,0,1,14,9,5,58,32,26
UPSHUR COUNTY,459,27 Years,572,273,299,454,217,237,53,21,32,3,3,0,14,10,4,48,22,26
UPSHUR COUNTY,459,28 Years,569,280,289,450,221,229,46,21,25,3,2,1,8,4,4,62,32,30
UPSHUR COUNTY,459,29 Years,486,235,251,393,187,206,32,15,17,1,0,1,7,5,2,53,28,25
UPSHUR COUNTY,459,30 Years,445,223,222,363,183,180,33,19,14,0,0,0,5,2,3,44,19,25
UPSHUR COUNTY,459,31 Years,449,220,229,361,182,179,42,18,24,0,0,0,8,3,5,38,17,21
UPSHUR COUNTY,459,32 Years,426,204,222,338,167,171,34,13,21,2,0,2,3,1,2,49,23,26
UPSHUR COUNTY,459,33 Years,440,221,219,348,172,176,32,18,14,0,0,0,5,4,1,55,27,28
UPSHUR COUNTY,459,34 Years,493,231,262,396,185,211,34,13,21,3,1,2,6,4,2,54,28,26
UPSHUR COUNTY,459,35 Years,501,249,252,393,192,201,35,11,24,1,1,0,8,4,4,64,41,23
UPSHUR COUNTY,459,36 Years,488,238,250,378,178,200,40,21,19,4,2,2,10,5,5,56,32,24
UPSHUR COUNTY,459,37 Years,498,239,259,396,186,210,39,21,18,5,4,1,5,2,3,53,26,27
UPSHUR COUNTY,459,38 Years,473,237,236,374,179,195,37,20,17,2,1,1,5,3,2,55,34,21
UPSHUR COUNTY,459,39 Years,448,216,232,358,165,193,34,19,15,2,2,0,5,3,2,49,27,22
UPSHUR COUNTY,459,40 Years,458,225,233,367,185,182,36,17,19,2,2,0,7,3,4,46,18,28
UPSHUR COUNTY,459,41 Years,482,238,244,385,192,193,37,17,20,3,1,2,17,9,8,40,19,21
UPSHUR COUNTY,459,42 Years,446,224,222,358,181,177,32,17,15,1,1,0,12,7,5,43,18,25
UPSHUR COUNTY,459,43 Years,437,228,209,353,176,177,30,18,12,2,2,0,10,8,2,42,24,18
UPSHUR COUNTY,459,44 Years,446,225,221,373,189,184,28,16,12,1,0,1,11,6,5,33,14,19
UPSHUR COUNTY,459,45 Years,519,256,263,434,215,219,31,11,20,1,0,1,10,5,5,43,25,18
UPSHUR COUNTY,459,46 Years,509,266,243,416,215,201,36,15,21,3,2,1,11,5,6,43,29,14
UPSHUR COUNTY,459,47 Years,499,251,248,411,206,205,39,19,20,3,0,3,6,2,4,40,24,16
UPSHUR COUNTY,459,48 Years,511,254,257,422,211,211,38,17,21,2,0,2,8,2,6,41,24,17
UPSHUR COUNTY,459,49 Years,523,264,259,423,212,211,46,23,23,2,2,0,7,2,5,45,25,20
UPSHUR COUNTY,459,50 Years,492,238,254,401,193,208,42,20,22,1,0,1,10,6,4,38,19,19
UPSHUR COUNTY,459,51 Years,492,245,247,411,211,200,41,19,22,1,0,1,8,5,3,31,10,21
UPSHUR COUNTY,459,52 Years,563,267,296,469,217,252,47,21,26,1,0,1,9,4,5,37,25,12
UPSHUR COUNTY,459,53 Years,590,276,314,493,232,261,50,20,30,4,3,1,10,4,6,33,17,16
UPSHUR COUNTY,459,54 Years,636,299,337,533,257,276,53,24,29,2,1,1,9,5,4,39,12,27
UPSHUR COUNTY,459,55 Years,638,312,326,527,258,269,62,32,30,1,1,0,11,7,4,37,14,23
UPSHUR COUNTY,459,56 Years,609,301,308,519,252,267,54,29,25,3,1,2,10,6,4,23,13,10
UPSHUR COUNTY,459,57 Years,620,293,327,536,252,284,48,18,30,3,1,2,7,3,4,26,19,7
UPSHUR COUNTY,459,58 Years,635,317,318,549,272,277,47,22,25,2,1,1,13,6,7,24,16,8
UPSHUR COUNTY,459,59 Years,611,302,309,525,264,261,46,20,26,5,2,3,13,5,8,22,11,11
UPSHUR COUNTY,459,60 Years,604,288,316,516,247,269,49,21,28,4,1,3,11,7,4,24,12,12
UPSHUR COUNTY,459,61 Years,609,300,309,529,263,266,46,23,23,3,1,2,6,4,2,25,9,16
UPSHUR COUNTY,459,62 Years,608,309,299,512,263,249,57,28,29,3,1,2,13,6,7,23,11,12
UPSHUR COUNTY,459,63 Years,546,255,291,464,219,245,50,20,30,3,1,2,12,7,5,17,8,9
UPSHUR COUNTY,459,64 Years,530,252,278,455,213,242,49,25,24,2,1,1,11,8,3,13,5,8
UPSHUR COUNTY,459,65 Years,518,253,265,458,222,236,37,19,18,3,2,1,8,5,3,12,5,7
UPSHUR COUNTY,459,66 Years,512,258,254,440,223,217,44,22,22,2,1,1,12,3,9,14,9,5
UPSHUR COUNTY,459,67 Years,491,232,259,434,207,227,36,16,20,0,0,0,9,2,7,12,7,5
UPSHUR COUNTY,459,68 Years,459,209,250,401,188,213,37,15,22,1,0,1,8,1,7,12,5,7
UPSHUR COUNTY,459,69 Years,483,242,241,416,207,209,45,24,21,0,0,0,9,5,4,13,6,7
UPSHUR COUNTY,459,70 Years,486,240,246,428,210,218,38,17,21,0,0,0,8,6,2,12,7,5
UPSHUR COUNTY,459,71 Years,369,178,191,322,158,164,29,11,18,0,0,0,9,4,5,9,5,4
UPSHUR COUNTY,459,72 Years,368,177,191,336,162,174,22,10,12,0,0,0,5,2,3,5,3,2
UPSHUR COUNTY,459,73 Years,380,178,202,329,159,170,34,11,23,1,0,1,8,4,4,8,4,4
UPSHUR COUNTY,459,74 Years,362,172,190,322,157,165,27,9,18,0,0,0,6,3,3,7,3,4
UPSHUR COUNTY,459,75 Years,326,152,174,294,138,156,21,8,13,0,0,0,5,2,3,6,4,2
UPSHUR COUNTY,459,76 Years,302,137,165,266,119,147,25,12,13,1,0,1,3,2,1,7,4,3
UPSHUR COUNTY,459,77 Years,265,118,147,233,105,128,19,6,13,1,0,1,6,4,2,6,3,3
UPSHUR COUNTY,459,78 Years,262,115,147,225,98,127,23,11,12,1,0,1,4,1,3,9,5,4
UPSHUR COUNTY,459,79 Years,253,110,143,224,99,125,18,7,11,1,0,1,3,2,1,7,2,5
UPSHUR COUNTY,459,80 Years,226,111,115,201,99,102,16,6,10,1,1,0,4,3,1,4,2,2
UPSHUR COUNTY,459,81 Years,200,93,107,181,84,97,14,6,8,1,1,0,3,2,1,1,0,1
UPSHUR COUNTY,459,82 Years,188,83,105,169,76,93,13,5,8,0,0,0,2,2,0,4,0,4
UPSHUR COUNTY,459,83 Years,156,79,77,138,72,66,11,4,7,1,0,1,4,2,2,2,1,1
UPSHUR COUNTY,459,84 Years,152,66,86,138,61,77,11,4,7,1,1,0,2,0,2,0,0,0
UPSHUR COUNTY,459,85 Years,146,64,82,131,56,75,10,4,6,0,0,0,3,2,1,2,2,0
UPSHUR COUNTY,459,86 Years,126,53,73,113,47,66,10,4,6,0,0,0,2,1,1,1,1,0
UPSHUR COUNTY,459,87 Years,105,49,56,93,44,49,10,4,6,0,0,0,1,0,1,1,1,0
UPSHUR COUNTY,459,88 Years,100,43,57,87,41,46,7,1,6,1,0,1,2,0,2,3,1,2
UPSHUR COUNTY,459,89 Years,80,34,46,68,31,37,7,2,5,1,0,1,2,0,2,2,1,1
UPSHUR COUNTY,459,90 Years,63,28,35,53,24,29,6,2,4,0,0,0,2,1,1,2,1,1
UPSHUR COUNTY,459,91 Years,52,22,30,42,17,25,6,2,4,0,0,0,1,1,0,3,2,1
UPSHUR COUNTY,459,92 Years,46,17,29,39,14,25,5,2,3,1,0,1,0,0,0,1,1,0
UPSHUR COUNTY,459,93 Years,36,12,24,30,10,20,5,2,3,0,0,0,1,0,1,0,0,0
UPSHUR COUNTY,459,94 Years,26,8,18,20,6,14,4,2,2,0,0,0,1,0,1,1,0,1
UPSHUR COUNTY,459,95 Years +,63,18,45,45,12,33,11,6,5,1,0,1,2,0,2,4,0,4
UPTON COUNTY,461,All Ages,3618,1838,1780,1540,781,759,45,18,27,0,0,0,53,29,24,1980,1010,970
UPTON COUNTY,461,< 1 Year,51,22,29,8,3,5,0,0,0,0,0,0,0,0,0,43,19,24
UPTON COUNTY,461,1 Years,53,25,28,10,4,6,0,0,0,0,0,0,0,0,0,43,21,22
UPTON COUNTY,461,2 Years,51,24,27,9,4,5,0,0,0,0,0,0,1,0,1,41,20,21
UPTON COUNTY,461,3 Years,50,25,25,10,5,5,0,0,0,0,0,0,2,1,1,38,19,19
UPTON COUNTY,461,4 Years,49,24,25,11,6,5,0,0,0,0,0,0,0,0,0,38,18,20
UPTON COUNTY,461,5 Years,52,27,25,12,7,5,0,0,0,0,0,0,0,0,0,40,20,20
UPTON COUNTY,461,6 Years,44,23,21,9,7,2,0,0,0,0,0,0,1,0,1,34,16,18
UPTON COUNTY,461,7 Years,44,17,27,8,3,5,0,0,0,0,0,0,1,1,0,35,13,22
UPTON COUNTY,461,8 Years,61,22,39,11,5,6,0,0,0,0,0,0,1,0,1,49,17,32
UPTON COUNTY,461,9 Years,58,28,30,12,7,5,1,0,1,0,0,0,2,0,2,43,21,22
UPTON COUNTY,461,10 Years,48,22,26,17,8,9,1,0,1,0,0,0,1,0,1,29,14,15
UPTON COUNTY,461,11 Years,44,20,24,16,8,8,1,0,1,0,0,0,0,0,0,27,12,15
UPTON COUNTY,461,12 Years,55,25,30,18,8,10,1,0,1,0,0,0,2,0,2,34,17,17
UPTON COUNTY,461,13 Years,68,40,28,25,11,14,2,0,2,0,0,0,1,0,1,40,29,11
UPTON COUNTY,461,14 Years,67,31,36,23,12,11,1,0,1,0,0,0,1,0,1,42,19,23
UPTON COUNTY,461,15 Years,59,25,34,22,10,12,0,0,0,0,0,0,0,0,0,37,15,22
UPTON COUNTY,461,16 Years,56,26,30,14,8,6,2,1,1,0,0,0,2,0,2,38,17,21
UPTON COUNTY,461,17 Years,48,28,20,18,10,8,1,0,1,0,0,0,2,2,0,27,16,11
UPTON COUNTY,461,18 Years,43,24,19,17,8,9,2,0,2,0,0,0,0,0,0,24,16,8
UPTON COUNTY,461,19 Years,52,35,17,19,11,8,1,0,1,0,0,0,2,2,0,30,22,8
UPTON COUNTY,461,20 Years,53,29,24,21,10,11,0,0,0,0,0,0,1,1,0,31,18,13
UPTON COUNTY,461,21 Years,40,22,18,19,10,9,0,0,0,0,0,0,0,0,0,21,12,9
UPTON COUNTY,461,22 Years,44,26,18,25,16,9,0,0,0,0,0,0,0,0,0,19,10,9
UPTON COUNTY,461,23 Years,42,25,17,20,11,9,0,0,0,0,0,0,0,0,0,22,14,8
UPTON COUNTY,461,24 Years,43,27,16,19,12,7,0,0,0,0,0,0,0,0,0,24,15,9
UPTON COUNTY,461,25 Years,54,32,22,18,12,6,0,0,0,0,0,0,2,2,0,34,18,16
UPTON COUNTY,461,26 Years,50,25,25,12,7,5,0,0,0,0,0,0,1,1,0,37,17,20
UPTON COUNTY,461,27 Years,49,26,23,12,7,5,0,0,0,0,0,0,0,0,0,37,19,18
UPTON COUNTY,461,28 Years,37,21,16,10,6,4,0,0,0,0,0,0,0,0,0,27,15,12
UPTON COUNTY,461,29 Years,29,12,17,8,2,6,0,0,0,0,0,0,2,2,0,19,8,11
UPTON COUNTY,461,30 Years,35,16,19,10,4,6,0,0,0,0,0,0,1,1,0,24,11,13
UPTON COUNTY,461,31 Years,39,20,19,12,8,4,0,0,0,0,0,0,1,0,1,26,12,14
UPTON COUNTY,461,32 Years,42,17,25,19,5,14,0,0,0,0,0,0,0,0,0,23,12,11
UPTON COUNTY,461,33 Years,41,25,16,14,5,9,1,1,0,0,0,0,0,0,0,26,19,7
UPTON COUNTY,461,34 Years,52,37,15,15,9,6,0,0,0,0,0,0,0,0,0,37,28,9
UPTON COUNTY,461,35 Years,47,26,21,17,9,8,1,1,0,0,0,0,2,1,1,27,15,12
UPTON COUNTY,461,36 Years,38,15,23,15,6,9,1,0,1,0,0,0,0,0,0,22,9,13
UPTON COUNTY,461,37 Years,46,20,26,22,9,13,0,0,0,0,0,0,1,1,0,23,10,13
UPTON COUNTY,461,38 Years,42,21,21,22,11,11,0,0,0,0,0,0,0,0,0,20,10,10
UPTON COUNTY,461,39 Years,51,27,24,25,11,14,0,0,0,0,0,0,1,1,0,25,15,10
UPTON COUNTY,461,40 Years,43,23,20,13,7,6,0,0,0,0,0,0,1,0,1,29,16,13
UPTON COUNTY,461,41 Years,50,29,21,17,9,8,2,1,1,0,0,0,0,0,0,31,19,12
UPTON COUNTY,461,42 Years,40,25,15,15,9,6,0,0,0,0,0,0,0,0,0,25,16,9
UPTON COUNTY,461,43 Years,35,21,14,14,7,7,0,0,0,0,0,0,1,0,1,20,14,6
UPTON COUNTY,461,44 Years,34,14,20,14,7,7,0,0,0,0,0,0,0,0,0,20,7,13
UPTON COUNTY,461,45 Years,30,14,16,15,9,6,0,0,0,0,0,0,0,0,0,15,5,10
UPTON COUNTY,461,46 Years,41,21,20,18,7,11,0,0,0,0,0,0,1,1,0,22,13,9
UPTON COUNTY,461,47 Years,34,16,18,17,7,10,0,0,0,0,0,0,0,0,0,17,9,8
UPTON COUNTY,461,48 Years,31,14,17,12,6,6,2,1,1,0,0,0,0,0,0,17,7,10
UPTON COUNTY,461,49 Years,27,11,16,11,4,7,2,1,1,0,0,0,0,0,0,14,6,8
UPTON COUNTY,461,50 Years,37,18,19,17,9,8,0,0,0,0,0,0,1,0,1,19,9,10
UPTON COUNTY,461,51 Years,43,25,18,25,14,11,1,1,0,0,0,0,0,0,0,17,10,7
UPTON COUNTY,461,52 Years,32,16,16,17,10,7,0,0,0,0,0,0,0,0,0,15,6,9
UPTON COUNTY,461,53 Years,43,19,24,23,13,10,0,0,0,0,0,0,1,0,1,19,6,13
UPTON COUNTY,461,54 Years,33,14,19,19,7,12,1,1,0,0,0,0,0,0,0,13,6,7
UPTON COUNTY,461,55 Years,34,16,18,20,8,12,1,1,0,0,0,0,0,0,0,13,7,6
UPTON COUNTY,461,56 Years,40,22,18,21,11,10,0,0,0,0,0,0,1,0,1,18,11,7
UPTON COUNTY,461,57 Years,51,25,26,26,15,11,0,0,0,0,0,0,0,0,0,25,10,15
UPTON COUNTY,461,58 Years,56,31,25,33,20,13,0,0,0,0,0,0,0,0,0,23,11,12
UPTON COUNTY,461,59 Years,62,37,25,38,22,16,1,1,0,0,0,0,0,0,0,23,14,9
UPTON COUNTY,461,60 Years,54,28,26,33,15,18,2,2,0,0,0,0,0,0,0,19,11,8
UPTON COUNTY,461,61 Years,55,29,26,35,18,17,2,1,1,0,0,0,0,0,0,18,10,8
UPTON COUNTY,461,62 Years,50,27,23,31,17,14,2,1,1,0,0,0,1,0,1,16,9,7
UPTON COUNTY,461,63 Years,47,23,24,27,13,14,0,0,0,0,0,0,1,0,1,19,10,9
UPTON COUNTY,461,64 Years,45,25,20,23,14,9,1,1,0,0,0,0,1,1,0,20,9,11
UPTON COUNTY,461,65 Years,36,16,20,20,11,9,0,0,0,0,0,0,0,0,0,16,5,11
UPTON COUNTY,461,66 Years,28,10,18,14,5,9,2,0,2,0,0,0,0,0,0,12,5,7
UPTON COUNTY,461,67 Years,36,14,22,14,6,8,2,0,2,0,0,0,0,0,0,20,8,12
UPTON COUNTY,461,68 Years,37,17,20,20,11,9,0,0,0,0,0,0,1,1,0,16,5,11
UPTON COUNTY,461,69 Years,34,19,15,21,11,10,0,0,0,0,0,0,1,0,1,12,8,4
UPTON COUNTY,461,70 Years,40,24,16,25,12,13,0,0,0,0,0,0,3,3,0,12,9,3
UPTON COUNTY,461,71 Years,27,14,13,18,8,10,0,0,0,0,0,0,1,1,0,8,5,3
UPTON COUNTY,461,72 Years,25,15,10,20,12,8,0,0,0,0,0,0,1,1,0,4,2,2
UPTON COUNTY,461,73 Years,29,18,11,16,12,4,0,0,0,0,0,0,0,0,0,13,6,7
UPTON COUNTY,461,74 Years,27,16,11,16,9,7,0,0,0,0,0,0,0,0,0,11,7,4
UPTON COUNTY,461,75 Years,27,13,14,18,8,10,0,0,0,0,0,0,1,1,0,8,4,4
UPTON COUNTY,461,76 Years,26,13,13,15,8,7,0,0,0,0,0,0,0,0,0,11,5,6
UPTON COUNTY,461,77 Years,23,12,11,16,9,7,0,0,0,0,0,0,0,0,0,7,3,4
UPTON COUNTY,461,78 Years,23,13,10,17,10,7,0,0,0,0,0,0,0,0,0,6,3,3
UPTON COUNTY,461,79 Years,24,15,9,13,6,7,0,0,0,0,0,0,2,2,0,9,7,2
UPTON COUNTY,461,80 Years,25,12,13,14,5,9,0,0,0,0,0,0,2,1,1,9,6,3
UPTON COUNTY,461,81 Years,16,6,10,11,3,8,1,0,1,0,0,0,0,0,0,4,3,1
UPTON COUNTY,461,82 Years,16,8,8,12,5,7,0,0,0,0,0,0,0,0,0,4,3,1
UPTON COUNTY,461,83 Years,19,8,11,13,5,8,0,0,0,0,0,0,1,1,0,5,2,3
UPTON COUNTY,461,84 Years,19,8,11,9,5,4,0,0,0,0,0,0,0,0,0,10,3,7
UPTON COUNTY,461,85 Years,14,4,10,8,3,5,0,0,0,0,0,0,0,0,0,6,1,5
UPTON COUNTY,461,86 Years,12,5,7,8,3,5,1,1,0,0,0,0,0,0,0,3,1,2
UPTON COUNTY,461,87 Years,11,7,4,5,4,1,1,1,0,0,0,0,0,0,0,5,2,3
UPTON COUNTY,461,88 Years,12,5,7,5,3,2,2,1,1,0,0,0,0,0,0,5,1,4
UPTON COUNTY,461,89 Years,10,4,6,5,3,2,1,0,1,0,0,0,0,0,0,4,1,3
UPTON COUNTY,461,90 Years,9,3,6,5,2,3,0,0,0,0,0,0,0,0,0,4,1,3
UPTON COUNTY,461,91 Years,9,4,5,5,2,3,1,0,1,0,0,0,0,0,0,3,2,1
UPTON COUNTY,461,92 Years,9,3,6,4,1,3,1,0,1,0,0,0,0,0,0,4,2,2
UPTON COUNTY,461,93 Years,5,2,3,4,2,2,0,0,0,0,0,0,0,0,0,1,0,1
UPTON COUNTY,461,94 Years,3,2,1,3,2,1,0,0,0,0,0,0,0,0,0,0,0,0
UPTON COUNTY,461,95 Years +,13,3,10,8,2,6,0,0,0,0,0,0,0,0,0,5,1,4
UVALDE COUNTY,463,All Ages,27724,13577,14147,7184,3549,3635,116,72,44,123,54,69,259,126,133,20042,9776,10266
UVALDE COUNTY,463,< 1 Year,358,169,189,51,27,24,1,0,1,1,1,0,5,2,3,300,139,161
UVALDE COUNTY,463,1 Years,368,178,190,51,26,25,1,1,0,1,0,1,6,2,4,309,149,160
UVALDE COUNTY,463,2 Years,374,184,190,54,26,28,2,1,1,1,1,0,7,3,4,310,153,157
UVALDE COUNTY,463,3 Years,385,196,189,57,25,32,1,1,0,0,0,0,6,3,3,321,167,154
UVALDE COUNTY,463,4 Years,371,189,182,61,25,36,1,1,0,2,1,1,5,4,1,302,158,144
UVALDE COUNTY,463,5 Years,369,181,188,59,25,34,1,1,0,2,1,1,6,2,4,301,152,149
UVALDE COUNTY,463,6 Years,366,169,197,59,28,31,1,1,0,2,1,1,7,4,3,297,135,162
UVALDE COUNTY,463,7 Years,356,165,191,51,23,28,1,0,1,0,0,0,7,4,3,297,138,159
UVALDE COUNTY,463,8 Years,398,196,202,53,23,30,2,1,1,1,0,1,4,3,1,338,169,169
UVALDE COUNTY,463,9 Years,380,186,194,55,24,31,2,1,1,0,0,0,3,3,0,320,158,162
UVALDE COUNTY,463,10 Years,428,212,216,70,38,32,1,0,1,0,0,0,7,3,4,350,171,179
UVALDE COUNTY,463,11 Years,429,225,204,69,39,30,4,1,3,1,1,0,4,2,2,351,182,169
UVALDE COUNTY,463,12 Years,410,195,215,74,32,42,2,0,2,1,1,0,4,2,2,329,160,169
UVALDE COUNTY,463,13 Years,427,219,208,76,31,45,1,0,1,2,0,2,6,3,3,342,185,157
UVALDE COUNTY,463,14 Years,409,198,211,66,30,36,3,3,0,3,0,3,3,1,2,334,164,170
UVALDE COUNTY,463,15 Years,415,201,214,64,31,33,1,1,0,3,1,2,5,2,3,342,166,176
UVALDE COUNTY,463,16 Years,447,212,235,63,34,29,2,0,2,3,1,2,8,3,5,371,174,197
UVALDE COUNTY,463,17 Years,451,216,235,61,31,30,2,0,2,1,0,1,5,1,4,382,184,198
UVALDE COUNTY,463,18 Years,432,197,235,63,29,34,1,0,1,2,1,1,6,4,2,360,163,197
UVALDE COUNTY,463,19 Years,457,237,220,77,50,27,5,4,1,1,0,1,2,1,1,372,182,190
UVALDE COUNTY,463,20 Years,428,220,208,70,38,32,3,2,1,2,1,1,2,2,0,351,177,174
UVALDE COUNTY,463,21 Years,438,210,228,64,39,25,3,0,3,4,3,1,1,1,0,366,167,199
UVALDE COUNTY,463,22 Years,442,195,247,69,37,32,2,0,2,3,1,2,7,2,5,361,155,206
UVALDE COUNTY,463,23 Years,472,225,247,87,46,41,2,1,1,4,1,3,8,3,5,371,174,197
UVALDE COUNTY,463,24 Years,525,263,262,110,58,52,2,2,0,3,2,1,3,1,2,407,200,207
UVALDE COUNTY,463,25 Years,580,289,291,140,69,71,3,2,1,5,2,3,4,2,2,428,214,214
UVALDE COUNTY,463,26 Years,512,260,252,103,47,56,3,2,1,3,1,2,3,1,2,400,209,191
UVALDE COUNTY,463,27 Years,478,258,220,96,52,44,4,3,1,1,0,1,7,2,5,370,201,169
UVALDE COUNTY,463,28 Years,401,210,191,74,40,34,2,1,1,0,0,0,5,3,2,320,166,154
UVALDE COUNTY,463,29 Years,341,178,163,78,45,33,1,1,0,1,1,0,4,3,1,257,128,129
UVALDE COUNTY,463,30 Years,310,178,132,71,39,32,2,2,0,0,0,0,3,2,1,234,135,99
UVALDE COUNTY,463,31 Years,317,178,139,79,45,34,2,2,0,0,0,0,1,1,0,235,130,105
UVALDE COUNTY,463,32 Years,328,187,141,78,42,36,0,0,0,2,2,0,2,0,2,246,143,103
UVALDE COUNTY,463,33 Years,333,177,156,71,38,33,3,1,2,1,0,1,3,3,0,255,135,120
UVALDE COUNTY,463,34 Years,294,152,142,65,30,35,2,1,1,1,0,1,2,2,0,224,119,105
UVALDE COUNTY,463,35 Years,279,139,140,67,33,34,3,3,0,1,0,1,0,0,0,208,103,105
UVALDE COUNTY,463,36 Years,272,136,136,81,38,43,1,1,0,0,0,0,1,1,0,189,96,93
UVALDE COUNTY,463,37 Years,314,155,159,80,40,40,1,0,1,1,0,1,4,1,3,228,114,114
UVALDE COUNTY,463,38 Years,310,166,144,72,38,34,2,2,0,1,1,0,3,0,3,232,125,107
UVALDE COUNTY,463,39 Years,301,157,144,75,39,36,2,2,0,1,1,0,6,4,2,217,111,106
UVALDE COUNTY,463,40 Years,298,153,145,63,31,32,2,2,0,4,1,3,3,3,0,226,116,110
UVALDE COUNTY,463,41 Years,317,152,165,61,27,34,3,2,1,1,0,1,2,1,1,250,122,128
UVALDE COUNTY,463,42 Years,288,142,146,59,32,27,3,2,1,1,1,0,2,0,2,223,107,116
UVALDE COUNTY,463,43 Years,288,148,140,70,33,37,2,2,0,2,1,1,0,0,0,214,112,102
UVALDE COUNTY,463,44 Years,303,144,159,67,29,38,1,1,0,1,0,1,2,0,2,232,114,118
UVALDE COUNTY,463,45 Years,288,137,151,76,36,40,0,0,0,2,1,1,1,1,0,209,99,110
UVALDE COUNTY,463,46 Years,304,141,163,82,40,42,0,0,0,2,1,1,0,0,0,220,100,120
UVALDE COUNTY,463,47 Years,311,156,155,83,45,38,2,1,1,4,2,2,3,1,2,219,107,112
UVALDE COUNTY,463,48 Years,282,131,151,83,36,47,1,0,1,5,2,3,2,1,1,191,92,99
UVALDE COUNTY,463,49 Years,290,155,135,80,40,40,0,0,0,4,2,2,1,1,0,205,112,93
UVALDE COUNTY,463,50 Years,283,136,147,70,40,30,1,1,0,3,1,2,1,0,1,208,94,114
UVALDE COUNTY,463,51 Years,286,144,142,76,42,34,0,0,0,1,0,1,1,0,1,208,102,106
UVALDE COUNTY,463,52 Years,298,150,148,94,49,45,0,0,0,5,3,2,3,2,1,196,96,100
UVALDE COUNTY,463,53 Years,286,137,149,83,38,45,0,0,0,2,1,1,2,2,0,199,96,103
UVALDE COUNTY,463,54 Years,302,151,151,75,35,40,2,2,0,1,0,1,6,3,3,218,111,107
UVALDE COUNTY,463,55 Years,340,157,183,106,52,54,3,3,0,2,0,2,2,1,1,227,101,126
UVALDE COUNTY,463,56 Years,334,157,177,117,61,56,2,2,0,3,2,1,3,2,1,209,90,119
UVALDE COUNTY,463,57 Years,290,131,159,103,49,54,1,1,0,1,1,0,1,1,0,184,79,105
UVALDE COUNTY,463,58 Years,291,149,142,105,51,54,0,0,0,0,0,0,1,1,0,185,97,88
UVALDE COUNTY,463,59 Years,319,154,165,115,55,60,1,1,0,0,0,0,3,1,2,200,97,103
UVALDE COUNTY,463,60 Years,328,155,173,127,59,68,1,0,1,0,0,0,1,0,1,199,96,103
UVALDE COUNTY,463,61 Years,297,153,144,112,65,47,1,0,1,0,0,0,3,3,0,181,85,96
UVALDE COUNTY,463,62 Years,287,141,146,108,60,48,1,0,1,3,0,3,2,1,1,173,80,93
UVALDE COUNTY,463,63 Years,272,134,138,101,55,46,1,1,0,1,0,1,3,1,2,166,77,89
UVALDE COUNTY,463,64 Years,261,121,140,103,48,55,0,0,0,3,2,1,2,1,1,153,70,83
UVALDE COUNTY,463,65 Years,253,112,141,101,46,55,1,0,1,1,0,1,2,1,1,148,65,83
UVALDE COUNTY,463,66 Years,264,123,141,104,53,51,0,0,0,1,0,1,1,1,0,158,69,89
UVALDE COUNTY,463,67 Years,274,131,143,106,53,53,0,0,0,1,0,1,0,0,0,167,78,89
UVALDE COUNTY,463,68 Years,298,130,168,128,58,70,2,2,0,1,1,0,1,1,0,166,68,98
UVALDE COUNTY,463,69 Years,294,143,151,123,58,65,0,0,0,1,1,0,1,0,1,169,84,85
UVALDE COUNTY,463,70 Years,287,134,153,126,57,69,0,0,0,1,1,0,1,1,0,159,75,84
UVALDE COUNTY,463,71 Years,252,115,137,116,55,61,1,0,1,0,0,0,3,2,1,132,58,74
UVALDE COUNTY,463,72 Years,219,103,116,100,49,51,0,0,0,1,0,1,1,0,1,117,54,63
UVALDE COUNTY,463,73 Years,222,112,110,104,53,51,1,1,0,0,0,0,1,1,0,116,57,59
UVALDE COUNTY,463,74 Years,205,98,107,106,49,57,1,1,0,0,0,0,4,2,2,94,46,48
UVALDE COUNTY,463,75 Years,186,81,105,91,42,49,0,0,0,1,1,0,1,1,0,93,37,56
UVALDE COUNTY,463,76 Years,172,76,96,81,37,44,0,0,0,0,0,0,1,0,1,90,39,51
UVALDE COUNTY,463,77 Years,147,67,80,70,34,36,0,0,0,0,0,0,1,0,1,76,33,43
UVALDE COUNTY,463,78 Years,146,74,72,79,43,36,0,0,0,2,2,0,1,0,1,64,29,35
UVALDE COUNTY,463,79 Years,150,76,74,80,43,37,0,0,0,0,0,0,2,0,2,68,33,35
UVALDE COUNTY,463,80 Years,140,63,77,62,30,32,0,0,0,0,0,0,1,0,1,77,33,44
UVALDE COUNTY,463,81 Years,128,61,67,62,35,27,0,0,0,0,0,0,0,0,0,66,26,40
UVALDE COUNTY,463,82 Years,118,52,66,53,25,28,0,0,0,0,0,0,2,0,2,63,27,36
UVALDE COUNTY,463,83 Years,107,47,60,50,23,27,1,1,0,1,1,0,1,0,1,54,22,32
UVALDE COUNTY,463,84 Years,102,40,62,49,18,31,1,1,0,0,0,0,0,0,0,52,21,31
UVALDE COUNTY,463,85 Years,96,39,57,47,18,29,0,0,0,0,0,0,0,0,0,49,21,28
UVALDE COUNTY,463,86 Years,76,33,43,37,18,19,0,0,0,0,0,0,2,1,1,37,14,23
UVALDE COUNTY,463,87 Years,78,36,42,37,16,21,0,0,0,0,0,0,2,1,1,39,19,20
UVALDE COUNTY,463,88 Years,66,29,37,33,15,18,1,0,1,0,0,0,1,0,1,31,14,17
UVALDE COUNTY,463,89 Years,59,26,33,32,15,17,0,0,0,0,0,0,0,0,0,27,11,16
UVALDE COUNTY,463,90 Years,47,20,27,28,13,15,0,0,0,0,0,0,0,0,0,19,7,12
UVALDE COUNTY,463,91 Years,38,15,23,20,8,12,0,0,0,0,0,0,1,0,1,17,7,10
UVALDE COUNTY,463,92 Years,37,15,22,20,8,12,0,0,0,0,0,0,0,0,0,17,7,10
UVALDE COUNTY,463,93 Years,31,15,16,17,8,9,0,0,0,0,0,0,0,0,0,14,7,7
UVALDE COUNTY,463,94 Years,30,9,21,14,4,10,0,0,0,0,0,0,1,0,1,15,5,10
UVALDE COUNTY,463,95 Years +,54,15,39,25,7,18,1,0,1,0,0,0,2,1,1,26,7,19
VAL VERDE COUNTY,465,All Ages,50431,25680,24751,7921,4351,3570,619,361,258,224,98,126,474,258,216,41193,20612,20581
VAL VERDE COUNTY,465,< 1 Year,851,437,414,116,65,51,5,3,2,1,1,0,13,8,5,716,360,356
VAL VERDE COUNTY,465,1 Years,841,429,412,111,58,53,4,2,2,1,1,0,15,9,6,710,359,351
VAL VERDE COUNTY,465,2 Years,865,435,430,120,63,57,6,4,2,1,1,0,13,9,4,725,358,367
VAL VERDE COUNTY,465,3 Years,855,438,417,121,64,57,4,2,2,2,1,1,16,11,5,712,360,352
VAL VERDE COUNTY,465,4 Years,833,431,402,122,65,57,6,4,2,1,1,0,16,11,5,688,350,338
VAL VERDE COUNTY,465,5 Years,822,426,396,119,64,55,4,2,2,1,1,0,14,8,6,684,351,333
VAL VERDE COUNTY,465,6 Years,813,413,400,118,62,56,4,2,2,1,1,0,12,7,5,678,341,337
VAL VERDE COUNTY,465,7 Years,692,354,338,94,49,45,4,3,1,1,1,0,7,4,3,586,297,289
VAL VERDE COUNTY,465,8 Years,801,409,392,97,53,44,9,3,6,5,5,0,10,4,6,680,344,336
VAL VERDE COUNTY,465,9 Years,804,413,391,95,49,46,10,4,6,2,2,0,8,4,4,689,354,335
VAL VERDE COUNTY,465,10 Years,748,359,389,81,41,40,4,2,2,3,2,1,7,2,5,653,312,341
VAL VERDE COUNTY,465,11 Years,786,371,415,83,41,42,7,3,4,2,1,1,9,3,6,685,323,362
VAL VERDE COUNTY,465,12 Years,818,408,410,87,47,40,8,4,4,5,3,2,5,1,4,713,353,360
VAL VERDE COUNTY,465,13 Years,776,404,372,75,40,35,8,3,5,5,2,3,7,4,3,681,355,326
VAL VERDE COUNTY,465,14 Years,729,371,358,74,38,36,9,2,7,4,1,3,7,4,3,635,326,309
VAL VERDE COUNTY,465,15 Years,751,375,376,72,37,35,14,7,7,4,1,3,5,1,4,656,329,327
VAL VERDE COUNTY,465,16 Years,708,350,358,67,35,32,7,3,4,3,1,2,5,3,2,626,308,318
VAL VERDE COUNTY,465,17 Years,789,410,379,76,42,34,7,4,3,3,1,2,7,4,3,696,359,337
VAL VERDE COUNTY,465,18 Years,825,450,375,89,52,37,7,4,3,3,1,2,10,8,2,716,385,331
VAL VERDE COUNTY,465,19 Years,760,408,352,79,46,33,7,6,1,3,2,1,6,5,1,665,349,316
VAL VERDE COUNTY,465,20 Years,769,444,325,89,51,38,14,8,6,1,0,1,6,4,2,659,381,278
VAL VERDE COUNTY,465,21 Years,757,435,322,92,56,36,16,11,5,2,2,0,7,5,2,640,361,279
VAL VERDE COUNTY,465,22 Years,843,480,363,156,106,50,18,10,8,2,2,0,6,4,2,661,358,303
VAL VERDE COUNTY,465,23 Years,977,572,405,251,186,65,18,11,7,4,3,1,16,13,3,688,359,329
VAL VERDE COUNTY,465,24 Years,966,565,401,228,174,54,18,13,5,2,2,0,6,4,2,712,372,340
VAL VERDE COUNTY,465,25 Years,864,516,348,150,99,51,13,9,4,1,1,0,8,5,3,692,402,290
VAL VERDE COUNTY,465,26 Years,779,427,352,138,65,73,12,6,6,1,1,0,8,4,4,620,351,269
VAL VERDE COUNTY,465,27 Years,734,399,335,136,73,63,20,14,6,0,0,0,6,0,6,572,312,260
VAL VERDE COUNTY,465,28 Years,681,376,305,120,69,51,8,4,4,0,0,0,18,9,9,535,294,241
VAL VERDE COUNTY,465,29 Years,663,353,310,93,48,45,13,5,8,1,0,1,11,4,7,545,296,249
VAL VERDE COUNTY,465,30 Years,657,356,301,97,43,54,15,11,4,6,5,1,9,5,4,530,292,238
VAL VERDE COUNTY,465,31 Years,661,367,294,79,45,34,7,5,2,6,5,1,5,0,5,564,312,252
VAL VERDE COUNTY,465,32 Years,639,351,288,91,54,37,7,4,3,4,3,1,5,1,4,532,289,243
VAL VERDE COUNTY,465,33 Years,615,326,289,88,51,37,7,4,3,3,2,1,7,3,4,510,266,244
VAL VERDE COUNTY,465,34 Years,576,319,257,89,51,38,6,4,2,3,0,3,4,3,1,474,261,213
VAL VERDE COUNTY,465,35 Years,620,319,301,84,47,37,5,4,1,6,3,3,5,4,1,520,261,259
VAL VERDE COUNTY,465,36 Years,630,325,305,87,53,34,7,4,3,7,2,5,5,3,2,524,263,261
VAL VERDE COUNTY,465,37 Years,613,329,284,93,58,35,7,3,4,4,2,2,5,3,2,504,263,241
VAL VERDE COUNTY,465,38 Years,568,311,257,99,62,37,10,5,5,2,1,1,2,1,1,455,242,213
VAL VERDE COUNTY,465,39 Years,576,315,261,87,56,31,7,3,4,7,0,7,2,1,1,473,255,218
VAL VERDE COUNTY,465,40 Years,550,286,264,80,49,31,7,2,5,4,0,4,5,3,2,454,232,222
VAL VERDE COUNTY,465,41 Years,547,276,271,70,34,36,6,2,4,4,2,2,4,3,1,463,235,228
VAL VERDE COUNTY,465,42 Years,580,289,291,75,32,43,7,3,4,2,1,1,4,2,2,492,251,241
VAL VERDE COUNTY,465,43 Years,607,297,310,77,37,40,7,4,3,2,1,1,6,3,3,515,252,263
VAL VERDE COUNTY,465,44 Years,607,297,310,71,35,36,5,3,2,7,2,5,4,1,3,520,256,264
VAL VERDE COUNTY,465,45 Years,575,268,307,81,38,43,7,3,4,5,1,4,3,0,3,479,226,253
VAL VERDE COUNTY,465,46 Years,536,258,278,77,41,36,7,4,3,5,2,3,1,0,1,446,211,235
VAL VERDE COUNTY,465,47 Years,551,278,273,81,49,32,6,4,2,4,2,2,1,1,0,459,222,237
VAL VERDE COUNTY,465,48 Years,554,281,273,87,47,40,6,3,3,2,1,1,5,3,2,454,227,227
VAL VERDE COUNTY,465,49 Years,548,273,275,82,38,44,6,4,2,6,3,3,5,2,3,449,226,223
VAL VERDE COUNTY,465,50 Years,526,258,268,96,48,48,6,4,2,3,1,2,4,1,3,417,204,213
VAL VERDE COUNTY,465,51 Years,543,276,267,91,52,39,10,5,5,2,1,1,2,0,2,438,218,220
VAL VERDE COUNTY,465,52 Years,552,271,281,90,48,42,6,1,5,2,1,1,1,1,0,453,220,233
VAL VERDE COUNTY,465,53 Years,531,269,262,82,49,33,6,5,1,1,0,1,3,1,2,439,214,225
VAL VERDE COUNTY,465,54 Years,547,257,290,90,48,42,7,4,3,5,1,4,4,1,3,441,203,238
VAL VERDE COUNTY,465,55 Years,513,237,276,80,41,39,6,5,1,5,1,4,3,1,2,419,189,230
VAL VERDE COUNTY,465,56 Years,501,240,261,85,46,39,8,4,4,2,2,0,3,2,1,403,186,217
VAL VERDE COUNTY,465,57 Years,493,225,268,98,47,51,9,7,2,1,1,0,3,2,1,382,168,214
VAL VERDE COUNTY,465,58 Years,477,218,259,89,47,42,7,6,1,1,0,1,3,1,2,377,164,213
VAL VERDE COUNTY,465,59 Years,479,238,241,93,48,45,8,6,2,3,1,2,5,3,2,370,180,190
VAL VERDE COUNTY,465,60 Years,461,240,221,93,50,43,9,7,2,2,0,2,1,1,0,356,182,174
VAL VERDE COUNTY,465,61 Years,461,216,245,93,47,46,8,4,4,2,0,2,2,2,0,356,163,193
VAL VERDE COUNTY,465,62 Years,438,203,235,73,42,31,11,7,4,3,0,3,5,2,3,346,152,194
VAL VERDE COUNTY,465,63 Years,436,188,248,84,40,44,7,5,2,1,0,1,3,1,2,341,142,199
VAL VERDE COUNTY,465,64 Years,463,208,255,93,48,45,4,4,0,3,0,3,4,3,1,359,153,206
VAL VERDE COUNTY,465,65 Years,434,207,227,96,52,44,4,3,1,2,0,2,3,2,1,329,150,179
VAL VERDE COUNTY,465,66 Years,447,204,243,97,53,44,4,2,2,1,0,1,6,1,5,339,148,191
VAL VERDE COUNTY,465,67 Years,415,190,225,86,45,41,4,4,0,2,1,1,2,0,2,321,140,181
VAL VERDE COUNTY,465,68 Years,435,200,235,84,45,39,8,5,3,2,1,1,3,1,2,338,148,190
VAL VERDE COUNTY,465,69 Years,460,209,251,82,44,38,9,6,3,1,0,1,5,3,2,363,156,207
VAL VERDE COUNTY,465,70 Years,412,203,209,96,52,44,4,3,1,1,0,1,3,2,1,308,146,162
VAL VERDE COUNTY,465,71 Years,390,193,197,89,50,39,4,3,1,4,3,1,2,2,0,291,135,156
VAL VERDE COUNTY,465,72 Years,367,178,189,87,42,45,1,0,1,4,2,2,1,1,0,274,133,141
VAL VERDE COUNTY,465,73 Years,376,178,198,94,44,50,3,3,0,2,0,2,2,2,0,275,129,146
VAL VERDE COUNTY,465,74 Years,310,156,154,66,35,31,3,2,1,0,0,0,4,4,0,237,115,122
VAL VERDE COUNTY,465,75 Years,289,139,150,56,30,26,6,3,3,0,0,0,1,1,0,226,105,121
VAL VERDE COUNTY,465,76 Years,294,145,149,60,26,34,5,3,2,0,0,0,2,1,1,227,115,112
VAL VERDE COUNTY,465,77 Years,277,124,153,60,24,36,2,1,1,1,0,1,0,0,0,214,99,115
VAL VERDE COUNTY,465,78 Years,259,117,142,52,22,30,2,1,1,3,1,2,4,2,2,198,91,107
VAL VERDE COUNTY,465,79 Years,258,126,132,65,31,34,3,2,1,1,1,0,2,1,1,187,91,96
VAL VERDE COUNTY,465,80 Years,241,114,127,58,32,26,3,2,1,1,1,0,1,1,0,178,78,100
VAL VERDE COUNTY,465,81 Years,233,105,128,48,26,22,5,3,2,2,0,2,2,1,1,176,75,101
VAL VERDE COUNTY,465,82 Years,183,85,98,46,26,20,4,3,1,0,0,0,3,1,2,130,55,75
VAL VERDE COUNTY,465,83 Years,166,73,93,35,18,17,0,0,0,1,0,1,3,2,1,127,53,74
VAL VERDE COUNTY,465,84 Years,160,70,90,37,20,17,0,0,0,0,0,0,3,1,2,120,49,71
VAL VERDE COUNTY,465,85 Years,141,62,79,29,14,15,0,0,0,0,0,0,1,1,0,111,47,64
VAL VERDE COUNTY,465,86 Years,128,48,80,25,11,14,2,1,1,1,0,1,0,0,0,100,36,64
VAL VERDE COUNTY,465,87 Years,125,52,73,20,9,11,1,0,1,1,0,1,1,1,0,102,42,60
VAL VERDE COUNTY,465,88 Years,102,41,61,19,8,11,0,0,0,1,0,1,0,0,0,82,33,49
VAL VERDE COUNTY,465,89 Years,80,29,51,16,8,8,0,0,0,0,0,0,1,0,1,63,21,42
VAL VERDE COUNTY,465,90 Years,68,26,42,14,6,8,1,0,1,1,0,1,1,1,0,51,19,32
VAL VERDE COUNTY,465,91 Years,54,18,36,13,4,9,0,0,0,1,0,1,0,0,0,40,14,26
VAL VERDE COUNTY,465,92 Years,43,17,26,9,5,4,2,0,2,0,0,0,0,0,0,32,12,20
VAL VERDE COUNTY,465,93 Years,41,13,28,8,4,4,0,0,0,1,0,1,0,0,0,32,9,23
VAL VERDE COUNTY,465,94 Years,34,12,22,6,2,4,0,0,0,0,0,0,0,0,0,28,10,18
VAL VERDE COUNTY,465,95 Years +,78,23,55,14,4,10,1,0,1,0,0,0,1,0,1,62,19,43
VAN ZANDT COUNTY,467,All Ages,55107,27150,27957,46256,22613,23643,1550,777,773,217,88,129,1325,651,674,5759,3021,2738
VAN ZANDT COUNTY,467,< 1 Year,703,360,343,543,289,254,21,10,11,4,1,3,32,12,20,103,48,55
VAN ZANDT COUNTY,467,1 Years,694,355,339,533,280,253,20,11,9,4,1,3,36,14,22,101,49,52
VAN ZANDT COUNTY,467,2 Years,677,349,328,514,268,246,21,12,9,5,0,5,33,12,21,104,57,47
VAN ZANDT COUNTY,467,3 Years,665,338,327,497,255,242,20,11,9,7,2,5,40,18,22,101,52,49
VAN ZANDT COUNTY,467,4 Years,661,347,314,490,260,230,20,11,9,10,5,5,41,20,21,100,51,49
VAN ZANDT COUNTY,467,5 Years,656,343,313,488,261,227,20,10,10,9,3,6,39,20,19,100,49,51
VAN ZANDT COUNTY,467,6 Years,652,343,309,490,264,226,19,11,8,7,3,4,26,13,13,110,52,58
VAN ZANDT COUNTY,467,7 Years,707,362,345,536,290,246,18,7,11,5,1,4,24,13,11,124,51,73
VAN ZANDT COUNTY,467,8 Years,653,336,317,488,254,234,13,5,8,4,2,2,22,12,10,126,63,63
VAN ZANDT COUNTY,467,9 Years,694,334,360,504,247,257,19,10,9,3,2,1,20,8,12,148,67,81
VAN ZANDT COUNTY,467,10 Years,677,324,353,523,244,279,19,10,9,2,2,0,14,6,8,119,62,57
VAN ZANDT COUNTY,467,11 Years,692,353,339,526,266,260,16,8,8,3,3,0,17,9,8,130,67,63
VAN ZANDT COUNTY,467,12 Years,701,342,359,529,260,269,16,9,7,3,2,1,24,13,11,129,58,71
VAN ZANDT COUNTY,467,13 Years,708,352,356,543,270,273,26,16,10,3,2,1,19,9,10,117,55,62
VAN ZANDT COUNTY,467,14 Years,729,382,347,554,301,253,24,16,8,2,1,1,18,6,12,131,58,73
VAN ZANDT COUNTY,467,15 Years,702,373,329,549,296,253,20,10,10,0,0,0,19,11,8,114,56,58
VAN ZANDT COUNTY,467,16 Years,720,363,357,552,277,275,25,14,11,2,1,1,28,11,17,113,60,53
VAN ZANDT COUNTY,467,17 Years,730,352,378,549,267,282,22,12,10,3,2,1,27,12,15,129,59,70
VAN ZANDT COUNTY,467,18 Years,653,340,313,505,264,241,16,8,8,3,0,3,25,11,14,104,57,47
VAN ZANDT COUNTY,467,19 Years,576,297,279,431,223,208,19,10,9,2,0,2,29,12,17,95,52,43
VAN ZANDT COUNTY,467,20 Years,542,293,249,400,210,190,20,15,5,2,2,0,20,10,10,100,56,44
VAN ZANDT COUNTY,467,21 Years,534,270,264,401,199,202,33,15,18,0,0,0,21,12,9,79,44,35
VAN ZANDT COUNTY,467,22 Years,558,291,267,431,222,209,23,8,15,3,3,0,26,17,9,75,41,34
VAN ZANDT COUNTY,467,23 Years,593,305,288,469,232,237,20,11,9,1,1,0,17,10,7,86,51,35
VAN ZANDT COUNTY,467,24 Years,656,339,317,501,251,250,32,18,14,1,1,0,24,18,6,98,51,47
VAN ZANDT COUNTY,467,25 Years,681,339,342,542,273,269,27,12,15,1,1,0,23,12,11,88,41,47
VAN ZANDT COUNTY,467,26 Years,681,337,344,548,275,273,23,7,16,1,1,0,13,5,8,96,49,47
VAN ZANDT COUNTY,467,27 Years,631,300,331,510,239,271,19,10,9,2,1,1,10,5,5,90,45,45
VAN ZANDT COUNTY,467,28 Years,624,301,323,509,246,263,16,10,6,1,0,1,9,4,5,89,41,48
VAN ZANDT COUNTY,467,29 Years,591,300,291,483,250,233,10,4,6,2,1,1,6,3,3,90,42,48
VAN ZANDT COUNTY,467,30 Years,561,270,291,458,219,239,11,5,6,1,1,0,6,3,3,85,42,43
VAN ZANDT COUNTY,467,31 Years,572,288,284,457,229,228,14,6,8,2,2,0,12,8,4,87,43,44
VAN ZANDT COUNTY,467,32 Years,581,286,295,471,227,244,16,10,6,1,0,1,12,5,7,81,44,37
VAN ZANDT COUNTY,467,33 Years,551,286,265,455,231,224,18,9,9,1,1,0,9,4,5,68,41,27
VAN ZANDT COUNTY,467,34 Years,616,316,300,498,244,254,18,12,6,2,0,2,12,7,5,86,53,33
VAN ZANDT COUNTY,467,35 Years,602,298,304,485,236,249,19,11,8,5,2,3,10,5,5,83,44,39
VAN ZANDT COUNTY,467,36 Years,602,302,300,516,256,260,10,7,3,2,1,1,9,4,5,65,34,31
VAN ZANDT COUNTY,467,37 Years,587,306,281,491,254,237,12,7,5,3,1,2,7,3,4,74,41,33
VAN ZANDT COUNTY,467,38 Years,570,306,264,467,243,224,10,5,5,2,1,1,5,2,3,86,55,31
VAN ZANDT COUNTY,467,39 Years,585,294,291,475,242,233,15,7,8,2,0,2,16,8,8,77,37,40
VAN ZANDT COUNTY,467,40 Years,599,286,313,496,230,266,13,8,5,6,2,4,13,7,6,71,39,32
VAN ZANDT COUNTY,467,41 Years,624,330,294,514,257,257,19,13,6,2,1,1,9,7,2,80,52,28
VAN ZANDT COUNTY,467,42 Years,598,313,285,498,256,242,16,7,9,1,1,0,10,7,3,73,42,31
VAN ZANDT COUNTY,467,43 Years,577,293,284,480,242,238,17,9,8,3,3,0,13,8,5,64,31,33
VAN ZANDT COUNTY,467,44 Years,621,305,316,527,253,274,16,8,8,4,1,3,12,6,6,62,37,25
VAN ZANDT COUNTY,467,45 Years,660,317,343,567,273,294,13,10,3,6,1,5,14,5,9,60,28,32
VAN ZANDT COUNTY,467,46 Years,682,331,351,580,283,297,21,10,11,6,1,5,9,3,6,66,34,32
VAN ZANDT COUNTY,467,47 Years,713,337,376,602,280,322,21,10,11,3,1,2,10,4,6,77,42,35
VAN ZANDT COUNTY,467,48 Years,683,325,358,593,271,322,11,6,5,5,2,3,6,2,4,68,44,24
VAN ZANDT COUNTY,467,49 Years,648,304,344,562,256,306,11,6,5,2,1,1,14,10,4,59,31,28
VAN ZANDT COUNTY,467,50 Years,650,317,333,561,275,286,13,5,8,0,0,0,15,10,5,61,27,34
VAN ZANDT COUNTY,467,51 Years,678,326,352,584,282,302,13,5,8,2,1,1,14,5,9,65,33,32
VAN ZANDT COUNTY,467,52 Years,768,376,392,672,321,351,21,13,8,3,2,1,12,4,8,60,36,24
VAN ZANDT COUNTY,467,53 Years,782,384,398,668,324,344,26,13,13,0,0,0,20,9,11,68,38,30
VAN ZANDT COUNTY,467,54 Years,832,408,424,733,359,374,24,9,15,2,0,2,20,9,11,53,31,22
VAN ZANDT COUNTY,467,55 Years,779,379,400,699,341,358,23,8,15,2,1,1,18,9,9,37,20,17
VAN ZANDT COUNTY,467,56 Years,768,385,383,686,340,346,22,13,9,0,0,0,15,7,8,45,25,20
VAN ZANDT COUNTY,467,57 Years,830,422,408,739,371,368,26,14,12,4,0,4,13,8,5,48,29,19
VAN ZANDT COUNTY,467,58 Years,822,413,409,729,365,364,23,11,12,5,1,4,17,8,9,48,28,20
VAN ZANDT COUNTY,467,59 Years,780,374,406,693,331,362,24,12,12,3,0,3,13,5,8,47,26,21
VAN ZANDT COUNTY,467,60 Years,816,386,430,721,339,382,21,11,10,3,2,1,16,10,6,55,24,31
VAN ZANDT COUNTY,467,61 Years,805,379,426,715,327,388,22,12,10,2,1,1,18,12,6,48,27,21
VAN ZANDT COUNTY,467,62 Years,768,378,390,694,332,362,22,13,9,1,1,0,13,6,7,38,26,12
VAN ZANDT COUNTY,467,63 Years,757,380,377,678,340,338,26,10,16,0,0,0,14,6,8,39,24,15
VAN ZANDT COUNTY,467,64 Years,756,364,392,684,327,357,21,8,13,5,1,4,9,4,5,37,24,13
VAN ZANDT COUNTY,467,65 Years,709,339,370,644,307,337,19,7,12,3,0,3,12,9,3,31,16,15
VAN ZANDT COUNTY,467,66 Years,715,340,375,654,308,346,19,9,10,2,1,1,10,5,5,30,17,13
VAN ZANDT COUNTY,467,67 Years,698,330,368,641,298,343,17,10,7,4,1,3,12,6,6,24,15,9
VAN ZANDT COUNTY,467,68 Years,670,329,341,613,296,317,23,12,11,2,1,1,10,7,3,22,13,9
VAN ZANDT COUNTY,467,69 Years,731,345,386,668,314,354,22,9,13,2,1,1,10,5,5,29,16,13
VAN ZANDT COUNTY,467,70 Years,745,367,378,683,330,353,18,8,10,2,0,2,13,8,5,29,21,8
VAN ZANDT COUNTY,467,71 Years,600,292,308,555,269,286,11,5,6,4,1,3,9,4,5,21,13,8
VAN ZANDT COUNTY,467,72 Years,543,267,276,498,242,256,11,9,2,1,0,1,8,2,6,25,14,11
VAN ZANDT COUNTY,467,73 Years,570,279,291,534,258,276,9,4,5,2,2,0,9,4,5,16,11,5
VAN ZANDT COUNTY,467,74 Years,544,269,275,510,251,259,10,6,4,1,1,0,13,5,8,10,6,4
VAN ZANDT COUNTY,467,75 Years,494,223,271,465,212,253,10,4,6,1,0,1,11,5,6,7,2,5
VAN ZANDT COUNTY,467,76 Years,499,225,274,466,209,257,12,5,7,1,0,1,8,5,3,12,6,6
VAN ZANDT COUNTY,467,77 Years,446,213,233,413,193,220,10,6,4,0,0,0,10,7,3,13,7,6
VAN ZANDT COUNTY,467,78 Years,408,197,211,384,183,201,7,5,2,1,0,1,8,6,2,8,3,5
VAN ZANDT COUNTY,467,79 Years,393,186,207,369,171,198,7,5,2,0,0,0,6,4,2,11,6,5
VAN ZANDT COUNTY,467,80 Years,363,165,198,342,155,187,7,3,4,0,0,0,6,2,4,8,5,3
VAN ZANDT COUNTY,467,81 Years,343,169,174,324,160,164,9,4,5,1,1,0,3,0,3,6,4,2
VAN ZANDT COUNTY,467,82 Years,311,153,158,292,146,146,8,1,7,0,0,0,5,2,3,6,4,2
VAN ZANDT COUNTY,467,83 Years,270,120,150,251,112,139,12,5,7,0,0,0,2,0,2,5,3,2
VAN ZANDT COUNTY,467,84 Years,209,88,121,190,81,109,9,2,7,1,1,0,4,1,3,5,3,2
VAN ZANDT COUNTY,467,85 Years,211,87,124,194,80,114,11,4,7,0,0,0,3,1,2,3,2,1
VAN ZANDT COUNTY,467,86 Years,187,72,115,175,67,108,8,3,5,1,1,0,2,1,1,1,0,1
VAN ZANDT COUNTY,467,87 Years,161,64,97,148,59,89,6,2,4,1,0,1,1,0,1,5,3,2
VAN ZANDT COUNTY,467,88 Years,143,55,88,134,51,83,4,1,3,0,0,0,1,0,1,4,3,1
VAN ZANDT COUNTY,467,89 Years,130,47,83,119,43,76,6,2,4,0,0,0,3,1,2,2,1,1
VAN ZANDT COUNTY,467,90 Years,104,39,65,97,34,63,1,0,1,0,0,0,2,1,1,4,4,0
VAN ZANDT COUNTY,467,91 Years,80,27,53,74,25,49,2,0,2,0,0,0,2,1,1,2,1,1
VAN ZANDT COUNTY,467,92 Years,71,22,49,65,21,44,3,0,3,0,0,0,2,1,1,1,0,1
VAN ZANDT COUNTY,467,93 Years,60,18,42,53,16,37,3,0,3,0,0,0,1,0,1,3,2,1
VAN ZANDT COUNTY,467,94 Years,44,14,30,37,12,25,3,0,3,1,0,1,0,0,0,3,2,1
VAN ZANDT COUNTY,467,95 Years +,91,25,66,78,21,57,8,2,6,0,0,0,2,0,2,3,2,1
VICTORIA COUNTY,469,All Ages,92028,45397,46631,41433,20169,21264,5533,2793,2740,1102,483,619,1398,685,713,42562,21267,21295
VICTORIA COUNTY,469,< 1 Year,1138,588,550,361,186,175,59,30,29,12,6,6,53,26,27,653,340,313
VICTORIA COUNTY,469,1 Years,1163,602,561,375,193,182,57,30,27,12,7,5,54,28,26,665,344,321
VICTORIA COUNTY,469,2 Years,1207,624,583,401,202,199,52,27,25,17,10,7,57,29,28,680,356,324
VICTORIA COUNTY,469,3 Years,1234,636,598,421,213,208,55,27,28,19,10,9,58,30,28,681,356,325
VICTORIA COUNTY,469,4 Years,1220,626,594,431,217,214,54,26,28,18,10,8,53,28,25,664,345,319
VICTORIA COUNTY,469,5 Years,1201,600,601,438,221,217,56,27,29,15,7,8,44,22,22,648,323,325
VICTORIA COUNTY,469,6 Years,1183,598,585,429,214,215,56,27,29,12,7,5,34,18,16,652,332,320
VICTORIA COUNTY,469,7 Years,1159,593,566,402,204,198,55,30,25,10,7,3,28,12,16,664,340,324
VICTORIA COUNTY,469,8 Years,1282,671,611,430,233,197,64,35,29,7,4,3,35,14,21,746,385,361
VICTORIA COUNTY,469,9 Years,1340,707,633,417,221,196,74,39,35,9,3,6,27,14,13,813,430,383
VICTORIA COUNTY,469,10 Years,1324,679,645,424,210,214,72,39,33,22,7,15,18,8,10,788,415,373
VICTORIA COUNTY,469,11 Years,1296,652,644,404,196,208,85,39,46,18,8,10,18,9,9,771,400,371
VICTORIA COUNTY,469,12 Years,1277,652,625,414,211,203,74,35,39,11,8,3,23,10,13,755,388,367
VICTORIA COUNTY,469,13 Years,1245,618,627,392,197,195,88,40,48,13,9,4,24,10,14,728,362,366
VICTORIA COUNTY,469,14 Years,1255,630,625,375,196,179,86,43,43,27,10,17,27,13,14,740,368,372
VICTORIA COUNTY,469,15 Years,1239,630,609,397,206,191,87,46,41,15,8,7,31,17,14,709,353,356
VICTORIA COUNTY,469,16 Years,1250,612,638,407,209,198,84,40,44,25,8,17,21,11,10,713,344,369
VICTORIA COUNTY,469,17 Years,1278,660,618,411,218,193,86,46,40,25,7,18,25,12,13,731,377,354
VICTORIA COUNTY,469,18 Years,1267,657,610,416,232,184,93,40,53,9,5,4,23,13,10,726,367,359
VICTORIA COUNTY,469,19 Years,1247,630,617,394,200,194,97,45,52,18,7,11,29,13,16,709,365,344
VICTORIA COUNTY,469,20 Years,1182,604,578,375,199,176,100,49,51,14,6,8,30,16,14,663,334,329
VICTORIA COUNTY,469,21 Years,1257,630,627,437,221,216,87,50,37,19,6,13,32,14,18,682,339,343
VICTORIA COUNTY,469,22 Years,1292,635,657,485,220,265,103,53,50,12,5,7,29,14,15,663,343,320
VICTORIA COUNTY,469,23 Years,1407,717,690,535,261,274,100,47,53,19,14,5,25,12,13,728,383,345
VICTORIA COUNTY,469,24 Years,1527,787,740,625,325,300,85,42,43,11,7,4,26,11,15,780,402,378
VICTORIA COUNTY,469,25 Years,1523,773,750,671,350,321,93,37,56,5,2,3,24,12,12,730,372,358
VICTORIA COUNTY,469,26 Years,1452,723,729,606,275,331,86,35,51,4,3,1,24,13,11,732,397,335
VICTORIA COUNTY,469,27 Years,1525,789,736,645,316,329,96,47,49,4,2,2,15,8,7,765,416,349
VICTORIA COUNTY,469,28 Years,1485,758,727,617,311,306,115,53,62,7,3,4,17,7,10,729,384,345
VICTORIA COUNTY,469,29 Years,1390,729,661,561,298,263,101,53,48,6,3,3,15,7,8,707,368,339
VICTORIA COUNTY,469,30 Years,1362,696,666,547,278,269,120,55,65,7,4,3,11,5,6,677,354,323
VICTORIA COUNTY,469,31 Years,1323,685,638,533,281,252,80,53,27,8,5,3,13,4,9,689,342,347
VICTORIA COUNTY,469,32 Years,1326,618,708,570,266,304,109,41,68,8,5,3,16,6,10,623,300,323
VICTORIA COUNTY,469,33 Years,1236,616,620,549,264,285,85,41,44,10,6,4,12,7,5,580,298,282
VICTORIA COUNTY,469,34 Years,1259,639,620,527,274,253,65,29,36,14,9,5,12,8,4,641,319,322
VICTORIA COUNTY,469,35 Years,1281,641,640,552,287,265,64,28,36,10,6,4,13,11,2,642,309,333
VICTORIA COUNTY,469,36 Years,1283,614,669,583,283,300,65,27,38,12,7,5,18,10,8,605,287,318
VICTORIA COUNTY,469,37 Years,1235,610,625,535,265,270,77,45,32,21,7,14,10,7,3,592,286,306
VICTORIA COUNTY,469,38 Years,1122,554,568,486,233,253,86,48,38,16,7,9,6,4,2,528,262,266
VICTORIA COUNTY,469,39 Years,1019,508,511,426,204,222,66,44,22,9,2,7,5,3,2,513,255,258
VICTORIA COUNTY,469,40 Years,1012,519,493,408,210,198,55,32,23,10,5,5,12,8,4,527,264,263
VICTORIA COUNTY,469,41 Years,1061,528,533,427,218,209,79,51,28,19,5,14,6,2,4,530,252,278
VICTORIA COUNTY,469,42 Years,1019,509,510,454,234,220,49,29,20,24,6,18,4,0,4,488,240,248
VICTORIA COUNTY,469,43 Years,1002,485,517,450,226,224,43,22,21,28,8,20,4,1,3,477,228,249
VICTORIA COUNTY,469,44 Years,1037,507,530,484,232,252,59,37,22,18,8,10,5,1,4,471,229,242
VICTORIA COUNTY,469,45 Years,1043,525,518,485,237,248,53,34,19,11,5,6,14,4,10,480,245,235
VICTORIA COUNTY,469,46 Years,1026,503,523,466,223,243,61,37,24,21,5,16,13,5,8,465,233,232
VICTORIA COUNTY,469,47 Years,1040,522,518,493,243,250,58,37,21,16,6,10,4,2,2,469,234,235
VICTORIA COUNTY,469,48 Years,955,464,491,442,219,223,51,26,25,20,6,14,5,2,3,437,211,226
VICTORIA COUNTY,469,49 Years,903,437,466,414,204,210,54,31,23,12,4,8,6,3,3,417,195,222
VICTORIA COUNTY,469,50 Years,945,456,489,451,211,240,57,35,22,20,7,13,6,2,4,411,201,210
VICTORIA COUNTY,469,51 Years,1009,515,494,499,252,247,64,43,21,23,7,16,3,2,1,420,211,209
VICTORIA COUNTY,469,52 Years,1073,520,553,536,260,276,80,43,37,13,5,8,9,2,7,435,210,225
VICTORIA COUNTY,469,53 Years,1147,570,577,582,281,301,79,41,38,20,15,5,11,3,8,455,230,225
VICTORIA COUNTY,469,54 Years,1160,559,601,606,276,330,76,37,39,14,12,2,16,7,9,448,227,221
VICTORIA COUNTY,469,55 Years,1142,536,606,604,274,330,65,35,30,20,8,12,13,6,7,440,213,227
VICTORIA COUNTY,469,56 Years,1179,581,598,647,319,328,66,33,33,14,9,5,9,5,4,443,215,228
VICTORIA COUNTY,469,57 Years,1158,574,584,648,333,315,65,33,32,10,7,3,6,2,4,429,199,230
VICTORIA COUNTY,469,58 Years,1155,565,590,659,324,335,61,29,32,8,3,5,12,6,6,415,203,212
VICTORIA COUNTY,469,59 Years,1173,573,600,663,317,346,56,31,25,9,4,5,17,6,11,428,215,213
VICTORIA COUNTY,469,60 Years,1121,563,558,602,290,312,59,36,23,25,7,18,12,8,4,423,222,201
VICTORIA COUNTY,469,61 Years,1079,535,544,617,297,320,62,30,32,13,5,8,12,8,4,375,195,180
VICTORIA COUNTY,469,62 Years,1138,546,592,643,311,332,76,32,44,20,8,12,17,10,7,382,185,197
VICTORIA COUNTY,469,63 Years,1066,500,566,612,293,319,73,35,38,22,7,15,15,10,5,344,155,189
VICTORIA COUNTY,469,64 Years,1002,482,520,576,281,295,72,39,33,14,5,9,10,5,5,330,152,178
VICTORIA COUNTY,469,65 Years,998,458,540,580,270,310,67,33,34,18,5,13,4,1,3,329,149,180
VICTORIA COUNTY,469,66 Years,947,463,484,552,270,282,60,26,34,16,7,9,6,2,4,313,158,155
VICTORIA COUNTY,469,67 Years,935,436,499,548,261,287,52,19,33,12,5,7,8,5,3,315,146,169
VICTORIA COUNTY,469,68 Years,907,418,489,538,242,296,55,23,32,7,1,6,11,6,5,296,146,150
VICTORIA COUNTY,469,69 Years,882,408,474,535,248,287,58,24,34,9,5,4,10,4,6,270,127,143
VICTORIA COUNTY,469,70 Years,855,383,472,522,238,284,45,20,25,15,5,10,10,6,4,263,114,149
VICTORIA COUNTY,469,71 Years,753,363,390,434,213,221,38,22,16,8,3,5,7,4,3,266,121,145
VICTORIA COUNTY,469,72 Years,669,314,355,395,187,208,34,19,15,6,2,4,7,4,3,227,102,125
VICTORIA COUNTY,469,73 Years,638,277,361,424,182,242,28,15,13,5,2,3,5,3,2,176,75,101
VICTORIA COUNTY,469,74 Years,599,284,315,394,192,202,28,16,12,3,1,2,4,2,2,170,73,97
VICTORIA COUNTY,469,75 Years,571,253,318,391,173,218,27,15,12,2,2,0,4,1,3,147,62,85
VICTORIA COUNTY,469,76 Years,513,227,286,350,158,192,21,10,11,4,4,0,2,0,2,136,55,81
VICTORIA COUNTY,469,77 Years,479,206,273,317,137,180,20,9,11,6,3,3,6,2,4,130,55,75
VICTORIA COUNTY,469,78 Years,461,206,255,293,129,164,23,10,13,4,2,2,6,3,3,135,62,73
VICTORIA COUNTY,469,79 Years,426,205,221,270,126,144,19,9,10,3,2,1,6,3,3,128,65,63
VICTORIA COUNTY,469,80 Years,392,173,219,259,113,146,16,8,8,3,1,2,4,1,3,110,50,60
VICTORIA COUNTY,469,81 Years,361,165,196,239,109,130,16,7,9,2,0,2,2,2,0,102,47,55
VICTORIA COUNTY,469,82 Years,374,169,205,254,104,150,14,6,8,3,0,3,2,1,1,101,58,43
VICTORIA COUNTY,469,83 Years,311,131,180,208,85,123,16,6,10,3,1,2,4,2,2,80,37,43
VICTORIA COUNTY,469,84 Years,299,127,172,211,90,121,12,5,7,2,2,0,1,0,1,73,30,43
VICTORIA COUNTY,469,85 Years,293,125,168,216,94,122,11,5,6,3,1,2,1,1,0,62,24,38
VICTORIA COUNTY,469,86 Years,244,99,145,180,72,108,12,5,7,2,0,2,1,0,1,49,22,27
VICTORIA COUNTY,469,87 Years,217,79,138,158,59,99,10,3,7,2,0,2,3,1,2,44,16,28
VICTORIA COUNTY,469,88 Years,179,73,106,131,54,77,9,4,5,2,0,2,2,1,1,35,14,21
VICTORIA COUNTY,469,89 Years,170,68,102,125,51,74,11,3,8,2,1,1,2,1,1,30,12,18
VICTORIA COUNTY,469,90 Years,136,53,83,99,41,58,8,3,5,1,0,1,2,1,1,26,8,18
VICTORIA COUNTY,469,91 Years,111,43,68,79,31,48,7,3,4,1,1,0,1,1,0,23,7,16
VICTORIA COUNTY,469,92 Years,92,39,53,67,27,40,4,2,2,2,2,0,1,1,0,18,7,11
VICTORIA COUNTY,469,93 Years,76,28,48,54,20,34,5,2,3,1,1,0,0,0,0,16,5,11
VICTORIA COUNTY,469,94 Years,54,14,40,37,10,27,4,1,3,0,0,0,0,0,0,13,3,10
VICTORIA COUNTY,469,95 Years +,150,45,105,101,28,73,13,4,9,1,0,1,0,0,0,35,13,22
WALKER COUNTY,471,All Ages,72701,42809,29892,40590,22909,17681,16403,10473,5930,774,444,330,1328,665,663,13606,8318,5288
WALKER COUNTY,471,< 1 Year,640,340,300,262,141,121,162,81,81,7,4,3,30,14,16,179,100,79
WALKER COUNTY,471,1 Years,652,336,316,273,144,129,165,82,83,7,3,4,35,14,21,172,93,79
WALKER COUNTY,471,2 Years,687,349,338,286,146,140,163,84,79,9,4,5,38,18,20,191,97,94
WALKER COUNTY,471,3 Years,691,352,339,297,156,141,155,77,78,8,4,4,40,20,20,191,95,96
WALKER COUNTY,471,4 Years,669,349,320,288,153,135,140,71,69,8,5,3,37,20,17,196,100,96
WALKER COUNTY,471,5 Years,650,329,321,283,147,136,135,69,66,6,3,3,35,18,17,191,92,99
WALKER COUNTY,471,6 Years,648,335,313,285,149,136,137,75,62,6,3,3,28,14,14,192,94,98
WALKER COUNTY,471,7 Years,745,396,349,322,166,156,170,83,87,6,2,4,30,17,13,217,128,89
WALKER COUNTY,471,8 Years,723,387,336,326,177,149,172,85,87,6,1,5,20,9,11,199,115,84
WALKER COUNTY,471,9 Years,698,362,336,316,166,150,149,74,75,5,3,2,29,16,13,199,103,96
WALKER COUNTY,471,10 Years,708,352,356,310,155,155,174,92,82,6,3,3,26,16,10,192,86,106
WALKER COUNTY,471,11 Years,702,373,329,298,166,132,174,85,89,7,4,3,34,18,16,189,100,89
WALKER COUNTY,471,12 Years,697,355,342,304,157,147,151,66,85,4,2,2,27,15,12,211,115,96
WALKER COUNTY,471,13 Years,648,326,322,275,137,138,151,69,82,2,1,1,21,12,9,199,107,92
WALKER COUNTY,471,14 Years,700,362,338,339,174,165,154,76,78,4,2,2,18,12,6,185,98,87
WALKER COUNTY,471,15 Years,684,367,317,319,158,161,144,81,63,3,2,1,32,19,13,186,107,79
WALKER COUNTY,471,16 Years,716,384,332,336,162,174,166,94,72,4,3,1,29,19,10,181,106,75
WALKER COUNTY,471,17 Years,831,472,359,319,152,167,277,197,80,6,3,3,28,10,18,201,110,91
WALKER COUNTY,471,18 Years,1519,694,825,752,337,415,405,190,215,8,3,5,24,12,12,330,152,178
WALKER COUNTY,471,19 Years,2201,962,1239,1022,462,560,537,208,329,18,8,10,59,26,33,565,258,307
WALKER COUNTY,471,20 Years,2182,1005,1177,1070,491,579,561,282,279,22,14,8,64,25,39,465,193,272
WALKER COUNTY,471,21 Years,2260,1136,1124,1144,542,602,505,251,254,31,23,8,52,22,30,528,298,230
WALKER COUNTY,471,22 Years,2103,1179,924,1059,569,490,505,258,247,25,17,8,43,20,23,471,315,156
WALKER COUNTY,471,23 Years,1758,975,783,892,477,415,390,205,185,20,14,6,39,19,20,417,260,157
WALKER COUNTY,471,24 Years,1488,811,677,763,410,353,341,177,164,37,25,12,28,18,10,319,181,138
WALKER COUNTY,471,25 Years,812,448,364,254,131,123,251,140,111,30,24,6,22,12,10,255,141,114
WALKER COUNTY,471,26 Years,923,552,371,454,230,224,240,186,54,27,16,11,24,13,11,178,107,71
WALKER COUNTY,471,27 Years,972,593,379,554,285,269,186,153,33,29,21,8,15,9,6,188,125,63
WALKER COUNTY,471,28 Years,1033,606,427,643,355,288,193,141,52,30,20,10,23,9,14,144,81,63
WALKER COUNTY,471,29 Years,1058,649,409,636,392,244,231,169,62,30,20,10,11,8,3,150,60,90
WALKER COUNTY,471,30 Years,959,647,312,484,311,173,256,186,70,20,10,10,8,5,3,191,135,56
WALKER COUNTY,471,31 Years,835,603,232,353,232,121,227,179,48,15,10,5,6,2,4,234,180,54
WALKER COUNTY,471,32 Years,1068,736,332,585,357,228,237,183,54,9,6,3,7,5,2,230,185,45
WALKER COUNTY,471,33 Years,1062,706,356,613,367,246,262,199,63,5,3,2,10,5,5,172,132,40
WALKER COUNTY,471,34 Years,1052,747,305,549,346,203,277,227,50,6,4,2,12,9,3,208,161,47
WALKER COUNTY,471,35 Years,1106,766,340,573,356,217,271,216,55,3,1,2,14,6,8,245,187,58
WALKER COUNTY,471,36 Years,1062,734,328,541,325,216,284,230,54,4,2,2,12,5,7,221,172,49
WALKER COUNTY,471,37 Years,960,652,308,508,308,200,246,198,48,5,2,3,7,3,4,194,141,53
WALKER COUNTY,471,38 Years,941,649,292,507,321,186,246,180,66,6,2,4,8,4,4,174,142,32
WALKER COUNTY,471,39 Years,895,631,264,439,287,152,241,183,58,12,9,3,7,3,4,196,149,47
WALKER COUNTY,471,40 Years,931,646,285,448,288,160,244,194,50,6,5,1,13,5,8,220,154,66
WALKER COUNTY,471,41 Years,904,628,276,444,275,169,242,191,51,13,9,4,16,7,9,189,146,43
WALKER COUNTY,471,42 Years,891,629,262,441,278,163,245,193,52,12,5,7,3,1,2,190,152,38
WALKER COUNTY,471,43 Years,898,650,248,439,294,145,268,212,56,7,3,4,15,9,6,169,132,37
WALKER COUNTY,471,44 Years,936,679,257,459,308,151,264,214,50,15,10,5,9,6,3,189,141,48
WALKER COUNTY,471,45 Years,964,684,280,457,286,171,270,224,46,16,12,4,8,5,3,213,157,56
WALKER COUNTY,471,46 Years,1050,739,311,568,366,202,266,214,52,13,6,7,9,7,2,194,146,48
WALKER COUNTY,471,47 Years,1004,710,294,532,360,172,250,193,57,15,10,5,13,8,5,194,139,55
WALKER COUNTY,471,48 Years,976,683,293,543,357,186,220,171,49,9,4,5,12,8,4,192,143,49
WALKER COUNTY,471,49 Years,931,668,263,518,352,166,228,176,52,7,3,4,8,4,4,170,133,37
WALKER COUNTY,471,50 Years,924,665,259,513,345,168,232,183,49,3,1,2,12,5,7,164,131,33
WALKER COUNTY,471,51 Years,977,662,315,512,336,176,264,199,65,1,0,1,13,4,9,187,123,64
WALKER COUNTY,471,52 Years,972,661,311,561,378,183,252,185,67,5,1,4,6,2,4,148,95,53
WALKER COUNTY,471,53 Years,967,648,319,588,380,208,234,182,52,5,1,4,10,3,7,130,82,48
WALKER COUNTY,471,54 Years,960,628,332,582,367,215,238,181,57,6,2,4,8,2,6,126,76,50
WALKER COUNTY,471,55 Years,891,594,297,578,372,206,210,154,56,4,3,1,4,3,1,95,62,33
WALKER COUNTY,471,56 Years,938,612,326,621,395,226,197,138,59,14,12,2,4,4,0,102,63,39
WALKER COUNTY,471,57 Years,959,611,348,638,399,239,207,147,60,9,6,3,8,5,3,97,54,43
WALKER COUNTY,471,58 Years,911,594,317,627,398,229,196,146,50,7,2,5,5,4,1,76,44,32
WALKER COUNTY,471,59 Years,823,514,309,576,355,221,170,118,52,9,2,7,3,3,0,65,36,29
WALKER COUNTY,471,60 Years,798,500,298,559,346,213,158,106,52,8,2,6,7,4,3,66,42,24
WALKER COUNTY,471,61 Years,754,448,306,542,315,227,147,100,47,12,4,8,5,3,2,48,26,22
WALKER COUNTY,471,62 Years,804,458,346,549,313,236,140,91,49,8,4,4,6,3,3,101,47,54
WALKER COUNTY,471,63 Years,746,420,326,521,292,229,127,75,52,7,4,3,10,4,6,81,45,36
WALKER COUNTY,471,64 Years,729,387,342,542,275,267,111,65,46,7,3,4,9,4,5,60,40,20
WALKER COUNTY,471,65 Years,654,347,307,500,282,218,97,39,58,9,3,6,4,0,4,44,23,21
WALKER COUNTY,471,66 Years,616,313,303,495,263,232,75,31,44,4,1,3,4,0,4,38,18,20
WALKER COUNTY,471,67 Years,664,345,319,499,274,225,87,40,47,7,4,3,2,0,2,69,27,42
WALKER COUNTY,471,68 Years,588,313,275,464,255,209,76,37,39,3,2,1,3,0,3,42,19,23
WALKER COUNTY,471,69 Years,561,304,257,454,246,208,68,36,32,3,2,1,4,0,4,32,20,12
WALKER COUNTY,471,70 Years,545,291,254,442,242,200,65,33,32,3,0,3,2,0,2,33,16,17
WALKER COUNTY,471,71 Years,451,217,234,356,180,176,60,23,37,4,1,3,2,0,2,29,13,16
WALKER COUNTY,471,72 Years,455,248,207,353,196,157,63,33,30,4,1,3,7,3,4,28,15,13
WALKER COUNTY,471,73 Years,427,227,200,326,167,159,65,36,29,2,2,0,5,3,2,29,19,10
WALKER COUNTY,471,74 Years,459,243,216,353,173,180,65,36,29,2,2,0,6,5,1,33,27,6
WALKER COUNTY,471,75 Years,427,225,202,333,167,166,65,36,29,2,1,1,6,4,2,21,17,4
WALKER COUNTY,471,76 Years,378,190,188,303,150,153,45,20,25,2,2,0,4,2,2,24,16,8
WALKER COUNTY,471,77 Years,366,196,170,289,159,130,48,24,24,3,1,2,4,2,2,22,10,12
WALKER COUNTY,471,78 Years,326,174,152,270,150,120,40,16,24,1,0,1,2,1,1,13,7,6
WALKER COUNTY,471,79 Years,288,142,146,237,118,119,35,16,19,0,0,0,1,1,0,15,7,8
WALKER COUNTY,471,80 Years,263,126,137,214,107,107,29,10,19,0,0,0,3,1,2,17,8,9
WALKER COUNTY,471,81 Years,246,133,113,202,112,90,29,12,17,0,0,0,3,2,1,12,7,5
WALKER COUNTY,471,82 Years,243,111,132,194,92,102,37,12,25,1,0,1,1,0,1,10,7,3
WALKER COUNTY,471,83 Years,204,96,108,170,85,85,26,8,18,1,0,1,0,0,0,7,3,4
WALKER COUNTY,471,84 Years,165,77,88,141,67,74,16,6,10,0,0,0,0,0,0,8,4,4
WALKER COUNTY,471,85 Years,153,59,94,127,50,77,14,5,9,1,0,1,1,1,0,10,3,7
WALKER COUNTY,471,86 Years,152,60,92,124,49,75,13,4,9,3,2,1,1,0,1,11,5,6
WALKER COUNTY,471,87 Years,131,48,83,107,39,68,12,4,8,1,0,1,4,2,2,7,3,4
WALKER COUNTY,471,88 Years,112,42,70,96,37,59,9,3,6,0,0,0,1,0,1,6,2,4
WALKER COUNTY,471,89 Years,98,38,60,81,33,48,9,3,6,0,0,0,3,1,2,5,1,4
WALKER COUNTY,471,90 Years,84,33,51,63,26,37,11,3,8,1,0,1,3,2,1,6,2,4
WALKER COUNTY,471,91 Years,63,22,41,50,19,31,7,2,5,1,0,1,1,0,1,4,1,3
WALKER COUNTY,471,92 Years,55,20,35,43,15,28,5,2,3,1,0,1,0,0,0,6,3,3
WALKER COUNTY,471,93 Years,48,14,34,38,11,27,5,2,3,0,0,0,1,0,1,4,1,3
WALKER COUNTY,471,94 Years,31,10,21,23,7,16,5,2,3,0,0,0,0,0,0,3,1,2
WALKER COUNTY,471,95 Years +,72,20,52,52,11,41,11,5,6,1,0,1,2,1,1,6,3,3
WALLER COUNTY,473,All Ages,51290,25644,25646,22492,11163,11329,12177,5722,6455,277,143,134,770,385,385,15574,8231,7343
WALLER COUNTY,473,< 1 Year,527,262,265,178,87,91,71,36,35,2,1,1,14,8,6,262,130,132
WALLER COUNTY,473,1 Years,521,266,255,174,87,87,72,36,36,2,1,1,13,8,5,260,134,126
WALLER COUNTY,473,2 Years,531,274,257,180,88,92,67,35,32,0,0,0,12,7,5,272,144,128
WALLER COUNTY,473,3 Years,527,276,251,172,86,86,65,33,32,1,1,0,12,8,4,277,148,129
WALLER COUNTY,473,4 Years,540,277,263,168,83,85,75,37,38,1,1,0,12,8,4,284,148,136
WALLER COUNTY,473,5 Years,515,260,255,156,79,77,86,41,45,1,1,0,10,6,4,262,133,129
WALLER COUNTY,473,6 Years,520,264,256,157,84,73,89,41,48,2,1,1,8,4,4,264,134,130
WALLER COUNTY,473,7 Years,569,308,261,182,101,81,88,45,43,1,1,0,9,4,5,289,157,132
WALLER COUNTY,473,8 Years,762,402,360,255,138,117,117,59,58,3,2,1,16,6,10,371,197,174
WALLER COUNTY,473,9 Years,790,417,373,245,132,113,128,59,69,1,1,0,12,6,6,404,219,185
WALLER COUNTY,473,10 Years,795,402,393,284,133,151,93,49,44,1,1,0,13,10,3,404,209,195
WALLER COUNTY,473,11 Years,744,375,369,267,137,130,99,51,48,1,1,0,10,4,6,367,182,185
WALLER COUNTY,473,12 Years,726,372,354,253,130,123,97,43,54,11,10,1,10,5,5,355,184,171
WALLER COUNTY,473,13 Years,687,339,348,233,104,129,100,47,53,6,4,2,12,5,7,336,179,157
WALLER COUNTY,473,14 Years,706,348,358,238,113,125,122,57,65,2,0,2,11,3,8,333,175,158
WALLER COUNTY,473,15 Years,707,364,343,238,118,120,124,58,66,2,1,1,11,2,9,332,185,147
WALLER COUNTY,473,16 Years,842,477,365,296,165,131,170,83,87,5,4,1,28,15,13,343,210,133
WALLER COUNTY,473,17 Years,940,448,492,321,138,183,241,118,123,3,2,1,18,9,9,357,181,176
WALLER COUNTY,473,18 Years,1724,745,979,312,145,167,1020,424,596,1,0,1,31,8,23,360,168,192
WALLER COUNTY,473,19 Years,2159,980,1179,279,139,140,1482,642,840,4,0,4,36,17,19,358,182,176
WALLER COUNTY,473,20 Years,1899,907,992,308,140,168,1239,588,651,13,9,4,21,10,11,318,160,158
WALLER COUNTY,473,21 Years,1568,770,798,310,137,173,958,477,481,9,5,4,28,17,11,263,134,129
WALLER COUNTY,473,22 Years,1217,600,617,324,156,168,614,312,302,3,1,2,12,6,6,264,125,139
WALLER COUNTY,473,23 Years,1040,552,488,306,159,147,473,265,208,0,0,0,12,7,5,249,121,128
WALLER COUNTY,473,24 Years,820,471,349,283,163,120,321,208,113,3,1,2,9,5,4,204,94,110
WALLER COUNTY,473,25 Years,587,325,262,248,140,108,123,80,43,2,0,2,16,7,9,198,98,100
WALLER COUNTY,473,26 Years,576,284,292,263,148,115,95,34,61,2,0,2,12,7,5,204,95,109
WALLER COUNTY,473,27 Years,567,301,266,255,142,113,91,53,38,4,1,3,22,8,14,195,97,98
WALLER COUNTY,473,28 Years,559,285,274,279,153,126,76,20,56,3,1,2,13,8,5,188,103,85
WALLER COUNTY,473,29 Years,508,272,236,223,109,114,97,50,47,6,4,2,11,4,7,171,105,66
WALLER COUNTY,473,30 Years,519,275,244,236,112,124,73,27,46,13,12,1,10,5,5,187,119,68
WALLER COUNTY,473,31 Years,497,277,220,229,112,117,86,55,31,6,6,0,8,6,2,168,98,70
WALLER COUNTY,473,32 Years,526,270,256,233,117,116,91,43,48,4,3,1,5,3,2,193,104,89
WALLER COUNTY,473,33 Years,566,295,271,268,136,132,75,41,34,3,1,2,7,3,4,213,114,99
WALLER COUNTY,473,34 Years,536,281,255,262,134,128,58,22,36,2,1,1,3,2,1,211,122,89
WALLER COUNTY,473,35 Years,565,290,275,262,119,143,63,30,33,4,2,2,6,6,0,230,133,97
WALLER COUNTY,473,36 Years,585,289,296,273,123,150,73,40,33,3,2,1,5,5,0,231,119,112
WALLER COUNTY,473,37 Years,581,317,264,272,137,135,83,54,29,2,1,1,5,4,1,219,121,98
WALLER COUNTY,473,38 Years,553,265,288,263,116,147,90,37,53,1,0,1,1,0,1,198,112,86
WALLER COUNTY,473,39 Years,542,262,280,255,127,128,72,22,50,2,1,1,3,3,0,210,109,101
WALLER COUNTY,473,40 Years,506,258,248,233,130,103,76,23,53,0,0,0,2,0,2,195,105,90
WALLER COUNTY,473,41 Years,469,253,216,207,118,89,71,26,45,3,0,3,3,1,2,185,108,77
WALLER COUNTY,473,42 Years,535,281,254,250,131,119,70,27,43,3,1,2,5,3,2,207,119,88
WALLER COUNTY,473,43 Years,558,271,287,264,135,129,71,34,37,1,1,0,6,1,5,216,100,116
WALLER COUNTY,473,44 Years,493,235,258,237,119,118,65,29,36,1,1,0,7,1,6,183,85,98
WALLER COUNTY,473,45 Years,538,244,294,265,126,139,60,26,34,3,1,2,6,2,4,204,89,115
WALLER COUNTY,473,46 Years,555,272,283,302,154,148,57,28,29,3,1,2,4,2,2,189,87,102
WALLER COUNTY,473,47 Years,560,285,275,284,143,141,60,29,31,3,2,1,9,4,5,204,107,97
WALLER COUNTY,473,48 Years,592,304,288,318,160,158,69,35,34,3,2,1,9,5,4,193,102,91
WALLER COUNTY,473,49 Years,556,291,265,294,160,134,73,37,36,4,2,2,9,4,5,176,88,88
WALLER COUNTY,473,50 Years,530,241,289,289,128,161,76,34,42,3,1,2,7,4,3,155,74,81
WALLER COUNTY,473,51 Years,555,274,281,304,157,147,85,30,55,3,1,2,6,3,3,157,83,74
WALLER COUNTY,473,52 Years,591,305,286,317,167,150,88,35,53,4,1,3,8,2,6,174,100,74
WALLER COUNTY,473,53 Years,634,321,313,352,179,173,97,39,58,2,1,1,11,4,7,172,98,74
WALLER COUNTY,473,54 Years,654,337,317,369,181,188,104,51,53,2,1,1,10,6,4,169,98,71
WALLER COUNTY,473,55 Years,565,284,281,342,159,183,71,38,33,3,1,2,5,2,3,144,84,60
WALLER COUNTY,473,56 Years,609,307,302,377,191,186,82,42,40,11,1,10,7,3,4,132,70,62
WALLER COUNTY,473,57 Years,620,309,311,392,184,208,92,50,42,7,1,6,6,5,1,123,69,54
WALLER COUNTY,473,58 Years,607,318,289,395,197,198,88,47,41,5,3,2,5,4,1,114,67,47
WALLER COUNTY,473,59 Years,607,325,282,397,202,195,77,37,40,4,2,2,5,3,2,124,81,43
WALLER COUNTY,473,60 Years,535,275,260,348,177,171,74,31,43,3,2,1,5,4,1,105,61,44
WALLER COUNTY,473,61 Years,512,274,238,328,169,159,76,46,30,5,4,1,2,1,1,101,54,47
WALLER COUNTY,473,62 Years,561,291,270,371,186,185,77,41,36,3,3,0,5,2,3,105,59,46
WALLER COUNTY,473,63 Years,530,248,282,353,159,194,79,36,43,3,1,2,11,6,5,84,46,38
WALLER COUNTY,473,64 Years,525,259,266,353,171,182,70,32,38,1,1,0,9,4,5,92,51,41
WALLER COUNTY,473,65 Years,515,249,266,341,164,177,78,33,45,3,3,0,10,4,6,83,45,38
WALLER COUNTY,473,66 Years,462,227,235,316,157,159,70,23,47,2,2,0,7,4,3,67,41,26
WALLER COUNTY,473,67 Years,442,192,250,304,134,170,67,21,46,4,2,2,5,3,2,62,32,30
WALLER COUNTY,473,68 Years,463,208,255,312,146,166,68,23,45,10,1,9,6,3,3,67,35,32
WALLER COUNTY,473,69 Years,454,219,235,323,165,158,57,20,37,7,0,7,4,1,3,63,33,30
WALLER COUNTY,473,70 Years,416,202,214,294,146,148,54,21,33,5,2,3,6,2,4,57,31,26
WALLER COUNTY,473,71 Years,381,181,200,261,126,135,51,19,32,3,1,2,9,3,6,57,32,25
WALLER COUNTY,473,72 Years,369,177,192,267,127,140,51,22,29,0,0,0,4,2,2,47,26,21
WALLER COUNTY,473,73 Years,357,172,185,260,129,131,43,18,25,1,0,1,7,4,3,46,21,25
WALLER COUNTY,473,74 Years,315,161,154,233,121,112,34,12,22,3,0,3,6,4,2,39,24,15
WALLER COUNTY,473,75 Years,296,150,146,227,117,110,34,13,21,2,1,1,5,4,1,28,15,13
WALLER COUNTY,473,76 Years,267,135,132,198,100,98,33,14,19,2,2,0,5,3,2,29,16,13
WALLER COUNTY,473,77 Years,216,106,110,149,74,75,37,17,20,2,2,0,4,1,3,24,12,12
WALLER COUNTY,473,78 Years,189,87,102,131,53,78,27,15,12,3,2,1,2,0,2,26,17,9
WALLER COUNTY,473,79 Years,191,95,96,136,67,69,28,11,17,1,0,1,1,0,1,25,17,8
WALLER COUNTY,473,80 Years,160,80,80,107,56,51,30,10,20,0,0,0,4,3,1,19,11,8
WALLER COUNTY,473,81 Years,155,66,89,106,46,60,29,8,21,0,0,0,3,2,1,17,10,7
WALLER COUNTY,473,82 Years,126,46,80,87,36,51,26,5,21,0,0,0,1,0,1,12,5,7
WALLER COUNTY,473,83 Years,101,43,58,64,31,33,24,7,17,0,0,0,0,0,0,13,5,8
WALLER COUNTY,473,84 Years,112,54,58,69,33,36,27,13,14,3,2,1,0,0,0,13,6,7
WALLER COUNTY,473,85 Years,113,57,56,70,35,35,30,15,15,0,0,0,2,2,0,11,5,6
WALLER COUNTY,473,86 Years,100,44,56,63,28,35,22,9,13,1,0,1,2,2,0,12,5,7
WALLER COUNTY,473,87 Years,93,38,55,56,21,35,22,10,12,0,0,0,2,1,1,13,6,7
WALLER COUNTY,473,88 Years,68,32,36,47,21,26,14,8,6,1,0,1,1,0,1,5,3,2
WALLER COUNTY,473,89 Years,51,23,28,36,15,21,11,6,5,0,0,0,0,0,0,4,2,2
WALLER COUNTY,473,90 Years,51,20,31,34,15,19,8,3,5,1,0,1,1,0,1,7,2,5
WALLER COUNTY,473,91 Years,45,19,26,31,13,18,7,3,4,1,1,0,2,1,1,4,1,3
WALLER COUNTY,473,92 Years,38,17,21,27,12,15,6,2,4,1,1,0,1,1,0,3,1,2
WALLER COUNTY,473,93 Years,28,13,15,17,9,8,5,1,4,1,1,0,1,0,1,4,2,2
WALLER COUNTY,473,94 Years,22,9,13,14,6,8,5,1,4,1,1,0,0,0,0,2,1,1
WALLER COUNTY,473,95 Years +,54,16,38,31,10,21,14,4,10,1,0,1,0,0,0,8,2,6
WARD COUNTY,475,All Ages,11232,5631,5601,4370,2185,2185,494,256,238,37,17,20,147,67,80,6184,3106,3078
WARD COUNTY,475,< 1 Year,161,84,77,44,20,24,8,6,2,0,0,0,0,0,0,109,58,51
WARD COUNTY,475,1 Years,173,84,89,51,25,26,7,4,3,2,1,1,1,0,1,112,54,58
WARD COUNTY,475,2 Years,185,92,93,54,28,26,10,5,5,2,1,1,2,1,1,117,57,60
WARD COUNTY,475,3 Years,199,102,97,65,35,30,10,4,6,2,1,1,2,1,1,120,61,59
WARD COUNTY,475,4 Years,195,103,92,64,34,30,10,5,5,0,0,0,1,0,1,120,64,56
WARD COUNTY,475,5 Years,193,97,96,68,34,34,13,9,4,1,0,1,1,0,1,110,54,56
WARD COUNTY,475,6 Years,174,78,96,63,31,32,12,6,6,1,0,1,1,0,1,97,41,56
WARD COUNTY,475,7 Years,164,85,79,59,28,31,14,6,8,1,1,0,1,0,1,89,50,39
WARD COUNTY,475,8 Years,179,94,85,49,23,26,10,4,6,0,0,0,3,1,2,117,66,51
WARD COUNTY,475,9 Years,187,101,86,49,30,19,7,4,3,0,0,0,3,1,2,128,66,62
WARD COUNTY,475,10 Years,177,86,91,59,34,25,9,3,6,1,1,0,2,0,2,106,48,58
WARD COUNTY,475,11 Years,183,83,100,66,36,30,6,2,4,0,0,0,3,1,2,108,44,64
WARD COUNTY,475,12 Years,184,84,100,59,31,28,9,3,6,0,0,0,0,0,0,116,50,66
WARD COUNTY,475,13 Years,179,89,90,55,29,26,7,3,4,0,0,0,6,2,4,111,55,56
WARD COUNTY,475,14 Years,175,86,89,51,28,23,4,4,0,0,0,0,4,1,3,116,53,63
WARD COUNTY,475,15 Years,167,83,84,46,24,22,9,5,4,1,1,0,5,2,3,106,51,55
WARD COUNTY,475,16 Years,165,92,73,39,21,18,9,5,4,0,0,0,4,2,2,113,64,49
WARD COUNTY,475,17 Years,161,85,76,53,30,23,10,4,6,0,0,0,3,1,2,95,50,45
WARD COUNTY,475,18 Years,141,64,77,47,22,25,9,3,6,0,0,0,3,1,2,82,38,44
WARD COUNTY,475,19 Years,141,77,64,35,18,17,8,2,6,1,0,1,2,2,0,95,55,40
WARD COUNTY,475,20 Years,147,80,67,44,25,19,8,4,4,1,1,0,2,2,0,92,48,44
WARD COUNTY,475,21 Years,153,83,70,43,21,22,8,4,4,1,1,0,4,4,0,97,53,44
WARD COUNTY,475,22 Years,146,78,68,45,25,20,8,4,4,0,0,0,2,1,1,91,48,43
WARD COUNTY,475,23 Years,156,76,80,50,28,22,6,3,3,0,0,0,2,1,1,98,44,54
WARD COUNTY,475,24 Years,179,95,84,53,30,23,6,4,2,0,0,0,3,1,2,117,60,57
WARD COUNTY,475,25 Years,180,95,85,66,34,32,5,3,2,0,0,0,1,0,1,108,58,50
WARD COUNTY,475,26 Years,133,70,63,48,27,21,5,1,4,0,0,0,1,0,1,79,42,37
WARD COUNTY,475,27 Years,163,93,70,53,39,14,7,2,5,0,0,0,3,1,2,100,51,49
WARD COUNTY,475,28 Years,188,100,88,64,34,30,8,5,3,0,0,0,3,1,2,113,60,53
WARD COUNTY,475,29 Years,156,76,80,59,24,35,4,3,1,1,1,0,3,2,1,89,46,43
WARD COUNTY,475,30 Years,145,74,71,58,26,32,5,4,1,1,0,1,4,2,2,77,42,35
WARD COUNTY,475,31 Years,149,72,77,56,27,29,5,2,3,1,0,1,2,1,1,85,42,43
WARD COUNTY,475,32 Years,147,71,76,58,31,27,9,4,5,1,0,1,4,3,1,75,33,42
WARD COUNTY,475,33 Years,154,80,74,54,25,29,6,4,2,0,0,0,3,2,1,91,49,42
WARD COUNTY,475,34 Years,164,80,84,67,29,38,2,2,0,2,0,2,1,0,1,92,49,43
WARD COUNTY,475,35 Years,169,90,79,68,36,32,2,0,2,2,1,1,0,0,0,97,53,44
WARD COUNTY,475,36 Years,176,92,84,63,33,30,7,2,5,0,0,0,4,2,2,102,55,47
WARD COUNTY,475,37 Years,164,89,75,52,28,24,9,4,5,0,0,0,3,1,2,100,56,44
WARD COUNTY,475,38 Years,137,83,54,51,28,23,5,4,1,0,0,0,1,0,1,80,51,29
WARD COUNTY,475,39 Years,114,64,50,51,24,27,4,3,1,0,0,0,0,0,0,59,37,22
WARD COUNTY,475,40 Years,114,64,50,52,29,23,4,3,1,0,0,0,1,1,0,57,31,26
WARD COUNTY,475,41 Years,130,65,65,50,23,27,2,2,0,0,0,0,1,0,1,77,40,37
WARD COUNTY,475,42 Years,119,62,57,45,17,28,3,1,2,1,0,1,1,0,1,69,44,25
WARD COUNTY,475,43 Years,104,51,53,41,18,23,3,2,1,1,1,0,0,0,0,59,30,29
WARD COUNTY,475,44 Years,121,51,70,44,20,24,4,1,3,2,1,1,1,1,0,70,28,42
WARD COUNTY,475,45 Years,108,48,60,44,20,24,3,0,3,1,0,1,1,1,0,59,27,32
WARD COUNTY,475,46 Years,123,65,58,58,31,27,5,4,1,0,0,0,1,1,0,59,29,30
WARD COUNTY,475,47 Years,114,59,55,48,27,21,4,2,2,0,0,0,2,2,0,60,28,32
WARD COUNTY,475,48 Years,110,51,59,49,21,28,1,1,0,0,0,0,2,2,0,58,27,31
WARD COUNTY,475,49 Years,117,56,61,51,26,25,5,4,1,0,0,0,0,0,0,61,26,35
WARD COUNTY,475,50 Years,114,61,53,55,31,24,6,4,2,0,0,0,1,1,0,52,25,27
WARD COUNTY,475,51 Years,129,68,61,61,32,29,5,3,2,1,1,0,3,3,0,59,29,30
WARD COUNTY,475,52 Years,137,69,68,61,33,28,8,5,3,1,1,0,1,1,0,66,29,37
WARD COUNTY,475,53 Years,128,57,71,51,24,27,6,4,2,1,1,0,2,2,0,68,26,42
WARD COUNTY,475,54 Years,139,68,71,62,32,30,6,3,3,0,0,0,1,1,0,70,32,38
WARD COUNTY,475,55 Years,126,63,63,63,30,33,7,4,3,0,0,0,1,1,0,55,28,27
WARD COUNTY,475,56 Years,135,71,64,62,35,27,5,3,2,0,0,0,4,1,3,64,32,32
WARD COUNTY,475,57 Years,131,63,68,62,33,29,4,2,2,0,0,0,1,0,1,64,28,36
WARD COUNTY,475,58 Years,138,69,69,66,31,35,7,5,2,0,0,0,0,0,0,65,33,32
WARD COUNTY,475,59 Years,127,65,62,54,28,26,9,6,3,0,0,0,2,0,2,62,31,31
WARD COUNTY,475,60 Years,119,62,57,58,28,30,3,2,1,1,0,1,3,1,2,54,31,23
WARD COUNTY,475,61 Years,120,59,61,63,29,34,5,3,2,1,0,1,2,1,1,49,26,23
WARD COUNTY,475,62 Years,123,63,60,63,30,33,6,3,3,1,0,1,1,0,1,52,30,22
WARD COUNTY,475,63 Years,101,55,46,56,29,27,6,2,4,1,0,1,1,1,0,37,23,14
WARD COUNTY,475,64 Years,100,46,54,53,24,29,4,1,3,1,1,0,2,1,1,40,19,21
WARD COUNTY,475,65 Years,98,54,44,46,25,21,8,5,3,0,0,0,1,0,1,43,24,19
WARD COUNTY,475,66 Years,100,44,56,43,16,27,4,2,2,0,0,0,2,1,1,51,25,26
WARD COUNTY,475,67 Years,101,47,54,52,24,28,3,1,2,1,0,1,1,1,0,44,21,23
WARD COUNTY,475,68 Years,96,51,45,47,26,21,1,1,0,0,0,0,1,0,1,47,24,23
WARD COUNTY,475,69 Years,97,44,53,51,24,27,4,2,2,0,0,0,1,0,1,41,18,23
WARD COUNTY,475,70 Years,89,46,43,49,27,22,6,3,3,0,0,0,0,0,0,34,16,18
WARD COUNTY,475,71 Years,65,31,34,34,18,16,2,0,2,0,0,0,1,0,1,28,13,15
WARD COUNTY,475,72 Years,70,35,35,38,22,16,2,0,2,0,0,0,4,0,4,26,13,13
WARD COUNTY,475,73 Years,74,36,38,38,20,18,3,2,1,0,0,0,2,0,2,31,14,17
WARD COUNTY,475,74 Years,66,34,32,36,19,17,4,3,1,0,0,0,0,0,0,26,12,14
WARD COUNTY,475,75 Years,62,29,33,33,16,17,5,2,3,0,0,0,1,1,0,23,10,13
WARD COUNTY,475,76 Years,52,24,28,26,11,15,3,1,2,0,0,0,2,2,0,21,10,11
WARD COUNTY,475,77 Years,51,25,26,29,13,16,1,1,0,0,0,0,1,0,1,20,11,9
WARD COUNTY,475,78 Years,51,22,29,32,11,21,1,0,1,1,1,0,0,0,0,17,10,7
WARD COUNTY,475,79 Years,47,22,25,29,11,18,2,1,1,0,0,0,0,0,0,16,10,6
WARD COUNTY,475,80 Years,45,18,27,27,11,16,2,0,2,0,0,0,0,0,0,16,7,9
WARD COUNTY,475,81 Years,47,23,24,31,13,18,1,1,0,0,0,0,0,0,0,15,9,6
WARD COUNTY,475,82 Years,46,24,22,26,12,14,1,1,0,0,0,0,0,0,0,19,11,8
WARD COUNTY,475,83 Years,43,20,23,21,9,12,2,1,1,0,0,0,0,0,0,20,10,10
WARD COUNTY,475,84 Years,40,16,24,18,7,11,3,2,1,0,0,0,0,0,0,19,7,12
WARD COUNTY,475,85 Years,41,14,27,19,6,13,2,1,1,0,0,0,0,0,0,20,7,13
WARD COUNTY,475,86 Years,38,13,25,18,6,12,1,1,0,0,0,0,0,0,0,19,6,13
WARD COUNTY,475,87 Years,37,12,25,15,5,10,2,2,0,0,0,0,1,0,1,19,5,14
WARD COUNTY,475,88 Years,35,8,27,13,3,10,1,0,1,0,0,0,1,0,1,20,5,15
WARD COUNTY,475,89 Years,21,5,16,11,2,9,1,0,1,0,0,0,0,0,0,9,3,6
WARD COUNTY,475,90 Years,20,7,13,11,3,8,1,1,0,0,0,0,0,0,0,8,3,5
WARD COUNTY,475,91 Years,15,6,9,7,3,4,0,0,0,0,0,0,0,0,0,8,3,5
WARD COUNTY,475,92 Years,12,5,7,4,2,2,2,1,1,0,0,0,0,0,0,6,2,4
WARD COUNTY,475,93 Years,9,4,5,3,1,2,1,1,0,0,0,0,0,0,0,5,2,3
WARD COUNTY,475,94 Years,9,4,5,3,1,2,1,0,1,0,0,0,0,0,0,5,3,2
WARD COUNTY,475,95 Years +,25,7,18,9,2,7,3,1,2,0,0,0,0,0,0,13,4,9
WASHINGTON COUNTY,477,All Ages,35519,17508,18011,22712,11030,11682,6095,3005,3090,468,227,241,468,216,252,5776,3030,2746
WASHINGTON COUNTY,477,< 1 Year,401,194,207,196,94,102,66,29,37,1,1,0,12,7,5,126,63,63
WASHINGTON COUNTY,477,1 Years,394,187,207,193,90,103,63,28,35,2,1,1,10,5,5,126,63,63
WASHINGTON COUNTY,477,2 Years,404,204,200,204,108,96,64,30,34,1,0,1,11,4,7,124,62,62
WASHINGTON COUNTY,477,3 Years,400,201,199,203,107,96,64,32,32,2,1,1,13,5,8,118,56,62
WASHINGTON COUNTY,477,4 Years,398,203,195,207,110,97,63,33,30,1,1,0,9,5,4,118,54,64
WASHINGTON COUNTY,477,5 Years,406,211,195,198,110,88,65,29,36,2,1,1,11,7,4,130,64,66
WASHINGTON COUNTY,477,6 Years,423,219,204,208,118,90,69,30,39,2,1,1,9,5,4,135,65,70
WASHINGTON COUNTY,477,7 Years,393,203,190,192,103,89,65,37,28,2,1,1,9,3,6,125,59,66
WASHINGTON COUNTY,477,8 Years,448,230,218,206,110,96,88,46,42,8,4,4,11,3,8,135,67,68
WASHINGTON COUNTY,477,9 Years,450,220,230,204,99,105,96,45,51,5,3,2,13,7,6,132,66,66
WASHINGTON COUNTY,477,10 Years,426,214,212,193,100,93,87,38,49,4,2,2,13,6,7,129,68,61
WASHINGTON COUNTY,477,11 Years,439,219,220,207,109,98,95,41,54,6,5,1,8,3,5,123,61,62
WASHINGTON COUNTY,477,12 Years,461,251,210,222,124,98,103,53,50,4,3,1,6,1,5,126,70,56
WASHINGTON COUNTY,477,13 Years,456,253,203,221,114,107,86,55,31,3,1,2,8,2,6,138,81,57
WASHINGTON COUNTY,477,14 Years,483,279,204,222,124,98,105,61,44,7,3,4,10,6,4,139,85,54
WASHINGTON COUNTY,477,15 Years,454,267,187,211,121,90,97,58,39,6,2,4,6,3,3,134,83,51
WASHINGTON COUNTY,477,16 Years,477,258,219,219,113,106,86,56,30,9,4,5,4,2,2,159,83,76
WASHINGTON COUNTY,477,17 Years,462,254,208,218,121,97,88,50,38,8,5,3,10,6,4,138,72,66
WASHINGTON COUNTY,477,18 Years,616,317,299,318,161,157,170,94,76,7,4,3,10,5,5,111,53,58
WASHINGTON COUNTY,477,19 Years,617,329,288,328,164,164,185,111,74,5,4,1,12,4,8,87,46,41
WASHINGTON COUNTY,477,20 Years,499,274,225,257,132,125,146,90,56,7,4,3,11,6,5,78,42,36
WASHINGTON COUNTY,477,21 Years,429,219,210,234,123,111,111,57,54,8,3,5,8,5,3,68,31,37
WASHINGTON COUNTY,477,22 Years,333,159,174,192,98,94,63,28,35,5,3,2,8,4,4,65,26,39
WASHINGTON COUNTY,477,23 Years,373,183,190,215,109,106,80,42,38,6,2,4,6,3,3,66,27,39
WASHINGTON COUNTY,477,24 Years,406,202,204,230,112,118,97,50,47,6,2,4,8,5,3,65,33,32
WASHINGTON COUNTY,477,25 Years,440,207,233,244,109,135,96,45,51,11,6,5,9,5,4,80,42,38
WASHINGTON COUNTY,477,26 Years,620,285,335,355,164,191,126,57,69,11,4,7,16,8,8,112,52,60
WASHINGTON COUNTY,477,27 Years,517,257,260,290,142,148,105,53,52,7,2,5,12,6,6,103,54,49
WASHINGTON COUNTY,477,28 Years,348,186,162,201,106,95,62,31,31,6,4,2,5,4,1,74,41,33
WASHINGTON COUNTY,477,29 Years,412,208,204,220,110,110,104,53,51,6,2,4,10,3,7,72,40,32
WASHINGTON COUNTY,477,30 Years,416,207,209,229,113,116,90,43,47,5,1,4,6,1,5,86,49,37
WASHINGTON COUNTY,477,31 Years,396,207,189,219,110,109,81,41,40,4,1,3,3,2,1,89,53,36
WASHINGTON COUNTY,477,32 Years,392,215,177,212,116,96,77,35,42,6,5,1,2,1,1,95,58,37
WASHINGTON COUNTY,477,33 Years,386,189,197,226,115,111,72,28,44,10,4,6,5,2,3,73,40,33
WASHINGTON COUNTY,477,34 Years,394,192,202,235,119,116,66,28,38,12,5,7,4,4,0,77,36,41
WASHINGTON COUNTY,477,35 Years,400,189,211,231,113,118,71,24,47,6,2,4,3,3,0,89,47,42
WASHINGTON COUNTY,477,36 Years,389,187,202,223,112,111,72,25,47,9,5,4,3,0,3,82,45,37
WASHINGTON COUNTY,477,37 Years,382,215,167,230,132,98,66,34,32,3,2,1,5,0,5,78,47,31
WASHINGTON COUNTY,477,38 Years,373,193,180,227,117,110,59,29,30,9,6,3,3,2,1,75,39,36
WASHINGTON COUNTY,477,39 Years,392,200,192,237,117,120,62,31,31,6,1,5,5,3,2,82,48,34
WASHINGTON COUNTY,477,40 Years,363,179,184,218,108,110,68,31,37,2,0,2,4,2,2,71,38,33
WASHINGTON COUNTY,477,41 Years,352,176,176,209,101,108,61,32,29,4,1,3,3,1,2,75,41,34
WASHINGTON COUNTY,477,42 Years,345,166,179,204,93,111,53,26,27,4,1,3,7,5,2,77,41,36
WASHINGTON COUNTY,477,43 Years,341,180,161,197,95,102,63,36,27,6,4,2,4,2,2,71,43,28
WASHINGTON COUNTY,477,44 Years,361,190,171,218,110,108,66,31,35,7,5,2,1,1,0,69,43,26
WASHINGTON COUNTY,477,45 Years,377,198,179,229,114,115,65,36,29,10,4,6,0,0,0,73,44,29
WASHINGTON COUNTY,477,46 Years,379,201,178,240,117,123,60,37,23,6,3,3,2,2,0,71,42,29
WASHINGTON COUNTY,477,47 Years,414,202,212,253,116,137,76,36,40,8,5,3,5,3,2,72,42,30
WASHINGTON COUNTY,477,48 Years,401,197,204,262,121,141,66,35,31,10,6,4,2,1,1,61,34,27
WASHINGTON COUNTY,477,49 Years,365,172,193,230,110,120,61,25,36,16,5,11,1,0,1,57,32,25
WASHINGTON COUNTY,477,50 Years,355,177,178,242,124,118,50,21,29,11,4,7,1,0,1,51,28,23
WASHINGTON COUNTY,477,51 Years,400,203,197,280,136,144,68,39,29,10,6,4,2,1,1,40,21,19
WASHINGTON COUNTY,477,52 Years,431,212,219,305,142,163,73,39,34,6,3,3,3,2,1,44,26,18
WASHINGTON COUNTY,477,53 Years,484,243,241,340,169,171,86,44,42,5,3,2,4,2,2,49,25,24
WASHINGTON COUNTY,477,54 Years,492,257,235,355,185,170,75,37,38,8,5,3,5,2,3,49,28,21
WASHINGTON COUNTY,477,55 Years,471,236,235,344,175,169,73,33,40,6,3,3,3,1,2,45,24,21
WASHINGTON COUNTY,477,56 Years,509,243,266,372,181,191,82,36,46,7,2,5,5,1,4,43,23,20
WASHINGTON COUNTY,477,57 Years,522,252,270,375,176,199,92,48,44,4,1,3,5,2,3,46,25,21
WASHINGTON COUNTY,477,58 Years,493,237,256,362,171,191,89,40,49,4,3,1,4,2,2,34,21,13
WASHINGTON COUNTY,477,59 Years,496,236,260,383,184,199,65,26,39,7,3,4,5,3,2,36,20,16
WASHINGTON COUNTY,477,60 Years,510,245,265,364,170,194,90,45,45,5,2,3,9,6,3,42,22,20
WASHINGTON COUNTY,477,61 Years,473,239,234,340,168,172,84,47,37,6,2,4,3,1,2,40,21,19
WASHINGTON COUNTY,477,62 Years,514,241,273,383,181,202,82,39,43,10,5,5,5,3,2,34,13,21
WASHINGTON COUNTY,477,63 Years,493,236,257,384,183,201,64,33,31,9,3,6,5,2,3,31,15,16
WASHINGTON COUNTY,477,64 Years,479,231,248,376,182,194,59,30,29,3,1,2,3,1,2,38,17,21
WASHINGTON COUNTY,477,65 Years,483,234,249,384,193,191,62,27,35,4,1,3,3,1,2,30,12,18
WASHINGTON COUNTY,477,66 Years,452,213,239,369,176,193,54,23,31,4,2,2,4,2,2,21,10,11
WASHINGTON COUNTY,477,67 Years,439,207,232,353,170,183,57,22,35,6,2,4,7,2,5,16,11,5
WASHINGTON COUNTY,477,68 Years,406,193,213,323,157,166,46,20,26,7,3,4,4,1,3,26,12,14
WASHINGTON COUNTY,477,69 Years,422,196,226,348,168,180,49,17,32,7,3,4,3,1,2,15,7,8
WASHINGTON COUNTY,477,70 Years,438,202,236,360,173,187,44,16,28,4,2,2,3,0,3,27,11,16
WASHINGTON COUNTY,477,71 Years,361,172,189,295,139,156,41,21,20,4,3,1,1,0,1,20,9,11
WASHINGTON COUNTY,477,72 Years,330,162,168,266,130,136,45,19,26,3,3,0,1,1,0,15,9,6
WASHINGTON COUNTY,477,73 Years,350,169,181,285,138,147,40,21,19,1,0,1,2,1,1,22,9,13
WASHINGTON COUNTY,477,74 Years,323,165,158,276,139,137,32,18,14,2,2,0,2,1,1,11,5,6
WASHINGTON COUNTY,477,75 Years,298,134,164,252,112,140,34,16,18,4,3,1,3,0,3,5,3,2
WASHINGTON COUNTY,477,76 Years,289,127,162,246,108,138,30,15,15,3,1,2,2,0,2,8,3,5
WASHINGTON COUNTY,477,77 Years,250,109,141,199,85,114,40,17,23,3,2,1,1,1,0,7,4,3
WASHINGTON COUNTY,477,78 Years,254,109,145,210,90,120,33,12,21,3,2,1,1,1,0,7,4,3
WASHINGTON COUNTY,477,79 Years,232,103,129,196,85,111,26,13,13,2,2,0,1,0,1,7,3,4
WASHINGTON COUNTY,477,80 Years,205,91,114,178,79,99,19,9,10,2,1,1,1,0,1,5,2,3
WASHINGTON COUNTY,477,81 Years,199,83,116,172,74,98,20,6,14,1,1,0,0,0,0,6,2,4
WASHINGTON COUNTY,477,82 Years,188,76,112,166,69,97,18,5,13,0,0,0,0,0,0,4,2,2
WASHINGTON COUNTY,477,83 Years,165,70,95,147,64,83,14,5,9,0,0,0,1,1,0,3,0,3
WASHINGTON COUNTY,477,84 Years,166,67,99,148,60,88,11,5,6,2,0,2,1,1,0,4,1,3
WASHINGTON COUNTY,477,85 Years,148,56,92,134,50,84,10,5,5,0,0,0,0,0,0,4,1,3
WASHINGTON COUNTY,477,86 Years,155,61,94,137,53,84,10,4,6,2,2,0,0,0,0,6,2,4
WASHINGTON COUNTY,477,87 Years,155,59,96,135,52,83,14,4,10,1,1,0,2,0,2,3,2,1
WASHINGTON COUNTY,477,88 Years,124,48,76,111,43,68,10,4,6,0,0,0,1,0,1,2,1,1
WASHINGTON COUNTY,477,89 Years,99,37,62,85,33,52,8,3,5,0,0,0,3,0,3,3,1,2
WASHINGTON COUNTY,477,90 Years,92,30,62,80,26,54,7,3,4,0,0,0,1,0,1,4,1,3
WASHINGTON COUNTY,477,91 Years,74,21,53,63,19,44,7,2,5,1,0,1,1,0,1,2,0,2
WASHINGTON COUNTY,477,92 Years,66,20,46,57,17,40,8,3,5,0,0,0,0,0,0,1,0,1
WASHINGTON COUNTY,477,93 Years,64,19,45,56,17,39,6,2,4,0,0,0,0,0,0,2,0,2
WASHINGTON COUNTY,477,94 Years,45,13,32,38,10,28,5,2,3,0,0,0,0,0,0,2,1,1
WASHINGTON COUNTY,477,95 Years +,122,26,96,101,20,81,13,4,9,0,0,0,1,0,1,7,2,5
WEBB COUNTY,479,All Ages,278568,136273,142295,10829,5913,4916,601,400,201,1490,737,753,559,303,256,265089,128920,136169
WEBB COUNTY,479,< 1 Year,4501,2317,2184,181,94,87,14,8,6,14,7,7,5,3,2,4287,2205,2082
WEBB COUNTY,479,1 Years,4522,2320,2202,180,97,83,16,9,7,13,7,6,4,2,2,4309,2205,2104
WEBB COUNTY,479,2 Years,4697,2425,2272,182,99,83,15,9,6,13,6,7,6,2,4,4481,2309,2172
WEBB COUNTY,479,3 Years,4802,2486,2316,179,99,80,16,9,7,15,8,7,5,4,1,4587,2366,2221
WEBB COUNTY,479,4 Years,4824,2494,2330,188,93,95,14,7,7,16,9,7,7,5,2,4599,2380,2219
WEBB COUNTY,479,5 Years,4807,2478,2329,195,93,102,11,4,7,16,9,7,7,5,2,4578,2367,2211
WEBB COUNTY,479,6 Years,4786,2430,2356,173,74,99,8,1,7,16,7,9,7,4,3,4582,2344,2238
WEBB COUNTY,479,7 Years,4234,2092,2142,155,79,76,5,4,1,15,6,9,5,4,1,4054,1999,2055
WEBB COUNTY,479,8 Years,4937,2479,2458,178,91,87,5,4,1,20,8,12,10,4,6,4724,2372,2352
WEBB COUNTY,479,9 Years,5070,2560,2510,167,83,84,8,4,4,22,11,11,10,6,4,4863,2456,2407
WEBB COUNTY,479,10 Years,5071,2555,2516,160,70,90,13,9,4,15,8,7,6,3,3,4877,2465,2412
WEBB COUNTY,479,11 Years,4901,2460,2441,149,80,69,6,5,1,20,11,9,9,5,4,4717,2359,2358
WEBB COUNTY,479,12 Years,4962,2564,2398,147,79,68,10,5,5,17,10,7,9,6,3,4779,2464,2315
WEBB COUNTY,479,13 Years,4928,2591,2337,130,76,54,8,7,1,18,7,11,9,5,4,4763,2496,2267
WEBB COUNTY,479,14 Years,4806,2484,2322,116,65,51,9,7,2,21,13,8,6,3,3,4654,2396,2258
WEBB COUNTY,479,15 Years,4884,2503,2381,115,61,54,6,2,4,18,8,10,9,6,3,4736,2426,2310
WEBB COUNTY,479,16 Years,4791,2433,2358,96,51,45,11,6,5,24,10,14,7,4,3,4653,2362,2291
WEBB COUNTY,479,17 Years,4544,2333,2211,96,57,39,9,7,2,22,13,9,10,7,3,4407,2249,2158
WEBB COUNTY,479,18 Years,4709,2328,2381,102,50,52,19,13,6,30,18,12,7,6,1,4551,2241,2310
WEBB COUNTY,479,19 Years,5429,2646,2783,149,57,92,6,1,5,20,11,9,15,8,7,5239,2569,2670
WEBB COUNTY,479,20 Years,5122,2611,2511,97,40,57,9,2,7,25,20,5,16,12,4,4975,2537,2438
WEBB COUNTY,479,21 Years,4921,2412,2509,162,95,67,16,13,3,16,11,5,7,4,3,4720,2289,2431
WEBB COUNTY,479,22 Years,5024,2428,2596,130,41,89,20,14,6,36,17,19,8,2,6,4830,2354,2476
WEBB COUNTY,479,23 Years,4936,2511,2425,168,103,65,10,7,3,22,11,11,17,5,12,4719,2385,2334
WEBB COUNTY,479,24 Years,5090,2490,2600,114,54,60,6,3,3,29,11,18,9,6,3,4932,2416,2516
WEBB COUNTY,479,25 Years,4911,2449,2462,177,85,92,12,8,4,22,15,7,7,4,3,4693,2337,2356
WEBB COUNTY,479,26 Years,3920,2062,1858,103,76,27,1,1,0,16,12,4,2,1,1,3798,1972,1826
WEBB COUNTY,479,27 Years,3596,1806,1790,176,113,63,11,11,0,10,6,4,3,3,0,3396,1673,1723
WEBB COUNTY,479,28 Years,3461,1777,1684,125,72,53,2,2,0,9,1,8,8,8,0,3317,1694,1623
WEBB COUNTY,479,29 Years,3415,1812,1603,117,77,40,6,1,5,4,0,4,13,8,5,3275,1726,1549
WEBB COUNTY,479,30 Years,3498,1752,1746,95,43,52,10,10,0,11,7,4,10,9,1,3372,1683,1689
WEBB COUNTY,479,31 Years,3632,1827,1805,154,77,77,4,4,0,12,9,3,12,10,2,3450,1727,1723
WEBB COUNTY,479,32 Years,3606,1784,1822,136,88,48,2,2,0,29,14,15,8,5,3,3431,1675,1756
WEBB COUNTY,479,33 Years,3635,1805,1830,161,94,67,4,1,3,33,13,20,10,4,6,3427,1693,1734
WEBB COUNTY,479,34 Years,3664,1828,1836,169,105,64,6,1,5,29,8,21,9,5,4,3451,1709,1742
WEBB COUNTY,479,35 Years,3669,1836,1833,156,96,60,6,4,2,26,12,14,8,5,3,3473,1719,1754
WEBB COUNTY,479,36 Years,3746,1795,1951,140,74,66,7,6,1,24,10,14,7,6,1,3568,1699,1869
WEBB COUNTY,479,37 Years,3787,1818,1969,142,77,65,3,2,1,20,9,11,9,7,2,3613,1723,1890
WEBB COUNTY,479,38 Years,3535,1760,1775,129,82,47,19,18,1,21,9,12,9,5,4,3357,1646,1711
WEBB COUNTY,479,39 Years,3434,1671,1763,119,73,46,9,6,3,23,10,13,5,3,2,3278,1579,1699
WEBB COUNTY,479,40 Years,3464,1730,1734,109,72,37,9,6,3,21,10,11,4,2,2,3321,1640,1681
WEBB COUNTY,479,41 Years,3675,1817,1858,112,70,42,16,15,1,34,16,18,6,3,3,3507,1713,1794
WEBB COUNTY,479,42 Years,3733,1775,1958,118,67,51,22,20,2,29,11,18,9,1,8,3555,1676,1879
WEBB COUNTY,479,43 Years,3735,1766,1969,109,60,49,10,7,3,32,13,19,7,2,5,3577,1684,1893
WEBB COUNTY,479,44 Years,3653,1810,1843,123,68,55,7,5,2,21,9,12,4,3,1,3498,1725,1773
WEBB COUNTY,479,45 Years,3646,1728,1918,128,69,59,5,1,4,25,12,13,3,0,3,3485,1646,1839
WEBB COUNTY,479,46 Years,3599,1669,1930,127,82,45,9,7,2,34,16,18,9,2,7,3420,1562,1858
WEBB COUNTY,479,47 Years,3586,1663,1923,132,79,53,8,5,3,38,18,20,7,3,4,3401,1558,1843
WEBB COUNTY,479,48 Years,3422,1635,1787,119,66,53,4,1,3,33,16,17,6,5,1,3260,1547,1713
WEBB COUNTY,479,49 Years,3263,1517,1746,113,59,54,5,0,5,38,26,12,8,4,4,3099,1428,1671
WEBB COUNTY,479,50 Years,3105,1449,1656,132,71,61,5,3,2,22,10,12,11,5,6,2935,1360,1575
WEBB COUNTY,479,51 Years,3042,1427,1615,116,61,55,7,5,2,21,9,12,10,5,5,2888,1347,1541
WEBB COUNTY,479,52 Years,3064,1425,1639,133,74,59,3,3,0,30,17,13,9,1,8,2889,1330,1559
WEBB COUNTY,479,53 Years,2910,1358,1552,127,76,51,4,4,0,26,18,8,6,3,3,2747,1257,1490
WEBB COUNTY,479,54 Years,2894,1387,1507,124,70,54,8,6,2,28,14,14,7,2,5,2727,1295,1432
WEBB COUNTY,479,55 Years,2801,1392,1409,137,76,61,9,7,2,23,11,12,3,0,3,2629,1298,1331
WEBB COUNTY,479,56 Years,2811,1296,1515,164,89,75,9,7,2,18,8,10,2,1,1,2618,1191,1427
WEBB COUNTY,479,57 Years,2787,1349,1438,145,72,73,6,4,2,14,8,6,6,5,1,2616,1260,1356
WEBB COUNTY,479,58 Years,2588,1240,1348,144,78,66,8,6,2,14,5,9,3,2,1,2419,1149,1270
WEBB COUNTY,479,59 Years,2528,1153,1375,152,92,60,9,7,2,11,4,7,7,2,5,2349,1048,1301
WEBB COUNTY,479,60 Years,2502,1127,1375,136,70,66,7,6,1,19,9,10,7,4,3,2333,1038,1295
WEBB COUNTY,479,61 Years,2391,1131,1260,137,76,61,9,5,4,21,10,11,8,4,4,2216,1036,1180
WEBB COUNTY,479,62 Years,2298,1064,1234,141,69,72,7,5,2,21,12,9,5,1,4,2124,977,1147
WEBB COUNTY,479,63 Years,2143,986,1157,129,73,56,5,5,0,13,6,7,7,2,5,1989,900,1089
WEBB COUNTY,479,64 Years,1956,925,1031,146,96,50,3,2,1,9,4,5,8,4,4,1790,819,971
WEBB COUNTY,479,65 Years,1859,832,1027,116,63,53,2,0,2,12,5,7,5,2,3,1724,762,962
WEBB COUNTY,479,66 Years,1810,824,986,132,58,74,2,0,2,9,3,6,6,2,4,1661,761,900
WEBB COUNTY,479,67 Years,1786,812,974,138,71,67,2,0,2,7,3,4,7,3,4,1632,735,897
WEBB COUNTY,479,68 Years,1711,804,907,148,94,54,6,4,2,9,3,6,5,2,3,1543,701,842
WEBB COUNTY,479,69 Years,1745,830,915,145,82,63,4,3,1,14,8,6,4,3,1,1578,734,844
WEBB COUNTY,479,70 Years,1582,718,864,123,64,59,3,2,1,11,7,4,5,2,3,1440,643,797
WEBB COUNTY,479,71 Years,1377,617,760,99,53,46,1,1,0,7,3,4,3,2,1,1267,558,709
WEBB COUNTY,479,72 Years,1340,585,755,106,54,52,1,1,0,7,4,3,5,3,2,1221,523,698
WEBB COUNTY,479,73 Years,1192,510,682,76,43,33,1,1,0,3,2,1,1,0,1,1111,464,647
WEBB COUNTY,479,74 Years,1116,489,627,80,50,30,1,1,0,3,2,1,2,0,2,1030,436,594
WEBB COUNTY,479,75 Years,1079,464,615,79,49,30,1,1,0,3,1,2,4,2,2,992,411,581
WEBB COUNTY,479,76 Years,986,440,546,64,37,27,1,1,0,5,3,2,1,0,1,915,399,516
WEBB COUNTY,479,77 Years,912,393,519,63,35,28,1,1,0,2,2,0,1,1,0,845,354,491
WEBB COUNTY,479,78 Years,851,361,490,57,28,29,1,1,0,1,1,0,4,4,0,788,327,461
WEBB COUNTY,479,79 Years,766,318,448,41,24,17,1,1,0,2,2,0,1,1,0,721,290,431
WEBB COUNTY,479,80 Years,684,263,421,36,26,10,1,0,1,2,0,2,3,2,1,642,235,407
WEBB COUNTY,479,81 Years,684,271,413,34,20,14,1,0,1,1,0,1,2,2,0,646,249,397
WEBB COUNTY,479,82 Years,613,244,369,29,19,10,0,0,0,3,0,3,1,1,0,580,224,356
WEBB COUNTY,479,83 Years,512,207,305,20,11,9,0,0,0,2,1,1,0,0,0,490,195,295
WEBB COUNTY,479,84 Years,454,172,282,23,8,15,2,2,0,1,1,0,1,1,0,427,160,267
WEBB COUNTY,479,85 Years,472,176,296,23,11,12,1,1,0,0,0,0,0,0,0,448,164,284
WEBB COUNTY,479,86 Years,416,160,256,16,7,9,0,0,0,1,0,1,0,0,0,399,153,246
WEBB COUNTY,479,87 Years,394,148,246,22,9,13,1,0,1,1,0,1,1,0,1,369,139,230
WEBB COUNTY,479,88 Years,356,127,229,18,11,7,1,0,1,1,0,1,0,0,0,336,116,220
WEBB COUNTY,479,89 Years,302,107,195,20,10,10,0,0,0,1,0,1,2,0,2,279,97,182
WEBB COUNTY,479,90 Years,257,83,174,18,7,11,0,0,0,2,1,1,1,0,1,236,75,161
WEBB COUNTY,479,91 Years,212,66,146,11,7,4,0,0,0,1,0,1,0,0,0,200,59,141
WEBB COUNTY,479,92 Years,178,59,119,8,5,3,0,0,0,0,0,0,1,0,1,169,54,115
WEBB COUNTY,479,93 Years,135,44,91,5,3,2,0,0,0,0,0,0,1,0,1,129,41,88
WEBB COUNTY,479,94 Years,109,37,72,5,3,2,0,0,0,0,0,0,0,0,0,104,34,70
WEBB COUNTY,479,95 Years +,275,81,194,13,3,10,0,0,0,2,1,1,0,0,0,260,77,183
WHARTON COUNTY,481,All Ages,41002,20209,20793,18193,8813,9380,5237,2484,2753,182,92,90,389,200,189,17001,8620,8381
WHARTON COUNTY,481,< 1 Year,557,290,267,178,94,84,54,30,24,2,1,1,10,5,5,313,160,153
WHARTON COUNTY,481,1 Years,567,292,275,176,93,83,62,34,28,4,2,2,10,5,5,315,158,157
WHARTON COUNTY,481,2 Years,567,288,279,182,94,88,62,33,29,5,3,2,9,4,5,309,154,155
WHARTON COUNTY,481,3 Years,555,282,273,178,93,85,66,36,30,6,3,3,9,5,4,296,145,151
WHARTON COUNTY,481,4 Years,537,273,264,176,88,88,61,33,28,4,2,2,9,4,5,287,146,141
WHARTON COUNTY,481,5 Years,537,280,257,179,86,93,58,34,24,6,3,3,8,4,4,286,153,133
WHARTON COUNTY,481,6 Years,549,287,262,179,88,91,58,35,23,4,3,1,11,5,6,297,156,141
WHARTON COUNTY,481,7 Years,566,300,266,185,102,83,55,26,29,6,2,4,10,8,2,310,162,148
WHARTON COUNTY,481,8 Years,575,301,274,183,100,83,69,38,31,1,0,1,9,4,5,313,159,154
WHARTON COUNTY,481,9 Years,610,316,294,196,108,88,90,43,47,0,0,0,8,3,5,316,162,154
WHARTON COUNTY,481,10 Years,619,313,306,186,86,100,85,46,39,1,1,0,11,6,5,336,174,162
WHARTON COUNTY,481,11 Years,603,312,291,177,84,93,67,37,30,2,1,1,8,4,4,349,186,163
WHARTON COUNTY,481,12 Years,613,321,292,177,84,93,79,40,39,1,0,1,12,7,5,344,190,154
WHARTON COUNTY,481,13 Years,650,333,317,214,110,104,73,35,38,2,2,0,11,7,4,350,179,171
WHARTON COUNTY,481,14 Years,621,307,314,201,99,102,79,35,44,2,1,1,9,6,3,330,166,164
WHARTON COUNTY,481,15 Years,619,326,293,198,101,97,78,39,39,2,1,1,4,1,3,337,184,153
WHARTON COUNTY,481,16 Years,578,299,279,200,102,98,74,43,31,0,0,0,4,2,2,300,152,148
WHARTON COUNTY,481,17 Years,598,295,303,212,104,108,81,39,42,0,0,0,4,2,2,301,150,151
WHARTON COUNTY,481,18 Years,533,265,268,178,86,92,59,28,31,0,0,0,8,5,3,288,146,142
WHARTON COUNTY,481,19 Years,500,259,241,155,83,72,66,36,30,2,0,2,7,3,4,270,137,133
WHARTON COUNTY,481,20 Years,495,235,260,148,71,77,64,30,34,2,0,2,6,2,4,275,132,143
WHARTON COUNTY,481,21 Years,470,237,233,161,80,81,62,27,35,3,1,2,5,1,4,239,128,111
WHARTON COUNTY,481,22 Years,457,247,210,178,97,81,65,35,30,2,0,2,4,2,2,208,113,95
WHARTON COUNTY,481,23 Years,548,296,252,198,111,87,71,38,33,2,0,2,6,4,2,271,143,128
WHARTON COUNTY,481,24 Years,571,299,272,199,102,97,73,36,37,1,0,1,7,5,2,291,156,135
WHARTON COUNTY,481,25 Years,516,276,240,181,92,89,78,41,37,1,0,1,6,6,0,250,137,113
WHARTON COUNTY,481,26 Years,562,293,269,206,112,94,95,42,53,6,4,2,4,3,1,251,132,119
WHARTON COUNTY,481,27 Years,589,298,291,207,103,104,89,43,46,3,2,1,5,2,3,285,148,137
WHARTON COUNTY,481,28 Years,525,265,260,213,104,109,67,32,35,1,1,0,6,2,4,238,126,112
WHARTON COUNTY,481,29 Years,477,256,221,190,103,87,63,31,32,3,3,0,3,2,1,218,117,101
WHARTON COUNTY,481,30 Years,497,264,233,190,100,90,62,34,28,3,3,0,1,1,0,241,126,115
WHARTON COUNTY,481,31 Years,516,259,257,185,97,88,69,36,33,3,2,1,2,0,2,257,124,133
WHARTON COUNTY,481,32 Years,503,249,254,184,97,87,61,23,38,3,1,2,4,3,1,251,125,126
WHARTON COUNTY,481,33 Years,524,273,251,212,107,105,77,37,40,4,0,4,3,3,0,228,126,102
WHARTON COUNTY,481,34 Years,514,246,268,204,93,111,76,39,37,2,1,1,4,2,2,228,111,117
WHARTON COUNTY,481,35 Years,519,231,288,218,93,125,59,26,33,4,2,2,5,2,3,233,108,125
WHARTON COUNTY,481,36 Years,495,244,251,215,106,109,56,24,32,2,1,1,3,0,3,219,113,106
WHARTON COUNTY,481,37 Years,466,230,236,198,103,95,52,20,32,3,1,2,1,0,1,212,106,106
WHARTON COUNTY,481,38 Years,488,232,256,214,102,112,69,29,40,3,1,2,1,1,0,201,99,102
WHARTON COUNTY,481,39 Years,462,227,235,190,91,99,58,28,30,1,0,1,2,2,0,211,106,105
WHARTON COUNTY,481,40 Years,446,216,230,186,90,96,58,28,30,3,1,2,4,3,1,195,94,101
WHARTON COUNTY,481,41 Years,446,217,229,171,81,90,53,21,32,2,1,1,2,1,1,218,113,105
WHARTON COUNTY,481,42 Years,415,198,217,177,87,90,49,19,30,0,0,0,4,2,2,185,90,95
WHARTON COUNTY,481,43 Years,429,218,211,186,103,83,47,24,23,3,3,0,2,1,1,191,87,104
WHARTON COUNTY,481,44 Years,413,208,205,170,88,82,48,26,22,4,3,1,2,1,1,189,90,99
WHARTON COUNTY,481,45 Years,463,223,240,197,96,101,47,27,20,3,2,1,3,1,2,213,97,116
WHARTON COUNTY,481,46 Years,482,237,245,205,106,99,61,29,32,4,3,1,3,1,2,209,98,111
WHARTON COUNTY,481,47 Years,489,242,247,226,108,118,60,30,30,3,2,1,2,2,0,198,100,98
WHARTON COUNTY,481,48 Years,435,211,224,197,91,106,49,27,22,1,0,1,2,1,1,186,92,94
WHARTON COUNTY,481,49 Years,456,214,242,189,88,101,52,26,26,1,1,0,3,2,1,211,97,114
WHARTON COUNTY,481,50 Years,486,244,242,220,113,107,62,29,33,2,0,2,2,2,0,200,100,100
WHARTON COUNTY,481,51 Years,491,258,233,229,118,111,67,32,35,2,1,1,1,1,0,192,106,86
WHARTON COUNTY,481,52 Years,510,242,268,242,118,124,74,27,47,3,1,2,2,1,1,189,95,94
WHARTON COUNTY,481,53 Years,522,257,265,260,129,131,62,24,38,2,0,2,3,0,3,195,104,91
WHARTON COUNTY,481,54 Years,522,246,276,263,119,144,67,31,36,4,2,2,4,1,3,184,93,91
WHARTON COUNTY,481,55 Years,493,237,256,254,116,138,68,33,35,2,2,0,3,1,2,166,85,81
WHARTON COUNTY,481,56 Years,528,267,261,279,136,143,74,32,42,2,1,1,6,4,2,167,94,73
WHARTON COUNTY,481,57 Years,525,251,274,291,139,152,72,31,41,0,0,0,6,4,2,156,77,79
WHARTON COUNTY,481,58 Years,534,258,276,297,143,154,82,38,44,0,0,0,6,2,4,149,75,74
WHARTON COUNTY,481,59 Years,531,260,271,296,139,157,77,38,39,1,1,0,3,2,1,154,80,74
WHARTON COUNTY,481,60 Years,547,250,297,308,143,165,71,31,40,2,1,1,3,1,2,163,74,89
WHARTON COUNTY,481,61 Years,560,271,289,322,153,169,69,33,36,5,3,2,3,0,3,161,82,79
WHARTON COUNTY,481,62 Years,526,246,280,284,120,164,77,39,38,4,2,2,1,1,0,160,84,76
WHARTON COUNTY,481,63 Years,507,243,264,296,143,153,75,32,43,1,0,1,5,3,2,130,65,65
WHARTON COUNTY,481,64 Years,486,241,245,291,145,146,63,28,35,3,1,2,5,3,2,124,64,60
WHARTON COUNTY,481,65 Years,463,237,226,288,148,140,51,26,25,0,0,0,5,2,3,119,61,58
WHARTON COUNTY,481,66 Years,492,242,250,300,147,153,60,28,32,3,1,2,3,1,2,126,65,61
WHARTON COUNTY,481,67 Years,469,223,246,281,136,145,60,26,34,4,2,2,4,2,2,120,57,63
WHARTON COUNTY,481,68 Years,437,211,226,279,137,142,55,20,35,1,1,0,4,2,2,98,51,47
WHARTON COUNTY,481,69 Years,410,196,214,249,121,128,57,23,34,3,3,0,4,1,3,97,48,49
WHARTON COUNTY,481,70 Years,382,181,201,257,118,139,42,18,24,3,2,1,5,3,2,75,40,35
WHARTON COUNTY,481,71 Years,324,149,175,212,98,114,35,16,19,2,0,2,4,2,2,71,33,38
WHARTON COUNTY,481,72 Years,325,150,175,207,92,115,40,22,18,0,0,0,3,2,1,75,34,41
WHARTON COUNTY,481,73 Years,315,155,160,210,105,105,39,17,22,2,1,1,2,1,1,62,31,31
WHARTON COUNTY,481,74 Years,303,148,155,201,104,97,40,18,22,1,0,1,5,0,5,56,26,30
WHARTON COUNTY,481,75 Years,295,135,160,192,88,104,42,17,25,1,0,1,5,2,3,55,28,27
WHARTON COUNTY,481,76 Years,275,125,150,169,75,94,43,18,25,0,0,0,1,1,0,62,31,31
WHARTON COUNTY,481,77 Years,236,105,131,152,65,87,32,15,17,0,0,0,1,0,1,51,25,26
WHARTON COUNTY,481,78 Years,234,101,133,149,62,87,31,13,18,1,1,0,3,2,1,50,23,27
WHARTON COUNTY,481,79 Years,243,108,135,158,71,87,37,18,19,1,1,0,2,1,1,45,17,28
WHARTON COUNTY,481,80 Years,219,98,121,148,68,80,31,12,19,1,1,0,1,1,0,38,16,22
WHARTON COUNTY,481,81 Years,194,76,118,133,54,79,24,7,17,0,0,0,0,0,0,37,15,22
WHARTON COUNTY,481,82 Years,176,75,101,121,54,67,24,8,16,0,0,0,1,1,0,30,12,18
WHARTON COUNTY,481,83 Years,165,66,99,111,46,65,24,8,16,0,0,0,1,0,1,29,12,17
WHARTON COUNTY,481,84 Years,144,63,81,104,46,58,21,8,13,0,0,0,0,0,0,19,9,10
WHARTON COUNTY,481,85 Years,127,55,72,94,41,53,16,7,9,0,0,0,0,0,0,17,7,10
WHARTON COUNTY,481,86 Years,129,44,85,94,30,64,12,5,7,0,0,0,1,0,1,22,9,13
WHARTON COUNTY,481,87 Years,122,37,85,83,26,57,18,5,13,0,0,0,1,0,1,20,6,14
WHARTON COUNTY,481,88 Years,96,32,64,67,22,45,12,5,7,0,0,0,1,0,1,16,5,11
WHARTON COUNTY,481,89 Years,86,32,54,61,22,39,7,3,4,0,0,0,0,0,0,18,7,11
WHARTON COUNTY,481,90 Years,72,26,46,50,17,33,9,3,6,0,0,0,0,0,0,13,6,7
WHARTON COUNTY,481,91 Years,64,21,43,41,16,25,12,2,10,0,0,0,0,0,0,11,3,8
WHARTON COUNTY,481,92 Years,55,16,39,38,12,26,9,1,8,0,0,0,1,1,0,7,2,5
WHARTON COUNTY,481,93 Years,49,16,33,36,11,25,6,2,4,0,0,0,1,1,0,6,2,4
WHARTON COUNTY,481,94 Years,36,13,23,24,9,15,7,2,5,0,0,0,0,0,0,5,2,3
WHARTON COUNTY,481,95 Years +,75,22,53,47,11,36,15,5,10,0,0,0,1,0,1,12,6,6
WHEELER COUNTY,483,All Ages,5488,2734,2754,3698,1828,1870,114,52,62,24,8,16,123,58,65,1529,788,741
WHEELER COUNTY,483,< 1 Year,73,36,37,41,20,21,0,0,0,0,0,0,6,3,3,26,13,13
WHEELER COUNTY,483,1 Years,73,39,34,41,20,21,0,0,0,0,0,0,4,3,1,28,16,12
WHEELER COUNTY,483,2 Years,85,43,42,38,19,19,2,1,1,0,0,0,8,3,5,37,20,17
WHEELER COUNTY,483,3 Years,85,43,42,34,17,17,2,1,1,0,0,0,8,3,5,41,22,19
WHEELER COUNTY,483,4 Years,83,42,41,31,16,15,2,1,1,0,0,0,9,4,5,41,21,20
WHEELER COUNTY,483,5 Years,68,34,34,29,15,14,1,1,0,0,0,0,3,1,2,35,17,18
WHEELER COUNTY,483,6 Years,69,36,33,31,17,14,2,2,0,0,0,0,0,0,0,36,17,19
WHEELER COUNTY,483,7 Years,81,47,34,37,18,19,0,0,0,0,0,0,3,1,2,41,28,13
WHEELER COUNTY,483,8 Years,75,46,29,33,18,15,1,1,0,1,0,1,2,1,1,38,26,12
WHEELER COUNTY,483,9 Years,73,40,33,31,17,14,1,1,0,1,0,1,2,1,1,38,21,17
WHEELER COUNTY,483,10 Years,73,36,37,27,14,13,1,1,0,1,0,1,1,0,1,43,21,22
WHEELER COUNTY,483,11 Years,80,37,43,31,15,16,2,1,1,0,0,0,3,1,2,44,20,24
WHEELER COUNTY,483,12 Years,84,45,39,42,27,15,5,1,4,0,0,0,3,2,1,34,15,19
WHEELER COUNTY,483,13 Years,77,34,43,40,19,21,2,1,1,0,0,0,4,2,2,31,12,19
WHEELER COUNTY,483,14 Years,79,40,39,40,21,19,2,1,1,0,0,0,1,0,1,36,18,18
WHEELER COUNTY,483,15 Years,70,43,27,32,21,11,2,1,1,0,0,0,0,0,0,36,21,15
WHEELER COUNTY,483,16 Years,61,33,28,33,17,16,1,0,1,0,0,0,2,1,1,25,15,10
WHEELER COUNTY,483,17 Years,74,34,40,46,23,23,2,1,1,0,0,0,1,0,1,25,10,15
WHEELER COUNTY,483,18 Years,70,37,33,40,23,17,1,0,1,1,0,1,0,0,0,28,14,14
WHEELER COUNTY,483,19 Years,68,33,35,34,18,16,2,0,2,0,0,0,2,1,1,30,14,16
WHEELER COUNTY,483,20 Years,68,35,33,36,20,16,4,1,3,0,0,0,3,2,1,25,12,13
WHEELER COUNTY,483,21 Years,70,32,38,43,19,24,3,1,2,0,0,0,1,0,1,23,12,11
WHEELER COUNTY,483,22 Years,62,29,33,35,16,19,1,0,1,0,0,0,0,0,0,26,13,13
WHEELER COUNTY,483,23 Years,64,27,37,42,19,23,1,0,1,0,0,0,2,0,2,19,8,11
WHEELER COUNTY,483,24 Years,74,42,32,46,26,20,3,1,2,0,0,0,1,0,1,24,15,9
WHEELER COUNTY,483,25 Years,77,40,37,48,26,22,3,1,2,0,0,0,1,0,1,25,13,12
WHEELER COUNTY,483,26 Years,60,31,29,30,15,15,2,1,1,0,0,0,4,3,1,24,12,12
WHEELER COUNTY,483,27 Years,43,24,19,28,15,13,1,1,0,0,0,0,2,1,1,12,7,5
WHEELER COUNTY,483,28 Years,40,17,23,25,10,15,0,0,0,0,0,0,0,0,0,15,7,8
WHEELER COUNTY,483,29 Years,45,18,27,28,11,17,2,0,2,0,0,0,0,0,0,15,7,8
WHEELER COUNTY,483,30 Years,60,36,24,37,20,17,3,1,2,0,0,0,1,1,0,19,14,5
WHEELER COUNTY,483,31 Years,62,32,30,37,17,20,2,1,1,0,0,0,0,0,0,23,14,9
WHEELER COUNTY,483,32 Years,66,29,37,45,20,25,1,0,1,0,0,0,0,0,0,20,9,11
WHEELER COUNTY,483,33 Years,68,31,37,47,22,25,2,0,2,0,0,0,1,0,1,18,9,9
WHEELER COUNTY,483,34 Years,66,34,32,44,22,22,3,1,2,0,0,0,1,0,1,18,11,7
WHEELER COUNTY,483,35 Years,61,29,32,35,18,17,1,1,0,0,0,0,3,1,2,22,9,13
WHEELER COUNTY,483,36 Years,57,29,28,38,19,19,0,0,0,0,0,0,1,1,0,18,9,9
WHEELER COUNTY,483,37 Years,66,32,34,40,21,19,1,0,1,0,0,0,1,1,0,24,10,14
WHEELER COUNTY,483,38 Years,54,30,24,32,18,14,3,2,1,0,0,0,1,1,0,18,9,9
WHEELER COUNTY,483,39 Years,43,22,21,25,11,14,1,1,0,1,1,0,0,0,0,16,9,7
WHEELER COUNTY,483,40 Years,53,23,30,29,10,19,1,1,0,0,0,0,1,1,0,22,11,11
WHEELER COUNTY,483,41 Years,61,28,33,30,13,17,0,0,0,1,0,1,0,0,0,30,15,15
WHEELER COUNTY,483,42 Years,71,39,32,44,23,21,0,0,0,1,0,1,0,0,0,26,16,10
WHEELER COUNTY,483,43 Years,60,34,26,38,23,15,1,0,1,0,0,0,1,1,0,20,10,10
WHEELER COUNTY,483,44 Years,61,28,33,41,19,22,2,1,1,0,0,0,1,1,0,17,7,10
WHEELER COUNTY,483,45 Years,55,28,27,33,19,14,3,2,1,0,0,0,0,0,0,19,7,12
WHEELER COUNTY,483,46 Years,64,30,34,45,22,23,1,1,0,0,0,0,0,0,0,18,7,11
WHEELER COUNTY,483,47 Years,55,24,31,39,17,22,0,0,0,0,0,0,0,0,0,16,7,9
WHEELER COUNTY,483,48 Years,55,27,28,38,18,20,0,0,0,0,0,0,0,0,0,17,9,8
WHEELER COUNTY,483,49 Years,50,26,24,33,18,15,2,0,2,0,0,0,0,0,0,15,8,7
WHEELER COUNTY,483,50 Years,54,30,24,44,27,17,1,0,1,0,0,0,0,0,0,9,3,6
WHEELER COUNTY,483,51 Years,47,26,21,31,18,13,3,2,1,0,0,0,0,0,0,13,6,7
WHEELER COUNTY,483,52 Years,53,27,26,36,17,19,1,1,0,0,0,0,1,1,0,15,8,7
WHEELER COUNTY,483,53 Years,58,25,33,40,18,22,1,1,0,0,0,0,2,0,2,15,6,9
WHEELER COUNTY,483,54 Years,65,31,34,51,25,26,2,2,0,0,0,0,1,0,1,11,4,7
WHEELER COUNTY,483,55 Years,70,32,38,56,25,31,2,0,2,0,0,0,2,1,1,10,6,4
WHEELER COUNTY,483,56 Years,71,32,39,53,22,31,2,0,2,1,0,1,2,2,0,13,8,5
WHEELER COUNTY,483,57 Years,69,27,42,59,22,37,2,1,1,0,0,0,1,0,1,7,4,3
WHEELER COUNTY,483,58 Years,75,36,39,65,33,32,1,1,0,0,0,0,0,0,0,9,2,7
WHEELER COUNTY,483,59 Years,78,33,45,69,30,39,1,1,0,0,0,0,1,0,1,7,2,5
WHEELER COUNTY,483,60 Years,83,46,37,71,39,32,2,0,2,1,0,1,0,0,0,9,7,2
WHEELER COUNTY,483,61 Years,86,38,48,77,33,44,1,1,0,1,0,1,0,0,0,7,4,3
WHEELER COUNTY,483,62 Years,88,45,43,79,41,38,1,1,0,0,0,0,1,0,1,7,3,4
WHEELER COUNTY,483,63 Years,74,39,35,63,32,31,0,0,0,0,0,0,2,1,1,9,6,3
WHEELER COUNTY,483,64 Years,67,38,29,53,26,27,2,2,0,0,0,0,4,4,0,8,6,2
WHEELER COUNTY,483,65 Years,69,38,31,62,34,28,1,0,1,1,0,1,2,2,0,3,2,1
WHEELER COUNTY,483,66 Years,68,34,34,59,29,30,1,0,1,0,0,0,1,0,1,7,5,2
WHEELER COUNTY,483,67 Years,63,31,32,54,26,28,1,0,1,0,0,0,1,1,0,7,4,3
WHEELER COUNTY,483,68 Years,60,33,27,55,29,26,0,0,0,0,0,0,0,0,0,5,4,1
WHEELER COUNTY,483,69 Years,67,36,31,58,32,26,1,0,1,1,1,0,1,1,0,6,2,4
WHEELER COUNTY,483,70 Years,68,33,35,60,32,28,0,0,0,0,0,0,2,0,2,6,1,5
WHEELER COUNTY,483,71 Years,57,26,31,51,25,26,0,0,0,2,0,2,0,0,0,4,1,3
WHEELER COUNTY,483,72 Years,57,30,27,49,23,26,0,0,0,1,1,0,1,1,0,6,5,1
WHEELER COUNTY,483,73 Years,61,32,29,53,27,26,0,0,0,1,0,1,0,0,0,7,5,2
WHEELER COUNTY,483,74 Years,58,28,30,51,25,26,1,1,0,0,0,0,2,0,2,4,2,2
WHEELER COUNTY,483,75 Years,53,24,29,47,22,25,1,1,0,0,0,0,3,0,3,2,1,1
WHEELER COUNTY,483,76 Years,49,26,23,46,25,21,0,0,0,0,0,0,1,0,1,2,1,1
WHEELER COUNTY,483,77 Years,41,21,20,37,18,19,1,0,1,1,1,0,1,1,0,1,1,0
WHEELER COUNTY,483,78 Years,46,27,19,40,23,17,0,0,0,3,1,2,1,1,0,2,2,0
WHEELER COUNTY,483,79 Years,39,21,18,34,17,17,1,1,0,2,2,0,0,0,0,2,1,1
WHEELER COUNTY,483,80 Years,34,18,16,33,17,16,0,0,0,1,1,0,0,0,0,0,0,0
WHEELER COUNTY,483,81 Years,34,14,20,31,12,19,0,0,0,0,0,0,0,0,0,3,2,1
WHEELER COUNTY,483,82 Years,32,11,21,29,10,19,1,0,1,0,0,0,0,0,0,2,1,1
WHEELER COUNTY,483,83 Years,25,13,12,24,12,12,1,1,0,0,0,0,0,0,0,0,0,0
WHEELER COUNTY,483,84 Years,25,9,16,24,8,16,1,1,0,0,0,0,0,0,0,0,0,0
WHEELER COUNTY,483,85 Years,23,12,11,19,9,10,0,0,0,0,0,0,0,0,0,4,3,1
WHEELER COUNTY,483,86 Years,18,10,8,15,9,6,1,1,0,0,0,0,0,0,0,2,0,2
WHEELER COUNTY,483,87 Years,19,7,12,17,7,10,0,0,0,0,0,0,0,0,0,2,0,2
WHEELER COUNTY,483,88 Years,23,10,13,20,8,12,0,0,0,1,0,1,1,1,0,1,1,0
WHEELER COUNTY,483,89 Years,17,4,13,16,4,12,1,0,1,0,0,0,0,0,0,0,0,0
WHEELER COUNTY,483,90 Years,11,4,7,10,3,7,0,0,0,0,0,0,0,0,0,1,1,0
WHEELER COUNTY,483,91 Years,10,4,6,9,3,6,0,0,0,0,0,0,0,0,0,1,1,0
WHEELER COUNTY,483,92 Years,8,2,6,6,2,4,0,0,0,0,0,0,1,0,1,1,0,1
WHEELER COUNTY,483,93 Years,5,2,3,4,2,2,0,0,0,0,0,0,0,0,0,1,0,1
WHEELER COUNTY,483,94 Years,4,1,3,4,1,3,0,0,0,0,0,0,0,0,0,0,0,0
WHEELER COUNTY,483,95 Years +,14,4,10,12,4,8,1,0,1,0,0,0,0,0,0,1,0,1
WICHITA COUNTY,485,All Ages,132068,68173,63895,86289,43866,42423,13253,7297,5956,2799,1309,1490,4153,2111,2042,25574,13590,11984
WICHITA COUNTY,485,< 1 Year,1715,859,856,871,453,418,171,85,86,27,16,11,133,64,69,513,241,272
WICHITA COUNTY,485,1 Years,1726,876,850,881,454,427,174,87,87,26,16,10,127,65,62,518,254,264
WICHITA COUNTY,485,2 Years,1769,896,873,934,481,453,168,84,84,24,14,10,116,57,59,527,260,267
WICHITA COUNTY,485,3 Years,1797,913,884,962,488,474,173,88,85,24,13,11,98,49,49,540,275,265
WICHITA COUNTY,485,4 Years,1781,899,882,974,498,476,163,83,80,23,13,10,84,37,47,537,268,269
WICHITA COUNTY,485,5 Years,1773,903,870,963,504,459,171,85,86,25,14,11,88,38,50,526,262,264
WICHITA COUNTY,485,6 Years,1754,913,841,964,518,446,171,84,87,27,18,9,90,46,44,502,247,255
WICHITA COUNTY,485,7 Years,1685,879,806,918,487,431,172,73,99,29,18,11,82,45,37,484,256,228
WICHITA COUNTY,485,8 Years,1608,868,740,852,462,390,162,83,79,26,14,12,80,45,35,488,264,224
WICHITA COUNTY,485,9 Years,1608,850,758,883,476,407,159,68,91,25,14,11,88,53,35,453,239,214
WICHITA COUNTY,485,10 Years,1593,805,788,864,446,418,178,78,100,22,12,10,82,46,36,447,223,224
WICHITA COUNTY,485,11 Years,1601,811,790,864,440,424,158,67,91,24,14,10,88,52,36,467,238,229
WICHITA COUNTY,485,12 Years,1528,792,736,826,428,398,151,76,75,26,16,10,82,45,37,443,227,216
WICHITA COUNTY,485,13 Years,1475,749,726,792,399,393,159,80,79,29,13,16,71,39,32,424,218,206
WICHITA COUNTY,485,14 Years,1459,735,724,767,386,381,163,79,84,33,20,13,69,39,30,427,211,216
WICHITA COUNTY,485,15 Years,1477,759,718,789,415,374,182,76,106,28,17,11,66,34,32,412,217,195
WICHITA COUNTY,485,16 Years,1472,761,711,791,428,363,164,75,89,25,13,12,59,27,32,433,218,215
WICHITA COUNTY,485,17 Years,1782,968,814,949,523,426,203,99,104,28,14,14,82,48,34,520,284,236
WICHITA COUNTY,485,18 Years,2261,1353,908,1350,806,544,258,163,95,38,25,13,105,62,43,510,297,213
WICHITA COUNTY,485,19 Years,2867,1771,1096,1780,1122,658,375,245,130,63,48,15,112,60,52,537,296,241
WICHITA COUNTY,485,20 Years,2602,1573,1029,1558,945,613,371,231,140,54,34,20,100,65,35,519,298,221
WICHITA COUNTY,485,21 Years,2308,1388,920,1353,858,495,311,160,151,54,34,20,88,53,35,502,283,219
WICHITA COUNTY,485,22 Years,2227,1270,957,1253,742,511,329,175,154,65,30,35,79,37,42,501,286,215
WICHITA COUNTY,485,23 Years,2139,1231,908,1218,709,509,303,173,130,57,26,31,85,44,41,476,279,197
WICHITA COUNTY,485,24 Years,1954,1121,833,1146,685,461,286,158,128,49,28,21,67,36,31,406,214,192
WICHITA COUNTY,485,25 Years,2074,1184,890,1240,731,509,278,148,130,38,22,16,69,43,26,449,240,209
WICHITA COUNTY,485,26 Years,2271,1286,985,1362,785,577,256,138,118,44,28,16,76,45,31,533,290,243
WICHITA COUNTY,485,27 Years,2285,1242,1043,1443,789,654,242,128,114,52,32,20,72,41,31,476,252,224
WICHITA COUNTY,485,28 Years,2155,1109,1046,1361,669,692,240,139,101,45,24,21,71,37,34,438,240,198
WICHITA COUNTY,485,29 Years,2135,1182,953,1371,716,655,226,150,76,46,26,20,65,41,24,427,249,178
WICHITA COUNTY,485,30 Years,2102,1165,937,1325,698,627,255,172,83,46,23,23,57,38,19,419,234,185
WICHITA COUNTY,485,31 Years,1993,1071,922,1200,599,601,233,149,84,34,21,13,65,43,22,461,259,202
WICHITA COUNTY,485,32 Years,1913,1042,871,1168,598,570,226,147,79,41,23,18,55,30,25,423,244,179
WICHITA COUNTY,485,33 Years,1744,928,816,1042,517,525,218,143,75,44,22,22,56,28,28,384,218,166
WICHITA COUNTY,485,34 Years,1663,885,778,1004,512,492,206,137,69,33,14,19,42,15,27,378,207,171
WICHITA COUNTY,485,35 Years,1665,895,770,1021,517,504,186,126,60,26,11,15,48,28,20,384,213,171
WICHITA COUNTY,485,36 Years,1651,898,753,1026,544,482,191,121,70,33,16,17,43,20,23,358,197,161
WICHITA COUNTY,485,37 Years,1580,844,736,943,487,456,201,125,76,34,16,18,44,15,29,358,201,157
WICHITA COUNTY,485,38 Years,1518,819,699,907,466,441,181,118,63,31,12,19,50,25,25,349,198,151
WICHITA COUNTY,485,39 Years,1458,789,669,910,468,442,162,106,56,31,13,18,51,26,25,304,176,128
WICHITA COUNTY,485,40 Years,1457,794,663,898,476,422,170,102,68,32,16,16,45,23,22,312,177,135
WICHITA COUNTY,485,41 Years,1423,759,664,893,462,431,153,101,52,44,20,24,42,14,28,291,162,129
WICHITA COUNTY,485,42 Years,1397,736,661,889,449,440,152,98,54,38,16,22,35,14,21,283,159,124
WICHITA COUNTY,485,43 Years,1328,714,614,837,451,386,163,92,71,47,20,27,29,11,18,252,140,112
WICHITA COUNTY,485,44 Years,1374,724,650,899,458,441,148,95,53,54,19,35,20,11,9,253,141,112
WICHITA COUNTY,485,45 Years,1385,709,676,927,450,477,145,93,52,38,19,19,26,10,16,249,137,112
WICHITA COUNTY,485,46 Years,1439,722,717,978,474,504,135,84,51,40,17,23,36,14,22,250,133,117
WICHITA COUNTY,485,47 Years,1451,742,709,983,501,482,126,75,51,44,15,29,34,15,19,264,136,128
WICHITA COUNTY,485,48 Years,1371,725,646,906,477,429,143,89,54,48,17,31,30,18,12,244,124,120
WICHITA COUNTY,485,49 Years,1339,688,651,896,454,442,138,89,49,36,16,20,22,15,7,247,114,133
WICHITA COUNTY,485,50 Years,1358,688,670,934,462,472,116,71,45,35,18,17,22,13,9,251,124,127
WICHITA COUNTY,485,51 Years,1406,723,683,968,488,480,139,84,55,47,19,28,24,11,13,228,121,107
WICHITA COUNTY,485,52 Years,1578,809,769,1116,564,552,145,82,63,49,17,32,28,12,16,240,134,106
WICHITA COUNTY,485,53 Years,1584,809,775,1134,569,565,130,77,53,47,17,30,32,14,18,241,132,109
WICHITA COUNTY,485,54 Years,1656,812,844,1206,584,622,127,73,54,50,15,35,35,12,23,238,128,110
WICHITA COUNTY,485,55 Years,1692,821,871,1256,592,664,147,82,65,36,18,18,33,11,22,220,118,102
WICHITA COUNTY,485,56 Years,1745,893,852,1304,666,638,158,81,77,28,14,14,33,11,22,222,121,101
WICHITA COUNTY,485,57 Years,1711,894,817,1277,667,610,142,73,69,43,15,28,31,16,15,218,123,95
WICHITA COUNTY,485,58 Years,1648,815,833,1240,619,621,144,70,74,30,10,20,30,12,18,204,104,100
WICHITA COUNTY,485,59 Years,1704,826,878,1301,623,678,131,68,63,40,11,29,28,12,16,204,112,92
WICHITA COUNTY,485,60 Years,1633,775,858,1251,582,669,114,56,58,44,15,29,30,11,19,194,111,83
WICHITA COUNTY,485,61 Years,1560,753,807,1220,582,638,121,53,68,28,9,19,23,8,15,168,101,67
WICHITA COUNTY,485,62 Years,1569,779,790,1222,595,627,120,68,52,41,15,26,26,13,13,160,88,72
WICHITA COUNTY,485,63 Years,1512,739,773,1188,563,625,107,65,42,46,17,29,24,12,12,147,82,65
WICHITA COUNTY,485,64 Years,1434,699,735,1115,535,580,113,52,61,32,14,18,26,13,13,148,85,63
WICHITA COUNTY,485,65 Years,1353,645,708,1058,496,562,99,52,47,24,10,14,25,12,13,147,75,72
WICHITA COUNTY,485,66 Years,1292,579,713,1002,445,557,106,53,53,36,11,25,25,10,15,123,60,63
WICHITA COUNTY,485,67 Years,1239,579,660,987,468,519,92,43,49,26,6,20,22,9,13,112,53,59
WICHITA COUNTY,485,68 Years,1175,555,620,942,448,494,77,35,42,23,7,16,20,8,12,113,57,56
WICHITA COUNTY,485,69 Years,1166,554,612,945,452,493,66,31,35,24,9,15,26,11,15,105,51,54
WICHITA COUNTY,485,70 Years,1169,541,628,966,450,516,66,25,41,23,11,12,17,7,10,97,48,49
WICHITA COUNTY,485,71 Years,936,431,505,757,355,402,71,25,46,15,6,9,13,7,6,80,38,42
WICHITA COUNTY,485,72 Years,911,439,472,736,364,372,62,26,36,16,6,10,12,3,9,85,40,45
WICHITA COUNTY,485,73 Years,916,398,518,744,322,422,58,25,33,14,6,8,16,6,10,84,39,45
WICHITA COUNTY,485,74 Years,870,381,489,723,321,402,44,19,25,11,4,7,15,6,9,77,31,46
WICHITA COUNTY,485,75 Years,804,340,464,667,288,379,46,19,27,10,4,6,14,5,9,67,24,43
WICHITA COUNTY,485,76 Years,771,319,452,636,262,374,45,24,21,15,5,10,11,3,8,64,25,39
WICHITA COUNTY,485,77 Years,682,286,396,568,248,320,40,13,27,8,1,7,8,2,6,58,22,36
WICHITA COUNTY,485,78 Years,656,261,395,556,222,334,45,18,27,9,1,8,7,3,4,39,17,22
WICHITA COUNTY,485,79 Years,652,262,390,543,224,319,41,11,30,11,3,8,11,5,6,46,19,27
WICHITA COUNTY,485,80 Years,611,261,350,510,223,287,32,10,22,10,3,7,13,5,8,46,20,26
WICHITA COUNTY,485,81 Years,585,232,353,487,193,294,31,11,20,12,6,6,10,4,6,45,18,27
WICHITA COUNTY,485,82 Years,584,241,343,502,209,293,22,10,12,8,4,4,10,3,7,42,15,27
WICHITA COUNTY,485,83 Years,542,231,311,472,203,269,27,13,14,7,1,6,8,2,6,28,12,16
WICHITA COUNTY,485,84 Years,473,195,278,409,173,236,28,12,16,7,0,7,10,3,7,19,7,12
WICHITA COUNTY,485,85 Years,453,184,269,399,167,232,23,8,15,5,1,4,7,3,4,19,5,14
WICHITA COUNTY,485,86 Years,392,164,228,341,148,193,25,8,17,6,1,5,6,2,4,14,5,9
WICHITA COUNTY,485,87 Years,344,140,204,301,128,173,19,4,15,7,2,5,3,1,2,14,5,9
WICHITA COUNTY,485,88 Years,296,120,176,258,109,149,15,4,11,5,1,4,3,1,2,15,5,10
WICHITA COUNTY,485,89 Years,262,97,165,232,87,145,15,5,10,3,1,2,2,0,2,10,4,6
WICHITA COUNTY,485,90 Years,221,74,147,194,66,128,14,5,9,4,0,4,2,1,1,7,2,5
WICHITA COUNTY,485,91 Years,197,63,134,171,55,116,9,3,6,4,1,3,3,1,2,10,3,7
WICHITA COUNTY,485,92 Years,157,46,111,135,39,96,9,2,7,4,1,3,2,1,1,7,3,4
WICHITA COUNTY,485,93 Years,124,35,89,109,31,78,6,2,4,2,0,2,2,0,2,5,2,3
WICHITA COUNTY,485,94 Years,97,31,66,87,28,59,5,2,3,1,0,1,0,0,0,4,1,3
WICHITA COUNTY,485,95 Years +,216,59,157,189,50,139,12,4,8,3,1,2,1,0,1,11,4,7
WILBARGER COUNTY,487,All Ages,12917,6433,6484,7436,3632,3804,1116,591,525,115,52,63,372,189,183,3878,1969,1909
WILBARGER COUNTY,487,< 1 Year,179,93,86,62,29,33,13,6,7,1,1,0,16,12,4,87,45,42
WILBARGER COUNTY,487,1 Years,184,93,91,60,31,29,15,7,8,4,2,2,16,9,7,89,44,45
WILBARGER COUNTY,487,2 Years,180,95,85,61,34,27,14,6,8,5,3,2,16,9,7,84,43,41
WILBARGER COUNTY,487,3 Years,176,91,85,61,37,24,12,6,6,5,2,3,13,6,7,85,40,45
WILBARGER COUNTY,487,4 Years,166,83,83,63,35,28,10,4,6,3,1,2,8,4,4,82,39,43
WILBARGER COUNTY,487,5 Years,166,79,87,65,33,32,11,5,6,1,0,1,5,1,4,84,40,44
WILBARGER COUNTY,487,6 Years,164,77,87,65,29,36,11,6,5,0,0,0,6,1,5,82,41,41
WILBARGER COUNTY,487,7 Years,169,78,91,62,30,32,14,8,6,1,1,0,6,5,1,86,34,52
WILBARGER COUNTY,487,8 Years,155,76,79,67,32,35,13,10,3,1,0,1,4,1,3,70,33,37
WILBARGER COUNTY,487,9 Years,156,74,82,61,31,30,17,9,8,1,0,1,8,6,2,69,28,41
WILBARGER COUNTY,487,10 Years,154,65,89,61,26,35,17,8,9,0,0,0,10,7,3,66,24,42
WILBARGER COUNTY,487,11 Years,160,75,85,68,32,36,14,4,10,1,0,1,9,7,2,68,32,36
WILBARGER COUNTY,487,12 Years,151,71,80,67,34,33,12,4,8,1,0,1,7,3,4,64,30,34
WILBARGER COUNTY,487,13 Years,169,92,77,78,45,33,10,3,7,2,1,1,4,2,2,75,41,34
WILBARGER COUNTY,487,14 Years,171,92,79,72,40,32,25,14,11,2,1,1,7,4,3,65,33,32
WILBARGER COUNTY,487,15 Years,191,106,85,89,49,40,22,14,8,1,1,0,7,5,2,72,37,35
WILBARGER COUNTY,487,16 Years,178,97,81,88,50,38,21,11,10,0,0,0,7,5,2,62,31,31
WILBARGER COUNTY,487,17 Years,179,102,77,89,52,37,18,10,8,0,0,0,5,3,2,67,37,30
WILBARGER COUNTY,487,18 Years,157,93,64,71,42,29,15,10,5,1,1,0,5,4,1,65,36,29
WILBARGER COUNTY,487,19 Years,143,85,58,65,38,27,14,9,5,1,1,0,5,4,1,58,33,25
WILBARGER COUNTY,487,20 Years,141,71,70,69,38,31,16,6,10,1,0,1,4,3,1,51,24,27
WILBARGER COUNTY,487,21 Years,137,67,70,68,38,30,12,4,8,1,1,0,3,1,2,53,23,30
WILBARGER COUNTY,487,22 Years,135,68,67,66,36,30,13,7,6,1,1,0,4,3,1,51,21,30
WILBARGER COUNTY,487,23 Years,164,82,82,82,39,43,13,8,5,2,1,1,5,3,2,62,31,31
WILBARGER COUNTY,487,24 Years,195,105,90,95,48,47,17,11,6,1,0,1,9,5,4,73,41,32
WILBARGER COUNTY,487,25 Years,180,98,82,88,44,44,16,8,8,1,0,1,4,1,3,71,45,26
WILBARGER COUNTY,487,26 Years,190,97,93,109,53,56,12,6,6,1,1,0,4,4,0,64,33,31
WILBARGER COUNTY,487,27 Years,203,103,100,120,61,59,21,14,7,1,1,0,6,3,3,55,24,31
WILBARGER COUNTY,487,28 Years,174,84,90,98,46,52,15,11,4,0,0,0,2,0,2,59,27,32
WILBARGER COUNTY,487,29 Years,168,83,85,86,37,49,15,8,7,0,0,0,3,2,1,64,36,28
WILBARGER COUNTY,487,30 Years,175,82,93,86,35,51,12,6,6,2,0,2,4,3,1,71,38,33
WILBARGER COUNTY,487,31 Years,190,94,96,97,50,47,23,10,13,1,0,1,3,1,2,66,33,33
WILBARGER COUNTY,487,32 Years,184,94,90,98,51,47,23,11,12,0,0,0,4,1,3,59,31,28
WILBARGER COUNTY,487,33 Years,188,97,91,109,51,58,11,7,4,1,1,0,4,1,3,63,37,26
WILBARGER COUNTY,487,34 Years,171,87,84,97,52,45,13,7,6,1,1,0,4,1,3,56,26,30
WILBARGER COUNTY,487,35 Years,158,82,76,90,48,42,11,5,6,0,0,0,7,1,6,50,28,22
WILBARGER COUNTY,487,36 Years,151,70,81,95,41,54,9,5,4,0,0,0,5,1,4,42,23,19
WILBARGER COUNTY,487,37 Years,139,73,66,90,45,45,13,6,7,1,1,0,2,1,1,33,20,13
WILBARGER COUNTY,487,38 Years,147,76,71,94,49,45,13,7,6,2,1,1,4,1,3,34,18,16
WILBARGER COUNTY,487,39 Years,142,76,66,80,46,34,14,7,7,1,0,1,3,0,3,44,23,21
WILBARGER COUNTY,487,40 Years,145,77,68,85,40,45,14,8,6,1,1,0,1,0,1,44,28,16
WILBARGER COUNTY,487,41 Years,128,61,67,73,34,39,13,9,4,1,1,0,3,1,2,38,16,22
WILBARGER COUNTY,487,42 Years,115,57,58,68,30,38,11,8,3,1,0,1,2,1,1,33,18,15
WILBARGER COUNTY,487,43 Years,116,50,66,66,26,40,13,7,6,1,1,0,1,1,0,35,15,20
WILBARGER COUNTY,487,44 Years,135,69,66,77,40,37,13,7,6,1,1,0,3,2,1,41,19,22
WILBARGER COUNTY,487,45 Years,126,62,64,73,35,38,9,5,4,3,0,3,4,1,3,37,21,16
WILBARGER COUNTY,487,46 Years,141,65,76,86,40,46,10,4,6,2,1,1,4,1,3,39,19,20
WILBARGER COUNTY,487,47 Years,130,62,68,69,34,35,13,7,6,2,1,1,5,2,3,41,18,23
WILBARGER COUNTY,487,48 Years,114,50,64,64,27,37,15,7,8,1,0,1,4,1,3,30,15,15
WILBARGER COUNTY,487,49 Years,129,66,63,69,34,35,12,7,5,3,1,2,5,3,2,40,21,19
WILBARGER COUNTY,487,50 Years,138,82,56,82,50,32,14,7,7,1,0,1,4,3,1,37,22,15
WILBARGER COUNTY,487,51 Years,151,83,68,97,53,44,13,6,7,1,0,1,2,2,0,38,22,16
WILBARGER COUNTY,487,52 Years,156,82,74,99,51,48,10,7,3,1,0,1,4,2,2,42,22,20
WILBARGER COUNTY,487,53 Years,157,89,68,100,53,47,11,7,4,2,1,1,4,2,2,40,26,14
WILBARGER COUNTY,487,54 Years,176,85,91,119,52,67,15,9,6,1,0,1,3,0,3,38,24,14
WILBARGER COUNTY,487,55 Years,185,89,96,120,56,64,16,10,6,2,2,0,5,0,5,42,21,21
WILBARGER COUNTY,487,56 Years,198,93,105,128,55,73,14,8,6,1,1,0,7,4,3,48,25,23
WILBARGER COUNTY,487,57 Years,195,106,89,121,66,55,17,9,8,1,1,0,4,3,1,52,27,25
WILBARGER COUNTY,487,58 Years,176,95,81,110,58,52,18,10,8,1,1,0,5,3,2,42,23,19
WILBARGER COUNTY,487,59 Years,174,89,85,120,64,56,16,7,9,2,1,1,3,2,1,33,15,18
WILBARGER COUNTY,487,60 Years,157,76,81,106,51,55,15,9,6,1,0,1,3,1,2,32,15,17
WILBARGER COUNTY,487,61 Years,168,92,76,112,60,52,16,11,5,2,0,2,4,2,2,34,19,15
WILBARGER COUNTY,487,62 Years,169,90,79,116,58,58,21,14,7,3,1,2,3,1,2,26,16,10
WILBARGER COUNTY,487,63 Years,176,88,88,120,59,61,17,8,9,4,2,2,3,3,0,32,16,16
WILBARGER COUNTY,487,64 Years,163,83,80,121,57,64,13,7,6,2,2,0,1,1,0,26,16,10
WILBARGER COUNTY,487,65 Years,154,78,76,115,57,58,10,6,4,1,1,0,4,2,2,24,12,12
WILBARGER COUNTY,487,66 Years,144,72,72,103,50,53,14,8,6,2,0,2,3,1,2,22,13,9
WILBARGER COUNTY,487,67 Years,125,59,66,92,42,50,12,6,6,1,0,1,1,1,0,19,10,9
WILBARGER COUNTY,487,68 Years,126,63,63,90,47,43,10,4,6,3,1,2,3,2,1,20,9,11
WILBARGER COUNTY,487,69 Years,157,71,86,117,52,65,7,3,4,1,0,1,5,2,3,27,14,13
WILBARGER COUNTY,487,70 Years,143,73,70,112,51,61,7,6,1,1,0,1,4,2,2,19,14,5
WILBARGER COUNTY,487,71 Years,127,58,69,92,40,52,10,4,6,1,1,0,2,1,1,22,12,10
WILBARGER COUNTY,487,72 Years,128,61,67,94,44,50,12,6,6,0,0,0,2,0,2,20,11,9
WILBARGER COUNTY,487,73 Years,117,54,63,93,44,49,7,3,4,0,0,0,1,0,1,16,7,9
WILBARGER COUNTY,487,74 Years,101,44,57,87,38,49,4,2,2,0,0,0,1,0,1,9,4,5
WILBARGER COUNTY,487,75 Years,99,45,54,80,40,40,5,1,4,2,0,2,0,0,0,12,4,8
WILBARGER COUNTY,487,76 Years,95,43,52,74,33,41,4,2,2,1,0,1,1,0,1,15,8,7
WILBARGER COUNTY,487,77 Years,92,42,50,75,35,40,7,3,4,0,0,0,1,0,1,9,4,5
WILBARGER COUNTY,487,78 Years,85,43,42,66,34,32,4,1,3,3,2,1,0,0,0,12,6,6
WILBARGER COUNTY,487,79 Years,74,39,35,61,33,28,3,1,2,1,1,0,0,0,0,9,4,5
WILBARGER COUNTY,487,80 Years,65,28,37,53,22,31,0,0,0,1,1,0,2,0,2,9,5,4
WILBARGER COUNTY,487,81 Years,65,26,39,49,19,30,7,3,4,0,0,0,1,0,1,8,4,4
WILBARGER COUNTY,487,82 Years,67,29,38,54,21,33,6,3,3,1,0,1,0,0,0,6,5,1
WILBARGER COUNTY,487,83 Years,60,24,36,45,16,29,6,4,2,0,0,0,0,0,0,9,4,5
WILBARGER COUNTY,487,84 Years,50,19,31,38,13,25,5,3,2,0,0,0,1,0,1,6,3,3
WILBARGER COUNTY,487,85 Years,41,12,29,33,8,25,3,1,2,1,0,1,1,1,0,3,2,1
WILBARGER COUNTY,487,86 Years,42,11,31,31,9,22,4,0,4,1,0,1,0,0,0,6,2,4
WILBARGER COUNTY,487,87 Years,40,13,27,31,10,21,2,0,2,1,0,1,0,0,0,6,3,3
WILBARGER COUNTY,487,88 Years,37,14,23,33,13,20,2,1,1,0,0,0,0,0,0,2,0,2
WILBARGER COUNTY,487,89 Years,33,16,17,23,10,13,4,3,1,1,1,0,1,0,1,4,2,2
WILBARGER COUNTY,487,90 Years,33,13,20,21,7,14,5,3,2,1,1,0,1,0,1,5,2,3
WILBARGER COUNTY,487,91 Years,26,11,15,17,6,11,3,2,1,0,0,0,1,1,0,5,2,3
WILBARGER COUNTY,487,92 Years,20,7,13,15,5,10,2,2,0,0,0,0,0,0,0,3,0,3
WILBARGER COUNTY,487,93 Years,16,5,11,12,4,8,1,1,0,0,0,0,0,0,0,3,0,3
WILBARGER COUNTY,487,94 Years,17,5,12,11,3,8,3,1,2,0,0,0,0,0,0,3,1,2
WILBARGER COUNTY,487,95 Years +,40,8,32,26,6,20,8,2,6,1,0,1,1,0,1,4,0,4
WILLACY COUNTY,489,All Ages,22108,12089,10019,1991,1060,931,394,355,39,128,106,22,91,47,44,19504,10521,8983
WILLACY COUNTY,489,< 1 Year,305,158,147,11,3,8,0,0,0,1,1,0,2,1,1,291,153,138
WILLACY COUNTY,489,1 Years,299,149,150,15,4,11,0,0,0,0,0,0,3,2,1,281,143,138
WILLACY COUNTY,489,2 Years,306,157,149,17,6,11,0,0,0,0,0,0,4,3,1,285,148,137
WILLACY COUNTY,489,3 Years,311,155,156,22,9,13,2,1,1,0,0,0,3,2,1,284,143,141
WILLACY COUNTY,489,4 Years,319,160,159,21,10,11,0,0,0,0,0,0,4,3,1,294,147,147
WILLACY COUNTY,489,5 Years,321,157,164,26,13,13,0,0,0,0,0,0,0,0,0,295,144,151
WILLACY COUNTY,489,6 Years,332,165,167,27,15,12,0,0,0,0,0,0,0,0,0,305,150,155
WILLACY COUNTY,489,7 Years,302,138,164,26,9,17,1,0,1,0,0,0,2,0,2,273,129,144
WILLACY COUNTY,489,8 Years,288,144,144,21,11,10,3,2,1,0,0,0,1,1,0,263,130,133
WILLACY COUNTY,489,9 Years,300,152,148,19,11,8,1,1,0,0,0,0,1,1,0,279,139,140
WILLACY COUNTY,489,10 Years,314,159,155,19,8,11,0,0,0,0,0,0,1,1,0,294,150,144
WILLACY COUNTY,489,11 Years,288,144,144,16,9,7,2,0,2,1,0,1,1,1,0,268,134,134
WILLACY COUNTY,489,12 Years,308,158,150,18,10,8,1,0,1,0,0,0,1,1,0,288,147,141
WILLACY COUNTY,489,13 Years,319,162,157,21,11,10,1,1,0,1,1,0,2,2,0,294,147,147
WILLACY COUNTY,489,14 Years,295,160,135,21,13,8,1,1,0,0,0,0,2,1,1,271,145,126
WILLACY COUNTY,489,15 Years,291,144,147,20,8,12,1,0,1,0,0,0,3,2,1,267,134,133
WILLACY COUNTY,489,16 Years,296,151,145,17,7,10,0,0,0,1,1,0,3,1,2,275,142,133
WILLACY COUNTY,489,17 Years,275,140,135,18,8,10,1,0,1,1,1,0,0,0,0,255,131,124
WILLACY COUNTY,489,18 Years,373,220,153,26,14,12,6,4,2,3,2,1,3,2,1,335,198,137
WILLACY COUNTY,489,19 Years,361,229,132,18,9,9,12,12,0,5,5,0,4,4,0,322,199,123
WILLACY COUNTY,489,20 Years,408,260,148,23,13,10,12,10,2,6,4,2,4,2,2,363,231,132
WILLACY COUNTY,489,21 Years,401,263,138,21,14,7,11,11,0,7,6,1,3,1,2,359,231,128
WILLACY COUNTY,489,22 Years,406,254,152,21,12,9,18,16,2,5,4,1,2,1,1,360,221,139
WILLACY COUNTY,489,23 Years,406,256,150,22,13,9,15,14,1,4,3,1,3,1,2,362,225,137
WILLACY COUNTY,489,24 Years,431,276,155,30,22,8,13,12,1,4,3,1,2,1,1,382,238,144
WILLACY COUNTY,489,25 Years,388,245,143,24,16,8,10,10,0,6,4,2,0,0,0,348,215,133
WILLACY COUNTY,489,26 Years,378,240,138,19,10,9,15,15,0,2,2,0,0,0,0,342,213,129
WILLACY COUNTY,489,27 Years,405,273,132,21,13,8,22,21,1,11,10,1,1,1,0,350,228,122
WILLACY COUNTY,489,28 Years,377,246,131,24,16,8,15,13,2,5,5,0,1,0,1,332,212,120
WILLACY COUNTY,489,29 Years,377,251,126,25,17,8,20,17,3,5,5,0,0,0,0,327,212,115
WILLACY COUNTY,489,30 Years,334,214,120,18,10,8,20,17,3,5,5,0,0,0,0,291,182,109
WILLACY COUNTY,489,31 Years,331,212,119,26,19,7,12,12,0,2,2,0,1,1,0,290,178,112
WILLACY COUNTY,489,32 Years,345,223,122,24,15,9,17,17,0,7,7,0,0,0,0,297,184,113
WILLACY COUNTY,489,33 Years,298,195,103,16,11,5,11,11,0,1,1,0,0,0,0,270,172,98
WILLACY COUNTY,489,34 Years,321,207,114,20,13,7,10,9,1,1,1,0,1,1,0,289,183,106
WILLACY COUNTY,489,35 Years,313,206,107,22,16,6,10,10,0,5,5,0,0,0,0,276,175,101
WILLACY COUNTY,489,36 Years,320,211,109,24,17,7,13,11,2,2,1,1,1,1,0,280,181,99
WILLACY COUNTY,489,37 Years,313,194,119,22,11,11,12,10,2,4,4,0,0,0,0,275,169,106
WILLACY COUNTY,489,38 Years,280,170,110,25,14,11,6,6,0,1,1,0,0,0,0,248,149,99
WILLACY COUNTY,489,39 Years,303,173,130,19,10,9,10,9,1,2,2,0,1,0,1,271,152,119
WILLACY COUNTY,489,40 Years,274,148,126,14,10,4,2,2,0,2,2,0,1,0,1,255,134,121
WILLACY COUNTY,489,41 Years,266,142,124,14,9,5,4,4,0,3,2,1,1,0,1,244,127,117
WILLACY COUNTY,489,42 Years,261,149,112,20,14,6,6,6,0,1,1,0,1,0,1,233,128,105
WILLACY COUNTY,489,43 Years,279,161,118,23,13,10,5,5,0,2,2,0,1,0,1,248,141,107
WILLACY COUNTY,489,44 Years,249,146,103,24,15,9,3,3,0,2,2,0,1,0,1,219,126,93
WILLACY COUNTY,489,45 Years,245,124,121,21,11,10,5,5,0,1,1,0,1,0,1,217,107,110
WILLACY COUNTY,489,46 Years,243,131,112,20,12,8,7,7,0,2,1,1,1,0,1,213,111,102
WILLACY COUNTY,489,47 Years,228,123,105,24,14,10,6,6,0,1,1,0,0,0,0,197,102,95
WILLACY COUNTY,489,48 Years,230,125,105,26,13,13,2,2,0,3,3,0,2,1,1,197,106,91
WILLACY COUNTY,489,49 Years,225,121,104,22,14,8,2,2,0,0,0,0,1,0,1,200,105,95
WILLACY COUNTY,489,50 Years,218,117,101,21,14,7,4,4,0,2,2,0,0,0,0,191,97,94
WILLACY COUNTY,489,51 Years,192,106,86,24,14,10,2,2,0,1,0,1,0,0,0,165,90,75
WILLACY COUNTY,489,52 Years,228,101,127,24,13,11,1,1,0,1,0,1,1,0,1,201,87,114
WILLACY COUNTY,489,53 Years,236,118,118,26,16,10,2,2,0,2,0,2,0,0,0,206,100,106
WILLACY COUNTY,489,54 Years,224,108,116,27,15,12,3,3,0,1,1,0,2,1,1,191,88,103
WILLACY COUNTY,489,55 Years,212,94,118,21,12,9,2,2,0,1,1,0,1,1,0,187,78,109
WILLACY COUNTY,489,56 Years,211,101,110,25,13,12,0,0,0,2,1,1,1,1,0,183,86,97
WILLACY COUNTY,489,57 Years,242,125,117,34,17,17,4,3,1,1,0,1,1,0,1,202,105,97
WILLACY COUNTY,489,58 Years,227,121,106,22,12,10,4,3,1,0,0,0,0,0,0,201,106,95
WILLACY COUNTY,489,59 Years,204,104,100,29,15,14,2,2,0,0,0,0,0,0,0,173,87,86
WILLACY COUNTY,489,60 Years,207,96,111,34,16,18,1,1,0,0,0,0,2,0,2,170,79,91
WILLACY COUNTY,489,61 Years,205,103,102,21,11,10,2,2,0,0,0,0,0,0,0,182,90,92
WILLACY COUNTY,489,62 Years,228,101,127,31,15,16,2,2,0,1,0,1,0,0,0,194,84,110
WILLACY COUNTY,489,63 Years,220,99,121,31,14,17,1,1,0,0,0,0,1,1,0,187,83,104
WILLACY COUNTY,489,64 Years,226,107,119,30,14,16,1,1,0,0,0,0,1,0,1,194,92,102
WILLACY COUNTY,489,65 Years,214,92,122,29,14,15,0,0,0,0,0,0,1,0,1,184,78,106
WILLACY COUNTY,489,66 Years,185,83,102,27,13,14,1,0,1,0,0,0,0,0,0,157,70,87
WILLACY COUNTY,489,67 Years,189,93,96,28,12,16,1,1,0,0,0,0,2,1,1,158,79,79
WILLACY COUNTY,489,68 Years,211,111,100,31,13,18,1,1,0,0,0,0,1,0,1,178,97,81
WILLACY COUNTY,489,69 Years,167,78,89,20,10,10,1,1,0,0,0,0,0,0,0,146,67,79
WILLACY COUNTY,489,70 Years,161,65,96,21,11,10,2,1,1,0,0,0,0,0,0,138,53,85
WILLACY COUNTY,489,71 Years,161,76,85,23,10,13,1,1,0,0,0,0,1,0,1,136,65,71
WILLACY COUNTY,489,72 Years,148,80,68,28,17,11,0,0,0,0,0,0,1,0,1,119,63,56
WILLACY COUNTY,489,73 Years,135,71,64,28,12,16,0,0,0,0,0,0,0,0,0,107,59,48
WILLACY COUNTY,489,74 Years,125,59,66,37,15,22,1,1,0,0,0,0,1,1,0,86,42,44
WILLACY COUNTY,489,75 Years,127,58,69,32,14,18,1,1,0,0,0,0,1,1,0,93,42,51
WILLACY COUNTY,489,76 Years,124,54,70,28,16,12,1,0,1,0,0,0,0,0,0,95,38,57
WILLACY COUNTY,489,77 Years,109,46,63,24,14,10,1,1,0,0,0,0,1,0,1,83,31,52
WILLACY COUNTY,489,78 Years,99,45,54,27,14,13,1,1,0,0,0,0,0,0,0,71,30,41
WILLACY COUNTY,489,79 Years,96,48,48,24,15,9,1,1,0,0,0,0,0,0,0,71,32,39
WILLACY COUNTY,489,80 Years,80,42,38,22,14,8,0,0,0,0,0,0,1,1,0,57,27,30
WILLACY COUNTY,489,81 Years,70,28,42,13,6,7,0,0,0,0,0,0,1,0,1,56,22,34
WILLACY COUNTY,489,82 Years,70,31,39,10,4,6,0,0,0,0,0,0,0,0,0,60,27,33
WILLACY COUNTY,489,83 Years,65,30,35,12,6,6,0,0,0,0,0,0,0,0,0,53,24,29
WILLACY COUNTY,489,84 Years,69,24,45,15,5,10,0,0,0,0,0,0,0,0,0,54,19,35
WILLACY COUNTY,489,85 Years,53,16,37,9,3,6,1,0,1,0,0,0,0,0,0,43,13,30
WILLACY COUNTY,489,86 Years,56,15,41,9,1,8,0,0,0,0,0,0,0,0,0,47,14,33
WILLACY COUNTY,489,87 Years,41,16,25,6,2,4,0,0,0,0,0,0,0,0,0,35,14,21
WILLACY COUNTY,489,88 Years,47,14,33,7,2,5,0,0,0,1,0,1,0,0,0,39,12,27
WILLACY COUNTY,489,89 Years,40,13,27,5,2,3,0,0,0,0,0,0,0,0,0,35,11,24
WILLACY COUNTY,489,90 Years,35,16,19,5,2,3,0,0,0,0,0,0,0,0,0,30,14,16
WILLACY COUNTY,489,91 Years,32,11,21,4,2,2,0,0,0,0,0,0,0,0,0,28,9,19
WILLACY COUNTY,489,92 Years,27,9,18,5,1,4,0,0,0,0,0,0,0,0,0,22,8,14
WILLACY COUNTY,489,93 Years,17,7,10,3,1,2,0,0,0,0,0,0,0,0,0,14,6,8
WILLACY COUNTY,489,94 Years,9,5,4,2,1,1,0,0,0,0,0,0,0,0,0,7,4,3
WILLACY COUNTY,489,95 Years +,28,11,17,4,2,2,3,1,2,0,0,0,0,0,0,21,8,13
WILLIAMSON COUNTY,491,All Ages,546011,268099,277912,327447,160329,167118,33960,16829,17131,34937,16761,18176,15765,7997,7768,133902,66183,67719
WILLIAMSON COUNTY,491,< 1 Year,7106,3657,3449,3484,1821,1663,431,198,233,431,220,211,439,228,211,2321,1190,1131
WILLIAMSON COUNTY,491,1 Years,7264,3750,3514,3573,1857,1716,447,219,228,477,244,233,457,234,223,2310,1196,1114
WILLIAMSON COUNTY,491,2 Years,7497,3871,3626,3742,1936,1806,457,229,228,520,262,258,456,229,227,2322,1215,1107
WILLIAMSON COUNTY,491,3 Years,7536,3904,3632,3781,1932,1849,454,239,215,545,275,270,456,236,220,2300,1222,1078
WILLIAMSON COUNTY,491,4 Years,7627,3923,3704,3842,1951,1891,438,227,211,564,285,279,451,234,217,2332,1226,1106
WILLIAMSON COUNTY,491,5 Years,7636,3939,3697,3861,1989,1872,410,215,195,575,292,283,453,242,211,2337,1201,1136
WILLIAMSON COUNTY,491,6 Years,7828,4018,3810,3955,2046,1909,417,220,197,577,301,276,447,241,206,2432,1210,1222
WILLIAMSON COUNTY,491,7 Years,7748,3880,3868,3863,1927,1936,431,216,215,558,290,268,438,249,189,2458,1198,1260
WILLIAMSON COUNTY,491,8 Years,7965,3957,4008,4027,1979,2048,456,232,224,573,295,278,397,216,181,2512,1235,1277
WILLIAMSON COUNTY,491,9 Years,8299,4178,4121,4192,2125,2067,502,251,251,635,313,322,386,201,185,2584,1288,1296
WILLIAMSON COUNTY,491,10 Years,8330,4205,4125,4222,2135,2087,491,232,259,594,294,300,405,219,186,2618,1325,1293
WILLIAMSON COUNTY,491,11 Years,8317,4249,4068,4182,2121,2061,525,259,266,608,314,294,378,211,167,2624,1344,1280
WILLIAMSON COUNTY,491,12 Years,8340,4317,4023,4274,2231,2043,497,264,233,610,304,306,368,190,178,2591,1328,1263
WILLIAMSON COUNTY,491,13 Years,8393,4276,4117,4281,2217,2064,553,280,273,586,272,314,372,203,169,2601,1304,1297
WILLIAMSON COUNTY,491,14 Years,8156,4151,4005,4202,2179,2023,604,305,299,554,278,276,334,167,167,2462,1222,1240
WILLIAMSON COUNTY,491,15 Years,8096,4070,4026,4159,2108,2051,617,330,287,511,251,260,312,167,145,2497,1214,1283
WILLIAMSON COUNTY,491,16 Years,8207,4151,4056,4182,2143,2039,607,314,293,532,264,268,316,171,145,2570,1259,1311
WILLIAMSON COUNTY,491,17 Years,7909,4036,3873,4109,2132,1977,625,327,298,435,212,223,288,147,141,2452,1218,1234
WILLIAMSON COUNTY,491,18 Years,7407,3772,3635,3769,1924,1845,598,323,275,402,188,214,274,133,141,2364,1204,1160
WILLIAMSON COUNTY,491,19 Years,6616,3327,3289,3280,1638,1642,552,293,259,375,178,197,244,125,119,2165,1093,1072
WILLIAMSON COUNTY,491,20 Years,6387,3227,3160,3139,1601,1538,518,267,251,376,170,206,248,126,122,2106,1063,1043
WILLIAMSON COUNTY,491,21 Years,6358,3207,3151,3087,1581,1506,562,276,286,410,177,233,235,116,119,2064,1057,1007
WILLIAMSON COUNTY,491,22 Years,6520,3260,3260,3239,1650,1589,573,287,286,378,153,225,235,121,114,2095,1049,1046
WILLIAMSON COUNTY,491,23 Years,7007,3492,3515,3570,1765,1805,582,312,270,449,205,244,246,122,124,2160,1088,1072
WILLIAMSON COUNTY,491,24 Years,7265,3704,3561,3864,1963,1901,593,312,281,437,215,222,237,115,122,2134,1099,1035
WILLIAMSON COUNTY,491,25 Years,7298,3646,3652,3915,1974,1941,540,291,249,444,186,258,222,108,114,2177,1087,1090
WILLIAMSON COUNTY,491,26 Years,7064,3520,3544,3805,1882,1923,480,258,222,432,210,222,214,120,94,2133,1050,1083
WILLIAMSON COUNTY,491,27 Years,7029,3570,3459,3854,1941,1913,476,265,211,416,192,224,196,106,90,2087,1066,1021
WILLIAMSON COUNTY,491,28 Years,6921,3485,3436,3785,1847,1938,442,236,206,424,194,230,200,105,95,2070,1103,967
WILLIAMSON COUNTY,491,29 Years,6959,3473,3486,3843,1832,2011,400,206,194,432,206,226,190,97,93,2094,1132,962
WILLIAMSON COUNTY,491,30 Years,7061,3484,3577,3977,1901,2076,399,214,185,407,166,241,173,82,91,2105,1121,984
WILLIAMSON COUNTY,491,31 Years,7355,3591,3764,4185,2012,2173,436,222,214,446,205,241,174,67,107,2114,1085,1029
WILLIAMSON COUNTY,491,32 Years,7720,3780,3940,4471,2180,2291,439,243,196,497,227,270,195,95,100,2118,1035,1083
WILLIAMSON COUNTY,491,33 Years,7837,3840,3997,4529,2166,2363,410,218,192,552,258,294,192,102,90,2154,1096,1058
WILLIAMSON COUNTY,491,34 Years,8306,4104,4202,4640,2281,2359,456,221,235,670,321,349,205,110,95,2335,1171,1164
WILLIAMSON COUNTY,491,35 Years,8470,4107,4363,4802,2314,2488,492,252,240,750,345,405,199,81,118,2227,1115,1112
WILLIAMSON COUNTY,491,36 Years,8458,4158,4300,4807,2415,2392,482,236,246,737,328,409,206,90,116,2226,1089,1137
WILLIAMSON COUNTY,491,37 Years,8755,4304,4451,4908,2451,2457,523,268,255,796,353,443,193,97,96,2335,1135,1200
WILLIAMSON COUNTY,491,38 Years,8596,4184,4412,4879,2371,2508,487,234,253,783,363,420,203,95,108,2244,1121,1123
WILLIAMSON COUNTY,491,39 Years,8610,4220,4390,5023,2451,2572,498,233,265,773,371,402,189,91,98,2127,1074,1053
WILLIAMSON COUNTY,491,40 Years,8702,4328,4374,4993,2473,2520,492,234,258,884,447,437,185,96,89,2148,1078,1070
WILLIAMSON COUNTY,491,41 Years,8402,4154,4248,4802,2401,2401,525,236,289,833,405,428,172,90,82,2070,1022,1048
WILLIAMSON COUNTY,491,42 Years,8313,4165,4148,4790,2429,2361,489,240,249,799,397,402,191,84,107,2044,1015,1029
WILLIAMSON COUNTY,491,43 Years,8285,4164,4121,4680,2403,2277,540,248,292,805,408,397,190,90,100,2070,1015,1055
WILLIAMSON COUNTY,491,44 Years,8137,4012,4125,4726,2393,2333,565,281,284,712,360,352,170,81,89,1964,897,1067
WILLIAMSON COUNTY,491,45 Years,8325,4126,4199,4961,2518,2443,557,271,286,676,315,361,194,104,90,1937,918,1019
WILLIAMSON COUNTY,491,46 Years,8576,4356,4220,5282,2753,2529,602,290,312,620,316,304,178,89,89,1894,908,986
WILLIAMSON COUNTY,491,47 Years,8573,4263,4310,5321,2704,2617,594,275,319,595,292,303,182,83,99,1881,909,972
WILLIAMSON COUNTY,491,48 Years,7923,3939,3984,4929,2479,2450,573,289,284,552,267,285,152,80,72,1717,824,893
WILLIAMSON COUNTY,491,49 Years,7279,3674,3605,4539,2326,2213,569,291,278,490,258,232,115,54,61,1566,745,821
WILLIAMSON COUNTY,491,50 Years,6798,3393,3405,4335,2211,2124,494,240,254,445,217,228,125,61,64,1399,664,735
WILLIAMSON COUNTY,491,51 Years,6690,3272,3418,4266,2099,2167,525,239,286,399,198,201,105,54,51,1395,682,713
WILLIAMSON COUNTY,491,52 Years,6839,3387,3452,4397,2199,2198,531,239,292,390,188,202,113,59,54,1408,702,706
WILLIAMSON COUNTY,491,53 Years,6952,3411,3541,4566,2253,2313,521,240,281,386,184,202,117,64,53,1362,670,692
WILLIAMSON COUNTY,491,54 Years,6915,3346,3569,4654,2253,2401,496,235,261,378,189,189,116,53,63,1271,616,655
WILLIAMSON COUNTY,491,55 Years,6729,3289,3440,4626,2256,2370,484,237,247,332,167,165,108,52,56,1179,577,602
WILLIAMSON COUNTY,491,56 Years,6599,3208,3391,4601,2243,2358,458,223,235,286,133,153,109,52,57,1145,557,588
WILLIAMSON COUNTY,491,57 Years,6519,3159,3360,4622,2223,2399,437,230,207,282,139,143,110,51,59,1068,516,552
WILLIAMSON COUNTY,491,58 Years,6031,2917,3114,4292,2081,2211,429,212,217,254,112,142,107,50,57,949,462,487
WILLIAMSON COUNTY,491,59 Years,5902,2812,3090,4273,2054,2219,352,179,173,255,121,134,91,41,50,931,417,514
WILLIAMSON COUNTY,491,60 Years,5669,2653,3016,4123,1938,2185,349,171,178,220,104,116,85,40,45,892,400,492
WILLIAMSON COUNTY,491,61 Years,5502,2603,2899,4037,1936,2101,354,173,181,211,100,111,85,44,41,815,350,465
WILLIAMSON COUNTY,491,62 Years,5458,2538,2920,4052,1903,2149,345,159,186,212,91,121,80,35,45,769,350,419
WILLIAMSON COUNTY,491,63 Years,5209,2369,2840,3946,1821,2125,264,121,143,195,82,113,70,28,42,734,317,417
WILLIAMSON COUNTY,491,64 Years,5157,2333,2824,3965,1797,2168,247,104,143,216,97,119,59,29,30,670,306,364
WILLIAMSON COUNTY,491,65 Years,4877,2172,2705,3720,1679,2041,245,105,140,201,77,124,67,25,42,644,286,358
WILLIAMSON COUNTY,491,66 Years,4671,2166,2505,3618,1706,1912,242,102,140,186,84,102,61,28,33,564,246,318
WILLIAMSON COUNTY,491,67 Years,4586,2056,2530,3599,1628,1971,208,91,117,188,77,111,65,31,34,526,229,297
WILLIAMSON COUNTY,491,68 Years,4361,1930,2431,3403,1514,1889,195,84,111,179,74,105,59,29,30,525,229,296
WILLIAMSON COUNTY,491,69 Years,4371,1947,2424,3510,1570,1940,168,76,92,166,75,91,62,30,32,465,196,269
WILLIAMSON COUNTY,491,70 Years,4410,1994,2416,3600,1628,1972,160,78,82,165,74,91,61,33,28,424,181,243
WILLIAMSON COUNTY,491,71 Years,3515,1634,1881,2853,1340,1513,112,46,66,136,67,69,46,21,25,368,160,208
WILLIAMSON COUNTY,491,72 Years,3156,1469,1687,2558,1205,1353,100,36,64,121,68,53,44,17,27,333,143,190
WILLIAMSON COUNTY,491,73 Years,3107,1429,1678,2558,1179,1379,94,45,49,111,59,52,40,18,22,304,128,176
WILLIAMSON COUNTY,491,74 Years,3002,1375,1627,2487,1150,1337,102,45,57,98,50,48,34,18,16,281,112,169
WILLIAMSON COUNTY,491,75 Years,2730,1264,1466,2291,1070,1221,85,40,45,77,37,40,23,13,10,254,104,150
WILLIAMSON COUNTY,491,76 Years,2429,1090,1339,2054,941,1113,66,29,37,75,31,44,23,11,12,211,78,133
WILLIAMSON COUNTY,491,77 Years,2100,964,1136,1739,810,929,55,23,32,78,38,40,22,12,10,206,81,125
WILLIAMSON COUNTY,491,78 Years,1950,875,1075,1622,745,877,52,24,28,70,32,38,18,9,9,188,65,123
WILLIAMSON COUNTY,491,79 Years,1804,799,1005,1509,683,826,51,23,28,54,20,34,16,9,7,174,64,110
WILLIAMSON COUNTY,491,80 Years,1680,735,945,1381,615,766,58,20,38,48,18,30,19,11,8,174,71,103
WILLIAMSON COUNTY,491,81 Years,1477,627,850,1233,534,699,40,10,30,40,16,24,13,7,6,151,60,91
WILLIAMSON COUNTY,491,82 Years,1353,568,785,1135,484,651,33,10,23,39,17,22,7,1,6,139,56,83
WILLIAMSON COUNTY,491,83 Years,1228,512,716,1026,427,599,37,12,25,39,17,22,8,4,4,118,52,66
WILLIAMSON COUNTY,491,84 Years,1124,441,683,958,383,575,30,9,21,35,12,23,5,2,3,96,35,61
WILLIAMSON COUNTY,491,85 Years,1010,398,612,863,347,516,25,7,18,28,9,19,8,4,4,86,31,55
WILLIAMSON COUNTY,491,86 Years,901,352,549,769,307,462,22,7,15,21,8,13,7,3,4,82,27,55
WILLIAMSON COUNTY,491,87 Years,821,323,498,702,283,419,17,5,12,17,8,9,7,2,5,78,25,53
WILLIAMSON COUNTY,491,88 Years,694,248,446,608,220,388,16,4,12,13,6,7,5,2,3,52,16,36
WILLIAMSON COUNTY,491,89 Years,613,210,403,542,185,357,10,4,6,11,5,6,2,1,1,48,15,33
WILLIAMSON COUNTY,491,90 Years,525,166,359,457,144,313,9,3,6,10,4,6,2,1,1,47,14,33
WILLIAMSON COUNTY,491,91 Years,413,133,280,368,117,251,7,3,4,9,4,5,1,0,1,28,9,19
WILLIAMSON COUNTY,491,92 Years,352,104,248,313,94,219,6,2,4,5,3,2,2,0,2,26,5,21
WILLIAMSON COUNTY,491,93 Years,284,80,204,253,74,179,6,2,4,4,1,3,2,0,2,19,3,16
WILLIAMSON COUNTY,491,94 Years,211,56,155,190,49,141,4,1,3,4,1,3,1,1,0,12,4,8
WILLIAMSON COUNTY,491,95 Years +,519,124,395,448,103,345,13,2,11,11,5,6,3,1,2,44,13,31
WILSON COUNTY,493,All Ages,50127,25352,24775,28729,14532,14197,694,375,319,153,41,112,635,316,319,19916,10088,9828
WILSON COUNTY,493,< 1 Year,573,295,278,282,144,138,5,2,3,0,0,0,14,7,7,272,142,130
WILSON COUNTY,493,1 Years,592,304,288,291,150,141,7,3,4,2,1,1,16,6,10,276,144,132
WILSON COUNTY,493,2 Years,594,310,284,291,157,134,5,4,1,2,0,2,13,5,8,283,144,139
WILSON COUNTY,493,3 Years,598,311,287,296,160,136,7,4,3,4,1,3,14,7,7,277,139,138
WILSON COUNTY,493,4 Years,586,307,279,293,157,136,7,3,4,2,1,1,11,6,5,273,140,133
WILSON COUNTY,493,5 Years,582,303,279,289,155,134,7,2,5,3,1,2,10,7,3,273,138,135
WILSON COUNTY,493,6 Years,554,283,271,265,138,127,6,2,4,1,0,1,10,7,3,272,136,136
WILSON COUNTY,493,7 Years,573,268,305,264,118,146,7,3,4,0,0,0,10,3,7,292,144,148
WILSON COUNTY,493,8 Years,592,296,296,268,125,143,5,4,1,0,0,0,9,4,5,310,163,147
WILSON COUNTY,493,9 Years,599,314,285,294,158,136,3,1,2,1,1,0,8,4,4,293,150,143
WILSON COUNTY,493,10 Years,641,318,323,296,150,146,4,1,3,3,1,2,13,10,3,325,156,169
WILSON COUNTY,493,11 Years,653,337,316,311,161,150,4,2,2,1,1,0,9,5,4,328,168,160
WILSON COUNTY,493,12 Years,682,355,327,321,168,153,4,2,2,0,0,0,14,8,6,343,177,166
WILSON COUNTY,493,13 Years,686,375,311,346,192,154,8,5,3,1,0,1,12,8,4,319,170,149
WILSON COUNTY,493,14 Years,725,373,352,365,183,182,6,4,2,2,1,1,10,6,4,342,179,163
WILSON COUNTY,493,15 Years,744,392,352,381,212,169,5,2,3,2,0,2,8,3,5,348,175,173
WILSON COUNTY,493,16 Years,776,414,362,417,226,191,5,1,4,0,0,0,7,6,1,347,181,166
WILSON COUNTY,493,17 Years,805,432,373,449,237,212,8,3,5,1,1,0,11,7,4,336,184,152
WILSON COUNTY,493,18 Years,744,407,337,398,216,182,7,6,1,0,0,0,7,4,3,332,181,151
WILSON COUNTY,493,19 Years,681,376,305,368,211,157,10,4,6,0,0,0,12,7,5,291,154,137
WILSON COUNTY,493,20 Years,655,344,311,338,181,157,12,6,6,1,0,1,12,7,5,292,150,142
WILSON COUNTY,493,21 Years,685,347,338,361,169,192,10,6,4,2,0,2,13,8,5,299,164,135
WILSON COUNTY,493,22 Years,670,356,314,350,178,172,10,5,5,2,2,0,15,9,6,293,162,131
WILSON COUNTY,493,23 Years,697,368,329,367,202,165,12,6,6,1,1,0,13,6,7,304,153,151
WILSON COUNTY,493,24 Years,728,398,330,377,211,166,14,6,8,2,2,0,13,5,8,322,174,148
WILSON COUNTY,493,25 Years,704,400,304,341,182,159,11,6,5,4,2,2,10,6,4,338,204,134
WILSON COUNTY,493,26 Years,623,344,279,267,147,120,7,4,3,2,1,1,6,4,2,341,188,153
WILSON COUNTY,493,27 Years,580,333,247,242,138,104,8,5,3,0,0,0,12,6,6,318,184,134
WILSON COUNTY,493,28 Years,542,296,246,237,129,108,6,3,3,2,0,2,6,4,2,291,160,131
WILSON COUNTY,493,29 Years,513,266,247,243,127,116,7,4,3,0,0,0,6,2,4,257,133,124
WILSON COUNTY,493,30 Years,504,256,248,250,131,119,6,5,1,0,0,0,5,2,3,243,118,125
WILSON COUNTY,493,31 Years,495,234,261,236,124,112,3,3,0,1,1,0,4,3,1,251,103,148
WILSON COUNTY,493,32 Years,502,232,270,246,122,124,5,3,2,2,1,1,2,1,1,247,105,142
WILSON COUNTY,493,33 Years,558,274,284,283,139,144,6,3,3,3,1,2,5,0,5,261,131,130
WILSON COUNTY,493,34 Years,545,269,276,273,128,145,8,5,3,1,0,1,5,0,5,258,136,122
WILSON COUNTY,493,35 Years,522,269,253,263,123,140,9,6,3,0,0,0,6,3,3,244,137,107
WILSON COUNTY,493,36 Years,554,294,260,290,131,159,3,2,1,1,0,1,6,4,2,254,157,97
WILSON COUNTY,493,37 Years,558,283,275,293,149,144,2,2,0,1,0,1,6,1,5,256,131,125
WILSON COUNTY,493,38 Years,528,263,265,305,154,151,4,3,1,1,0,1,2,0,2,216,106,110
WILSON COUNTY,493,39 Years,521,240,281,298,132,166,5,3,2,1,0,1,6,2,4,211,103,108
WILSON COUNTY,493,40 Years,533,271,262,296,147,149,2,1,1,0,0,0,5,2,3,230,121,109
WILSON COUNTY,493,41 Years,548,255,293,292,145,147,4,3,1,1,0,1,6,4,2,245,103,142
WILSON COUNTY,493,42 Years,608,290,318,346,167,179,4,3,1,0,0,0,5,2,3,253,118,135
WILSON COUNTY,493,43 Years,551,287,264,292,153,139,6,4,2,1,1,0,5,1,4,247,128,119
WILSON COUNTY,493,44 Years,608,307,301,322,161,161,6,2,4,1,0,1,6,3,3,273,141,132
WILSON COUNTY,493,45 Years,685,342,343,394,197,197,7,5,2,3,1,2,2,1,1,279,138,141
WILSON COUNTY,493,46 Years,688,330,358,410,203,207,7,5,2,1,1,0,4,2,2,266,119,147
WILSON COUNTY,493,47 Years,688,327,361,420,211,209,7,2,5,4,0,4,9,6,3,248,108,140
WILSON COUNTY,493,48 Years,682,332,350,399,199,200,6,2,4,4,2,2,7,2,5,266,127,139
WILSON COUNTY,493,49 Years,658,322,336,387,191,196,5,4,1,3,2,1,8,4,4,255,121,134
WILSON COUNTY,493,50 Years,674,343,331,406,206,200,9,5,4,4,1,3,12,5,7,243,126,117
WILSON COUNTY,493,51 Years,715,376,339,426,225,201,13,8,5,2,0,2,9,4,5,265,139,126
WILSON COUNTY,493,52 Years,766,383,383,463,227,236,11,6,5,5,1,4,11,5,6,276,144,132
WILSON COUNTY,493,53 Years,778,379,399,490,237,253,14,8,6,2,0,2,11,5,6,261,129,132
WILSON COUNTY,493,54 Years,786,389,397,498,255,243,14,5,9,5,2,3,4,3,1,265,124,141
WILSON COUNTY,493,55 Years,757,388,369,479,252,227,11,3,8,4,0,4,9,6,3,254,127,127
WILSON COUNTY,493,56 Years,816,405,411,521,255,266,11,5,6,4,2,2,9,4,5,271,139,132
WILSON COUNTY,493,57 Years,792,397,395,537,276,261,16,10,6,3,1,2,10,6,4,226,104,122
WILSON COUNTY,493,58 Years,734,365,369,486,247,239,18,8,10,2,0,2,12,5,7,216,105,111
WILSON COUNTY,493,59 Years,722,350,372,467,228,239,12,6,6,1,0,1,14,6,8,228,110,118
WILSON COUNTY,493,60 Years,693,337,356,475,231,244,13,8,5,2,0,2,9,3,6,194,95,99
WILSON COUNTY,493,61 Years,704,359,345,461,232,229,16,7,9,0,0,0,9,4,5,218,116,102
WILSON COUNTY,493,62 Years,697,341,356,447,220,227,17,7,10,3,2,1,5,2,3,225,110,115
WILSON COUNTY,493,63 Years,676,318,358,448,198,250,13,9,4,1,1,0,4,1,3,210,109,101
WILSON COUNTY,493,64 Years,637,312,325,424,194,230,10,8,2,3,0,3,8,2,6,192,108,84
WILSON COUNTY,493,65 Years,632,288,344,426,193,233,9,6,3,3,0,3,7,4,3,187,85,102
WILSON COUNTY,493,66 Years,596,287,309,399,193,206,13,7,6,3,0,3,6,3,3,175,84,91
WILSON COUNTY,493,67 Years,617,316,301,419,217,202,11,7,4,4,0,4,7,4,3,176,88,88
WILSON COUNTY,493,68 Years,588,289,299,413,200,213,8,5,3,4,0,4,5,1,4,158,83,75
WILSON COUNTY,493,69 Years,546,281,265,399,206,193,12,8,4,4,2,2,3,1,2,128,64,64
WILSON COUNTY,493,70 Years,533,264,269,388,202,186,10,7,3,2,0,2,5,2,3,128,53,75
WILSON COUNTY,493,71 Years,473,234,239,331,165,166,8,2,6,2,0,2,3,2,1,129,65,64
WILSON COUNTY,493,72 Years,423,219,204,286,151,135,7,5,2,2,0,2,1,1,0,127,62,65
WILSON COUNTY,493,73 Years,391,191,200,268,133,135,8,5,3,2,0,2,3,2,1,110,51,59
WILSON COUNTY,493,74 Years,362,179,183,252,132,120,7,5,2,3,0,3,5,3,2,95,39,56
WILSON COUNTY,493,75 Years,327,164,163,222,112,110,7,5,2,4,0,4,5,2,3,89,45,44
WILSON COUNTY,493,76 Years,282,152,130,209,112,97,6,4,2,1,0,1,2,1,1,64,35,29
WILSON COUNTY,493,77 Years,278,139,139,208,102,106,6,3,3,0,0,0,2,1,1,62,33,29
WILSON COUNTY,493,78 Years,263,132,131,200,100,100,7,5,2,2,1,1,3,2,1,51,24,27
WILSON COUNTY,493,79 Years,239,111,128,179,89,90,8,2,6,1,0,1,1,1,0,50,19,31
WILSON COUNTY,493,80 Years,209,103,106,151,78,73,5,2,3,0,0,0,1,1,0,52,22,30
WILSON COUNTY,493,81 Years,182,93,89,128,68,60,4,2,2,1,0,1,0,0,0,49,23,26
WILSON COUNTY,493,82 Years,173,78,95,123,60,63,2,1,1,1,0,1,0,0,0,47,17,30
WILSON COUNTY,493,83 Years,152,63,89,100,43,57,4,2,2,0,0,0,0,0,0,48,18,30
WILSON COUNTY,493,84 Years,148,70,78,104,48,56,5,4,1,0,0,0,1,0,1,38,18,20
WILSON COUNTY,493,85 Years,149,72,77,100,50,50,4,3,1,1,0,1,3,2,1,41,17,24
WILSON COUNTY,493,86 Years,122,57,65,86,43,43,2,1,1,1,1,0,1,1,0,32,11,21
WILSON COUNTY,493,87 Years,103,46,57,75,34,41,3,0,3,0,0,0,1,0,1,24,12,12
WILSON COUNTY,493,88 Years,83,38,45,62,29,33,3,1,2,1,0,1,1,0,1,16,8,8
WILSON COUNTY,493,89 Years,75,31,44,54,21,33,4,2,2,0,0,0,1,0,1,16,8,8
WILSON COUNTY,493,90 Years,65,25,40,42,16,26,2,1,1,0,0,0,0,0,0,21,8,13
WILSON COUNTY,493,91 Years,60,23,37,41,17,24,1,0,1,0,0,0,2,1,1,16,5,11
WILSON COUNTY,493,92 Years,51,17,34,35,13,22,2,0,2,0,0,0,1,0,1,13,4,9
WILSON COUNTY,493,93 Years,37,12,25,24,8,16,0,0,0,0,0,0,0,0,0,13,4,9
WILSON COUNTY,493,94 Years,31,11,20,22,8,14,1,0,1,0,0,0,0,0,0,8,3,5
WILSON COUNTY,493,95 Years +,77,26,51,52,17,35,5,2,3,0,0,0,1,0,1,19,7,12
WINKLER COUNTY,495,All Ages,7668,4008,3660,2771,1417,1354,149,66,83,19,11,8,130,68,62,4599,2446,2153
WINKLER COUNTY,495,< 1 Year,101,49,52,33,16,17,6,4,2,0,0,0,0,0,0,62,29,33
WINKLER COUNTY,495,1 Years,112,53,59,38,19,19,5,3,2,0,0,0,0,0,0,69,31,38
WINKLER COUNTY,495,2 Years,122,57,65,38,17,21,5,3,2,2,1,1,6,1,5,71,35,36
WINKLER COUNTY,495,3 Years,134,65,69,40,19,21,5,1,4,1,1,0,6,1,5,82,43,39
WINKLER COUNTY,495,4 Years,139,74,65,41,20,21,5,1,4,0,0,0,4,3,1,89,50,39
WINKLER COUNTY,495,5 Years,133,73,60,37,18,19,5,2,3,0,0,0,0,0,0,91,53,38
WINKLER COUNTY,495,6 Years,128,69,59,38,17,21,4,2,2,0,0,0,4,2,2,82,48,34
WINKLER COUNTY,495,7 Years,151,73,78,52,29,23,5,4,1,1,1,0,3,2,1,90,37,53
WINKLER COUNTY,495,8 Years,157,84,73,48,32,16,3,2,1,0,0,0,3,0,3,103,50,53
WINKLER COUNTY,495,9 Years,155,84,71,54,33,21,1,0,1,1,0,1,4,1,3,95,50,45
WINKLER COUNTY,495,10 Years,135,77,58,42,25,17,0,0,0,0,0,0,2,1,1,91,51,40
WINKLER COUNTY,495,11 Years,135,68,67,32,18,14,0,0,0,0,0,0,5,4,1,98,46,52
WINKLER COUNTY,495,12 Years,112,58,54,32,16,16,1,1,0,0,0,0,4,3,1,75,38,37
WINKLER COUNTY,495,13 Years,119,71,48,30,17,13,2,1,1,0,0,0,2,1,1,85,52,33
WINKLER COUNTY,495,14 Years,129,69,60,39,21,18,2,0,2,0,0,0,2,2,0,86,46,40
WINKLER COUNTY,495,15 Years,108,49,59,26,14,12,3,0,3,0,0,0,3,2,1,76,33,43
WINKLER COUNTY,495,16 Years,123,68,55,29,16,13,4,1,3,1,0,1,2,0,2,87,51,36
WINKLER COUNTY,495,17 Years,94,47,47,29,14,15,2,1,1,0,0,0,2,1,1,61,31,30
WINKLER COUNTY,495,18 Years,98,55,43,22,15,7,1,0,1,0,0,0,2,2,0,73,38,35
WINKLER COUNTY,495,19 Years,111,57,54,30,17,13,0,0,0,0,0,0,3,2,1,78,38,40
WINKLER COUNTY,495,20 Years,115,61,54,28,16,12,1,0,1,0,0,0,2,1,1,84,44,40
WINKLER COUNTY,495,21 Years,113,65,48,33,16,17,1,1,0,0,0,0,4,3,1,75,45,30
WINKLER COUNTY,495,22 Years,109,62,47,40,19,21,2,1,1,0,0,0,1,1,0,66,41,25
WINKLER COUNTY,495,23 Years,136,79,57,41,20,21,3,1,2,0,0,0,4,2,2,88,56,32
WINKLER COUNTY,495,24 Years,143,74,69,43,18,25,1,1,0,0,0,0,2,1,1,97,54,43
WINKLER COUNTY,495,25 Years,121,69,52,39,22,17,0,0,0,0,0,0,2,2,0,80,45,35
WINKLER COUNTY,495,26 Years,119,73,46,39,23,16,0,0,0,0,0,0,2,2,0,78,48,30
WINKLER COUNTY,495,27 Years,120,64,56,34,17,17,1,1,0,1,1,0,2,1,1,82,44,38
WINKLER COUNTY,495,28 Years,102,57,45,33,17,16,2,0,2,1,1,0,0,0,0,66,39,27
WINKLER COUNTY,495,29 Years,87,51,36,38,15,23,1,0,1,0,0,0,1,1,0,47,35,12
WINKLER COUNTY,495,30 Years,91,52,39,45,24,21,0,0,0,0,0,0,2,0,2,44,28,16
WINKLER COUNTY,495,31 Years,102,54,48,30,16,14,1,1,0,0,0,0,1,0,1,70,37,33
WINKLER COUNTY,495,32 Years,99,41,58,30,14,16,3,0,3,0,0,0,1,0,1,65,27,38
WINKLER COUNTY,495,33 Years,105,55,50,31,16,15,1,0,1,0,0,0,1,0,1,72,39,33
WINKLER COUNTY,495,34 Years,112,64,48,32,16,16,3,3,0,1,0,1,0,0,0,76,45,31
WINKLER COUNTY,495,35 Years,107,57,50,28,13,15,2,1,1,0,0,0,1,1,0,76,42,34
WINKLER COUNTY,495,36 Years,92,50,42,28,16,12,1,0,1,1,1,0,1,1,0,61,32,29
WINKLER COUNTY,495,37 Years,92,46,46,27,12,15,2,1,1,0,0,0,2,0,2,61,33,28
WINKLER COUNTY,495,38 Years,81,37,44,26,12,14,0,0,0,1,1,0,1,1,0,53,23,30
WINKLER COUNTY,495,39 Years,92,45,47,27,10,17,0,0,0,0,0,0,0,0,0,65,35,30
WINKLER COUNTY,495,40 Years,85,42,43,28,16,12,1,1,0,1,1,0,0,0,0,55,24,31
WINKLER COUNTY,495,41 Years,105,61,44,31,20,11,2,2,0,0,0,0,2,2,0,70,37,33
WINKLER COUNTY,495,42 Years,88,43,45,25,13,12,1,1,0,0,0,0,2,2,0,60,27,33
WINKLER COUNTY,495,43 Years,76,37,39,28,13,15,0,0,0,2,1,1,0,0,0,46,23,23
WINKLER COUNTY,495,44 Years,80,36,44,35,12,23,2,1,1,0,0,0,2,0,2,41,23,18
WINKLER COUNTY,495,45 Years,83,51,32,32,19,13,1,1,0,0,0,0,2,1,1,48,30,18
WINKLER COUNTY,495,46 Years,85,46,39,32,16,16,2,0,2,0,0,0,2,2,0,49,28,21
WINKLER COUNTY,495,47 Years,77,39,38,27,11,16,2,2,0,0,0,0,0,0,0,48,26,22
WINKLER COUNTY,495,48 Years,79,43,36,24,10,14,0,0,0,0,0,0,2,1,1,53,32,21
WINKLER COUNTY,495,49 Years,71,37,34,25,11,14,1,0,1,0,0,0,1,0,1,44,26,18
WINKLER COUNTY,495,50 Years,73,38,35,29,14,15,0,0,0,1,1,0,0,0,0,43,23,20
WINKLER COUNTY,495,51 Years,83,45,38,31,17,14,2,1,1,0,0,0,0,0,0,50,27,23
WINKLER COUNTY,495,52 Years,88,43,45,37,18,19,1,1,0,0,0,0,1,0,1,49,24,25
WINKLER COUNTY,495,53 Years,102,56,46,45,27,18,3,1,2,0,0,0,2,1,1,52,27,25
WINKLER COUNTY,495,54 Years,96,51,45,45,23,22,1,1,0,0,0,0,4,3,1,46,24,22
WINKLER COUNTY,495,55 Years,100,50,50,52,26,26,2,2,0,0,0,0,3,1,2,43,21,22
WINKLER COUNTY,495,56 Years,84,45,39,42,24,18,1,1,0,0,0,0,0,0,0,41,20,21
WINKLER COUNTY,495,57 Years,82,42,40,38,20,18,3,2,1,0,0,0,1,0,1,40,20,20
WINKLER COUNTY,495,58 Years,82,41,41,38,20,18,2,1,1,0,0,0,0,0,0,42,20,22
WINKLER COUNTY,495,59 Years,82,46,36,41,25,16,2,0,2,0,0,0,1,1,0,38,20,18
WINKLER COUNTY,495,60 Years,86,45,41,43,25,18,1,0,1,1,0,1,1,1,0,40,19,21
WINKLER COUNTY,495,61 Years,87,41,46,42,21,21,4,1,3,0,0,0,2,1,1,39,18,21
WINKLER COUNTY,495,62 Years,72,39,33,41,23,18,3,0,3,0,0,0,0,0,0,28,16,12
WINKLER COUNTY,495,63 Years,71,37,34,37,18,19,3,1,2,0,0,0,0,0,0,31,18,13
WINKLER COUNTY,495,64 Years,69,38,31,34,19,15,3,2,1,1,0,1,0,0,0,31,17,14
WINKLER COUNTY,495,65 Years,71,33,38,33,17,16,2,1,1,0,0,0,1,0,1,35,15,20
WINKLER COUNTY,495,66 Years,70,33,37,36,18,18,1,0,1,0,0,0,1,0,1,32,15,17
WINKLER COUNTY,495,67 Years,59,29,30,31,16,15,1,0,1,0,0,0,2,1,1,25,12,13
WINKLER COUNTY,495,68 Years,57,33,24,27,14,13,1,1,0,0,0,0,1,1,0,28,17,11
WINKLER COUNTY,495,69 Years,57,29,28,26,14,12,0,0,0,0,0,0,1,0,1,30,15,15
WINKLER COUNTY,495,70 Years,66,29,37,36,15,21,1,0,1,0,0,0,1,0,1,28,14,14
WINKLER COUNTY,495,71 Years,56,29,27,30,15,15,1,0,1,0,0,0,0,0,0,25,14,11
WINKLER COUNTY,495,72 Years,47,21,26,22,10,12,0,0,0,1,0,1,0,0,0,24,11,13
WINKLER COUNTY,495,73 Years,40,20,20,22,10,12,1,0,1,0,0,0,1,1,0,16,9,7
WINKLER COUNTY,495,74 Years,38,19,19,21,10,11,0,0,0,1,1,0,1,0,1,15,8,7
WINKLER COUNTY,495,75 Years,34,19,15,20,10,10,1,1,0,0,0,0,1,1,0,12,7,5
WINKLER COUNTY,495,76 Years,31,16,15,18,9,9,1,0,1,0,0,0,0,0,0,12,7,5
WINKLER COUNTY,495,77 Years,27,15,12,15,8,7,1,1,0,0,0,0,0,0,0,11,6,5
WINKLER COUNTY,495,78 Years,25,13,12,14,7,7,0,0,0,0,0,0,0,0,0,11,6,5
WINKLER COUNTY,495,79 Years,26,13,13,17,9,8,0,0,0,0,0,0,0,0,0,9,4,5
WINKLER COUNTY,495,80 Years,23,11,12,14,7,7,0,0,0,0,0,0,0,0,0,9,4,5
WINKLER COUNTY,495,81 Years,24,9,15,13,6,7,2,0,2,0,0,0,0,0,0,9,3,6
WINKLER COUNTY,495,82 Years,19,9,10,9,4,5,1,0,1,0,0,0,0,0,0,9,5,4
WINKLER COUNTY,495,83 Years,16,9,7,9,4,5,0,0,0,0,0,0,1,0,1,6,5,1
WINKLER COUNTY,495,84 Years,16,9,7,8,3,5,0,0,0,0,0,0,1,1,0,7,5,2
WINKLER COUNTY,495,85 Years,15,7,8,7,3,4,0,0,0,0,0,0,0,0,0,8,4,4
WINKLER COUNTY,495,86 Years,23,7,16,13,3,10,0,0,0,0,0,0,0,0,0,10,4,6
WINKLER COUNTY,495,87 Years,18,7,11,9,4,5,0,0,0,0,0,0,0,0,0,9,3,6
WINKLER COUNTY,495,88 Years,18,6,12,9,3,6,2,1,1,0,0,0,0,0,0,7,2,5
WINKLER COUNTY,495,89 Years,13,5,8,5,2,3,1,0,1,0,0,0,0,0,0,7,3,4
WINKLER COUNTY,495,90 Years,11,6,5,4,2,2,0,0,0,0,0,0,1,1,0,6,3,3
WINKLER COUNTY,495,91 Years,12,6,6,5,2,3,1,0,1,0,0,0,1,1,0,5,3,2
WINKLER COUNTY,495,92 Years,8,4,4,4,2,2,1,0,1,0,0,0,0,0,0,3,2,1
WINKLER COUNTY,495,93 Years,8,3,5,3,1,2,1,0,1,0,0,0,0,0,0,4,2,2
WINKLER COUNTY,495,94 Years,6,3,3,3,1,2,0,0,0,0,0,0,0,0,0,3,2,1
WINKLER COUNTY,495,95 Years +,14,8,6,4,2,2,2,2,0,0,0,0,1,0,1,7,4,3
WISE COUNTY,497,All Ages,66800,33442,33358,51603,25577,26026,651,436,215,283,122,161,1367,651,716,12896,6656,6240
WISE COUNTY,497,< 1 Year,747,359,388,468,238,230,5,4,1,6,1,5,34,8,26,234,108,126
WISE COUNTY,497,1 Years,783,386,397,497,250,247,5,3,2,5,2,3,40,17,23,236,114,122
WISE COUNTY,497,2 Years,795,402,393,510,256,254,6,3,3,5,2,3,39,20,19,235,121,114
WISE COUNTY,497,3 Years,823,414,409,539,263,276,5,2,3,4,2,2,36,21,15,239,126,113
WISE COUNTY,497,4 Years,808,396,412,529,254,275,6,2,4,4,1,3,30,15,15,239,124,115
WISE COUNTY,497,5 Years,802,388,414,525,246,279,5,2,3,5,2,3,27,9,18,240,129,111
WISE COUNTY,497,6 Years,813,408,405,528,256,272,6,3,3,6,3,3,28,12,16,245,134,111
WISE COUNTY,497,7 Years,804,430,374,519,282,237,6,1,5,6,0,6,28,15,13,245,132,113
WISE COUNTY,497,8 Years,901,442,459,606,295,311,7,4,3,3,1,2,21,12,9,264,130,134
WISE COUNTY,497,9 Years,941,486,455,627,330,297,5,4,1,5,3,2,15,8,7,289,141,148
WISE COUNTY,497,10 Years,940,504,436,620,334,286,8,4,4,4,3,1,21,12,9,287,151,136
WISE COUNTY,497,11 Years,933,499,434,629,344,285,6,3,3,7,4,3,16,11,5,275,137,138
WISE COUNTY,497,12 Years,894,476,418,591,318,273,4,2,2,3,1,2,24,17,7,272,138,134
WISE COUNTY,497,13 Years,905,459,446,605,326,279,2,2,0,5,0,5,23,10,13,270,121,149
WISE COUNTY,497,14 Years,892,452,440,616,325,291,3,2,1,2,0,2,25,11,14,246,114,132
WISE COUNTY,497,15 Years,883,461,422,603,329,274,10,4,6,1,0,1,23,12,11,246,116,130
WISE COUNTY,497,16 Years,921,484,437,637,335,302,9,5,4,1,0,1,19,8,11,255,136,119
WISE COUNTY,497,17 Years,908,467,441,619,331,288,12,6,6,6,5,1,21,5,16,250,120,130
WISE COUNTY,497,18 Years,822,452,370,567,316,251,5,3,2,4,3,1,19,8,11,227,122,105
WISE COUNTY,497,19 Years,752,397,355,524,281,243,4,1,3,7,4,3,17,8,9,200,103,97
WISE COUNTY,497,20 Years,731,374,357,500,261,239,3,1,2,2,1,1,19,12,7,207,99,108
WISE COUNTY,497,21 Years,725,373,352,485,246,239,6,3,3,1,0,1,21,14,7,212,110,102
WISE COUNTY,497,22 Years,744,385,359,512,263,249,9,8,1,4,2,2,26,15,11,193,97,96
WISE COUNTY,497,23 Years,800,419,381,566,291,275,14,13,1,6,5,1,36,17,19,178,93,85
WISE COUNTY,497,24 Years,868,453,415,622,328,294,15,11,4,4,1,3,34,12,22,193,101,92
WISE COUNTY,497,25 Years,899,462,437,646,333,313,13,9,4,4,3,1,29,15,14,207,102,105
WISE COUNTY,497,26 Years,909,448,461,650,324,326,16,10,6,4,3,1,26,14,12,213,97,116
WISE COUNTY,497,27 Years,906,435,471,657,305,352,15,9,6,7,3,4,16,9,7,211,109,102
WISE COUNTY,497,28 Years,894,436,458,651,304,347,17,9,8,2,1,1,18,8,10,206,114,92
WISE COUNTY,497,29 Years,862,426,436,620,296,324,22,16,6,0,0,0,17,6,11,203,108,95
WISE COUNTY,497,30 Years,892,451,441,639,315,324,14,11,3,1,0,1,16,9,7,222,116,106
WISE COUNTY,497,31 Years,900,490,410,661,356,305,15,12,3,2,1,1,14,5,9,208,116,92
WISE COUNTY,497,32 Years,869,456,413,647,330,317,12,9,3,4,2,2,10,5,5,196,110,86
WISE COUNTY,497,33 Years,852,438,414,622,298,324,21,16,5,5,3,2,11,6,5,193,115,78
WISE COUNTY,497,34 Years,810,418,392,572,289,283,17,14,3,4,1,3,10,5,5,207,109,98
WISE COUNTY,497,35 Years,847,411,436,620,288,332,12,9,3,2,0,2,10,3,7,203,111,92
WISE COUNTY,497,36 Years,809,401,408,602,294,308,12,9,3,3,1,2,11,5,6,181,92,89
WISE COUNTY,497,37 Years,798,393,405,595,293,302,14,9,5,2,0,2,9,3,6,178,88,90
WISE COUNTY,497,38 Years,779,393,386,586,290,296,17,13,4,5,3,2,7,2,5,164,85,79
WISE COUNTY,497,39 Years,774,387,387,584,284,300,12,10,2,6,3,3,8,4,4,164,86,78
WISE COUNTY,497,40 Years,733,350,383,532,242,290,13,7,6,3,1,2,9,6,3,176,94,82
WISE COUNTY,497,41 Years,755,406,349,559,285,274,15,13,2,2,1,1,8,5,3,171,102,69
WISE COUNTY,497,42 Years,756,407,349,582,297,285,13,11,2,3,1,2,9,4,5,149,94,55
WISE COUNTY,497,43 Years,776,406,370,562,291,271,5,3,2,7,2,5,17,8,9,185,102,83
WISE COUNTY,497,44 Years,795,401,394,580,283,297,16,14,2,8,3,5,12,7,5,179,94,85
WISE COUNTY,497,45 Years,854,406,448,647,305,342,17,13,4,6,3,3,12,5,7,172,80,92
WISE COUNTY,497,46 Years,903,445,458,706,351,355,9,5,4,1,0,1,19,7,12,168,82,86
WISE COUNTY,497,47 Years,920,463,457,726,364,362,8,6,2,5,3,2,20,10,10,161,80,81
WISE COUNTY,497,48 Years,849,414,435,667,318,349,15,13,2,3,2,1,9,5,4,155,76,79
WISE COUNTY,497,49 Years,860,419,441,680,321,359,9,6,3,8,3,5,10,7,3,153,82,71
WISE COUNTY,497,50 Years,885,437,448,693,337,356,10,6,4,7,2,5,13,7,6,162,85,77
WISE COUNTY,497,51 Years,941,490,451,765,391,374,10,9,1,4,3,1,12,7,5,150,80,70
WISE COUNTY,497,52 Years,958,490,468,786,395,391,11,9,2,2,1,1,14,6,8,145,79,66
WISE COUNTY,497,53 Years,1004,491,513,848,411,437,9,4,5,6,1,5,16,8,8,125,67,58
WISE COUNTY,497,54 Years,1076,539,537,900,441,459,10,9,1,5,3,2,25,8,17,136,78,58
WISE COUNTY,497,55 Years,1023,507,516,874,427,447,7,6,1,4,2,2,21,7,14,117,65,52
WISE COUNTY,497,56 Years,1022,529,493,876,451,425,9,7,2,4,2,2,17,7,10,116,62,54
WISE COUNTY,497,57 Years,1031,506,525,890,446,444,4,1,3,3,1,2,18,5,13,116,53,63
WISE COUNTY,497,58 Years,997,502,495,873,445,428,2,1,1,1,0,1,17,7,10,104,49,55
WISE COUNTY,497,59 Years,981,502,479,868,440,428,2,1,1,2,2,0,16,6,10,93,53,40
WISE COUNTY,497,60 Years,945,499,446,842,437,405,2,1,1,3,2,1,12,6,6,86,53,33
WISE COUNTY,497,61 Years,876,437,439,784,388,396,2,1,1,4,2,2,13,7,6,73,39,34
WISE COUNTY,497,62 Years,841,437,404,736,373,363,2,1,1,4,2,2,16,8,8,83,53,30
WISE COUNTY,497,63 Years,789,390,399,679,328,351,2,1,1,2,1,1,23,13,10,83,47,36
WISE COUNTY,497,64 Years,782,378,404,691,332,359,4,2,2,3,2,1,15,10,5,69,32,37
WISE COUNTY,497,65 Years,721,351,370,650,318,332,2,2,0,3,1,2,9,4,5,57,26,31
WISE COUNTY,497,66 Years,695,337,358,619,299,320,4,3,1,1,1,0,9,4,5,62,30,32
WISE COUNTY,497,67 Years,711,339,372,634,302,332,4,2,2,5,2,3,5,2,3,63,31,32
WISE COUNTY,497,68 Years,648,289,359,594,263,331,4,3,1,1,0,1,10,5,5,39,18,21
WISE COUNTY,497,69 Years,692,347,345,644,320,324,6,3,3,0,0,0,7,4,3,35,20,15
WISE COUNTY,497,70 Years,669,334,335,618,310,308,4,2,2,1,1,0,15,8,7,31,13,18
WISE COUNTY,497,71 Years,611,306,305,555,279,276,4,2,2,2,0,2,12,7,5,38,18,20
WISE COUNTY,497,72 Years,555,256,299,515,236,279,2,1,1,1,0,1,5,1,4,32,18,14
WISE COUNTY,497,73 Years,565,277,288,532,262,270,1,1,0,0,0,0,5,2,3,27,12,15
WISE COUNTY,497,74 Years,541,258,283,507,245,262,1,1,0,0,0,0,6,2,4,27,10,17
WISE COUNTY,497,75 Years,488,226,262,455,214,241,2,1,1,1,0,1,7,3,4,23,8,15
WISE COUNTY,497,76 Years,453,215,238,410,198,212,2,1,1,2,0,2,9,4,5,30,12,18
WISE COUNTY,497,77 Years,394,189,205,364,171,193,2,1,1,1,1,0,2,1,1,25,15,10
WISE COUNTY,497,78 Years,350,163,187,326,150,176,2,1,1,0,0,0,2,1,1,20,11,9
WISE COUNTY,497,79 Years,315,158,157,291,148,143,1,1,0,1,0,1,5,2,3,17,7,10
WISE COUNTY,497,80 Years,295,136,159,276,126,150,0,0,0,0,0,0,7,4,3,12,6,6
WISE COUNTY,497,81 Years,260,109,151,246,101,145,0,0,0,0,0,0,3,2,1,11,6,5
WISE COUNTY,497,82 Years,237,99,138,224,94,130,0,0,0,0,0,0,3,1,2,10,4,6
WISE COUNTY,497,83 Years,245,109,136,226,100,126,2,0,2,1,0,1,3,2,1,13,7,6
WISE COUNTY,497,84 Years,209,98,111,193,91,102,1,0,1,1,0,1,4,2,2,10,5,5
WISE COUNTY,497,85 Years,166,80,86,155,73,82,0,0,0,1,1,0,1,1,0,9,5,4
WISE COUNTY,497,86 Years,155,65,90,144,59,85,1,0,1,0,0,0,2,2,0,8,4,4
WISE COUNTY,497,87 Years,145,51,94,134,47,87,1,0,1,1,0,1,2,1,1,7,3,4
WISE COUNTY,497,88 Years,122,42,80,113,39,74,0,0,0,0,0,0,2,0,2,7,3,4
WISE COUNTY,497,89 Years,105,42,63,95,38,57,0,0,0,2,0,2,2,1,1,6,3,3
WISE COUNTY,497,90 Years,91,32,59,81,30,51,2,0,2,1,0,1,1,0,1,6,2,4
WISE COUNTY,497,91 Years,63,21,42,60,20,40,1,0,1,0,0,0,1,1,0,1,0,1
WISE COUNTY,497,92 Years,57,14,43,55,14,41,0,0,0,0,0,0,0,0,0,2,0,2
WISE COUNTY,497,93 Years,51,13,38,49,12,37,0,0,0,0,0,0,0,0,0,2,1,1
WISE COUNTY,497,94 Years,36,9,27,34,8,26,0,0,0,0,0,0,0,0,0,2,1,1
WISE COUNTY,497,95 Years +,68,15,53,62,14,48,1,0,1,0,0,0,1,0,1,4,1,3
WOOD COUNTY,499,All Ages,44455,22163,22292,36647,18056,18591,2229,1176,1053,182,81,101,897,459,438,4500,2391,2109
WOOD COUNTY,499,< 1 Year,453,228,225,319,167,152,22,11,11,3,1,2,29,12,17,80,37,43
WOOD COUNTY,499,1 Years,460,240,220,315,167,148,26,11,15,5,2,3,31,16,15,83,44,39
WOOD COUNTY,499,2 Years,473,246,227,318,169,149,30,11,19,3,2,1,33,19,14,89,45,44
WOOD COUNTY,499,3 Years,479,254,225,325,174,151,30,10,20,3,3,0,34,22,12,87,45,42
WOOD COUNTY,499,4 Years,486,247,239,327,168,159,27,11,16,6,4,2,38,24,14,88,40,48
WOOD COUNTY,499,5 Years,478,241,237,329,164,165,20,11,9,6,5,1,29,17,12,94,44,50
WOOD COUNTY,499,6 Years,493,248,245,342,169,173,21,10,11,4,3,1,27,17,10,99,49,50
WOOD COUNTY,499,7 Years,493,222,271,357,166,191,22,4,18,4,2,2,22,9,13,88,41,47
WOOD COUNTY,499,8 Years,481,240,241,338,179,159,23,8,15,1,1,0,13,5,8,106,47,59
WOOD COUNTY,499,9 Years,472,239,233,334,173,161,23,12,11,3,2,1,16,9,7,96,43,53
WOOD COUNTY,499,10 Years,501,267,234,367,193,174,17,7,10,1,1,0,18,9,9,98,57,41
WOOD COUNTY,499,11 Years,481,248,233,373,187,186,14,10,4,1,0,1,10,6,4,83,45,38
WOOD COUNTY,499,12 Years,469,254,215,350,188,162,21,12,9,2,1,1,11,7,4,85,46,39
WOOD COUNTY,499,13 Years,498,267,231,366,201,165,28,18,10,1,0,1,11,7,4,92,41,51
WOOD COUNTY,499,14 Years,500,254,246,349,179,170,41,23,18,4,3,1,13,5,8,93,44,49
WOOD COUNTY,499,15 Years,495,246,249,350,175,175,40,14,26,6,5,1,14,9,5,85,43,42
WOOD COUNTY,499,16 Years,546,289,257,351,186,165,71,39,32,6,4,2,12,9,3,106,51,55
WOOD COUNTY,499,17 Years,504,273,231,347,183,164,51,29,22,4,1,3,15,8,7,87,52,35
WOOD COUNTY,499,18 Years,554,288,266,346,187,159,93,40,53,3,0,3,16,7,9,96,54,42
WOOD COUNTY,499,19 Years,511,289,222,290,160,130,121,76,45,2,1,1,14,6,8,84,46,38
WOOD COUNTY,499,20 Years,521,273,248,302,160,142,128,66,62,3,2,1,14,6,8,74,39,35
WOOD COUNTY,499,21 Years,493,268,225,299,156,143,102,59,43,2,2,0,12,8,4,78,43,35
WOOD COUNTY,499,22 Years,489,266,223,327,177,150,77,46,31,3,1,2,11,7,4,71,35,36
WOOD COUNTY,499,23 Years,456,248,208,335,177,158,41,29,12,3,0,3,10,6,4,67,36,31
WOOD COUNTY,499,24 Years,453,246,207,333,178,155,38,24,14,2,0,2,10,6,4,70,38,32
WOOD COUNTY,499,25 Years,441,242,199,342,182,160,11,8,3,1,1,0,10,3,7,77,48,29
WOOD COUNTY,499,26 Years,443,239,204,350,185,165,12,9,3,1,0,1,6,3,3,74,42,32
WOOD COUNTY,499,27 Years,439,234,205,342,174,168,10,5,5,0,0,0,9,6,3,78,49,29
WOOD COUNTY,499,28 Years,432,221,211,344,171,173,8,4,4,0,0,0,8,5,3,72,41,31
WOOD COUNTY,499,29 Years,431,230,201,343,181,162,9,6,3,1,0,1,10,6,4,68,37,31
WOOD COUNTY,499,30 Years,420,230,190,333,177,156,8,6,2,1,1,0,6,2,4,72,44,28
WOOD COUNTY,499,31 Years,425,212,213,341,164,177,7,5,2,1,0,1,5,3,2,71,40,31
WOOD COUNTY,499,32 Years,413,209,204,320,151,169,26,19,7,1,0,1,6,3,3,60,36,24
WOOD COUNTY,499,33 Years,410,200,210,315,148,167,33,23,10,1,0,1,3,1,2,58,28,30
WOOD COUNTY,499,34 Years,433,237,196,344,188,156,24,15,9,1,0,1,3,1,2,61,33,28
WOOD COUNTY,499,35 Years,450,248,202,361,197,164,17,12,5,3,1,2,6,3,3,63,35,28
WOOD COUNTY,499,36 Years,488,264,224,400,211,189,30,24,6,2,0,2,4,3,1,52,26,26
WOOD COUNTY,499,37 Years,426,223,203,331,175,156,23,15,8,2,1,1,6,3,3,64,29,35
WOOD COUNTY,499,38 Years,421,219,202,352,180,172,15,8,7,3,1,2,5,3,2,46,27,19
WOOD COUNTY,499,39 Years,396,204,192,312,154,158,19,13,6,2,1,1,7,4,3,56,32,24
WOOD COUNTY,499,40 Years,396,199,197,315,153,162,15,9,6,2,0,2,5,2,3,59,35,24
WOOD COUNTY,499,41 Years,398,204,194,326,165,161,12,6,6,2,0,2,4,2,2,54,31,23
WOOD COUNTY,499,42 Years,400,209,191,334,175,159,10,5,5,1,0,1,4,1,3,51,28,23
WOOD COUNTY,499,43 Years,380,194,186,321,163,158,10,5,5,1,0,1,6,1,5,42,25,17
WOOD COUNTY,499,44 Years,401,185,216,331,149,182,11,5,6,2,0,2,3,1,2,54,30,24
WOOD COUNTY,499,45 Years,435,212,223,371,181,190,10,6,4,1,0,1,4,3,1,49,22,27
WOOD COUNTY,499,46 Years,441,234,207,379,204,175,11,7,4,5,4,1,5,2,3,41,17,24
WOOD COUNTY,499,47 Years,481,247,234,409,211,198,13,5,8,7,3,4,7,2,5,45,26,19
WOOD COUNTY,499,48 Years,479,256,223,408,218,190,11,5,6,3,0,3,6,2,4,51,31,20
WOOD COUNTY,499,49 Years,484,245,239,404,203,201,18,7,11,2,1,1,6,2,4,54,32,22
WOOD COUNTY,499,50 Years,454,223,231,383,181,202,18,8,10,1,1,0,7,2,5,45,31,14
WOOD COUNTY,499,51 Years,515,262,253,428,206,222,25,17,8,2,1,1,6,4,2,54,34,20
WOOD COUNTY,499,52 Years,556,280,276,478,229,249,24,16,8,3,1,2,6,2,4,45,32,13
WOOD COUNTY,499,53 Years,607,287,320,541,249,292,26,15,11,0,0,0,5,1,4,35,22,13
WOOD COUNTY,499,54 Years,572,280,292,499,242,257,21,9,12,2,1,1,7,3,4,43,25,18
WOOD COUNTY,499,55 Years,599,268,331,523,233,290,20,8,12,4,3,1,8,4,4,44,20,24
WOOD COUNTY,499,56 Years,644,319,325,573,289,284,19,12,7,6,4,2,13,3,10,33,11,22
WOOD COUNTY,499,57 Years,685,340,345,605,297,308,23,15,8,4,2,2,11,4,7,42,22,20
WOOD COUNTY,499,58 Years,659,330,329,595,300,295,25,11,14,1,0,1,5,3,2,33,16,17
WOOD COUNTY,499,59 Years,634,326,308,571,291,280,23,9,14,3,1,2,7,4,3,30,21,9
WOOD COUNTY,499,60 Years,708,339,369,638,305,333,31,13,18,2,1,1,6,5,1,31,15,16
WOOD COUNTY,499,61 Years,665,322,343,588,285,303,37,21,16,1,0,1,9,3,6,30,13,17
WOOD COUNTY,499,62 Years,681,317,364,616,287,329,25,14,11,2,0,2,10,2,8,28,14,14
WOOD COUNTY,499,63 Years,706,321,385,638,290,348,26,11,15,3,2,1,9,3,6,30,15,15
WOOD COUNTY,499,64 Years,656,293,363,591,265,326,23,11,12,3,0,3,8,4,4,31,13,18
WOOD COUNTY,499,65 Years,685,324,361,629,297,332,23,12,11,2,0,2,7,4,3,24,11,13
WOOD COUNTY,499,66 Years,684,336,348,625,303,322,19,8,11,1,1,0,13,7,6,26,17,9
WOOD COUNTY,499,67 Years,689,324,365,636,297,339,18,8,10,1,1,0,12,5,7,22,13,9
WOOD COUNTY,499,68 Years,702,344,358,648,315,333,18,9,9,2,0,2,16,9,7,18,11,7
WOOD COUNTY,499,69 Years,732,346,386,682,318,364,22,14,8,2,0,2,12,6,6,14,8,6
WOOD COUNTY,499,70 Years,772,381,391,725,358,367,23,10,13,2,0,2,7,3,4,15,10,5
WOOD COUNTY,499,71 Years,609,291,318,568,274,294,17,5,12,2,0,2,10,6,4,12,6,6
WOOD COUNTY,499,72 Years,596,283,313,563,265,298,9,4,5,1,0,1,9,7,2,14,7,7
WOOD COUNTY,499,73 Years,642,316,326,602,296,306,21,9,12,1,1,0,7,4,3,11,6,5
WOOD COUNTY,499,74 Years,610,296,314,575,280,295,19,8,11,1,0,1,5,1,4,10,7,3
WOOD COUNTY,499,75 Years,577,272,305,541,257,284,18,5,13,0,0,0,7,4,3,11,6,5
WOOD COUNTY,499,76 Years,532,247,285,497,234,263,15,5,10,0,0,0,7,3,4,13,5,8
WOOD COUNTY,499,77 Years,494,224,270,462,210,252,13,6,7,0,0,0,7,4,3,12,4,8
WOOD COUNTY,499,78 Years,458,219,239,427,204,223,15,6,9,1,0,1,6,5,1,9,4,5
WOOD COUNTY,499,79 Years,405,201,204,377,188,189,12,5,7,0,0,0,6,2,4,10,6,4
WOOD COUNTY,499,80 Years,359,181,178,336,169,167,10,6,4,0,0,0,5,3,2,8,3,5
WOOD COUNTY,499,81 Years,331,162,169,313,151,162,9,6,3,0,0,0,3,2,1,6,3,3
WOOD COUNTY,499,82 Years,338,163,175,314,151,163,10,6,4,0,0,0,6,2,4,8,4,4
WOOD COUNTY,499,83 Years,284,128,156,264,118,146,9,6,3,0,0,0,3,2,1,8,2,6
WOOD COUNTY,499,84 Years,246,113,133,230,104,126,6,3,3,0,0,0,2,2,0,8,4,4
WOOD COUNTY,499,85 Years,224,101,123,211,96,115,5,2,3,0,0,0,5,2,3,3,1,2
WOOD COUNTY,499,86 Years,197,83,114,182,77,105,6,3,3,1,0,1,4,1,3,4,2,2
WOOD COUNTY,499,87 Years,192,79,113,181,74,107,5,2,3,0,0,0,1,0,1,5,3,2
WOOD COUNTY,499,88 Years,154,66,88,142,59,83,6,3,3,0,0,0,1,0,1,5,4,1
WOOD COUNTY,499,89 Years,125,51,74,111,44,67,6,3,3,0,0,0,4,1,3,4,3,1
WOOD COUNTY,499,90 Years,115,42,73,105,38,67,4,1,3,0,0,0,2,0,2,4,3,1
WOOD COUNTY,499,91 Years,81,26,55,75,24,51,3,1,2,0,0,0,1,0,1,2,1,1
WOOD COUNTY,499,92 Years,70,22,48,65,20,45,4,1,3,0,0,0,1,1,0,0,0,0
WOOD COUNTY,499,93 Years,60,18,42,53,14,39,5,2,3,0,0,0,0,0,0,2,2,0
WOOD COUNTY,499,94 Years,47,15,32,39,11,28,4,1,3,0,0,0,1,1,0,3,2,1
WOOD COUNTY,499,95 Years +,102,24,78,85,18,67,9,3,6,1,1,0,3,2,1,4,0,4
YOAKUM COUNTY,501,All Ages,8589,4311,4278,2707,1326,1381,61,29,32,28,12,16,97,51,46,5696,2893,2803
YOAKUM COUNTY,501,< 1 Year,155,85,70,28,15,13,0,0,0,0,0,0,5,4,1,122,66,56
YOAKUM COUNTY,501,1 Years,150,81,69,25,14,11,0,0,0,0,0,0,5,4,1,120,63,57
YOAKUM COUNTY,501,2 Years,157,90,67,24,14,10,1,0,1,0,0,0,0,0,0,132,76,56
YOAKUM COUNTY,501,3 Years,163,92,71,24,15,9,2,1,1,0,0,0,2,1,1,135,75,60
YOAKUM COUNTY,501,4 Years,153,85,68,23,14,9,2,1,1,0,0,0,1,1,0,127,69,58
YOAKUM COUNTY,501,5 Years,153,80,73,26,14,12,2,1,1,0,0,0,2,1,1,123,64,59
YOAKUM COUNTY,501,6 Years,132,66,66,23,12,11,0,0,0,0,0,0,2,1,1,107,53,54
YOAKUM COUNTY,501,7 Years,147,77,70,24,15,9,1,1,0,0,0,0,2,0,2,120,61,59
YOAKUM COUNTY,501,8 Years,166,74,92,33,17,16,1,1,0,0,0,0,3,0,3,129,56,73
YOAKUM COUNTY,501,9 Years,159,70,89,34,15,19,0,0,0,1,0,1,1,0,1,123,55,68
YOAKUM COUNTY,501,10 Years,143,63,80,39,18,21,1,0,1,1,0,1,2,0,2,100,45,55
YOAKUM COUNTY,501,11 Years,147,65,82,39,19,20,0,0,0,1,0,1,0,0,0,107,46,61
YOAKUM COUNTY,501,12 Years,152,72,80,35,17,18,1,1,0,1,0,1,0,0,0,115,54,61
YOAKUM COUNTY,501,13 Years,155,73,82,39,18,21,1,0,1,1,0,1,1,1,0,113,54,59
YOAKUM COUNTY,501,14 Years,140,65,75,39,20,19,1,0,1,0,0,0,2,1,1,98,44,54
YOAKUM COUNTY,501,15 Years,140,68,72,42,18,24,0,0,0,0,0,0,2,2,0,96,48,48
YOAKUM COUNTY,501,16 Years,145,74,71,37,15,22,0,0,0,0,0,0,1,1,0,107,58,49
YOAKUM COUNTY,501,17 Years,150,76,74,44,21,23,0,0,0,0,0,0,1,0,1,105,55,50
YOAKUM COUNTY,501,18 Years,145,83,62,39,19,20,0,0,0,0,0,0,1,0,1,105,64,41
YOAKUM COUNTY,501,19 Years,107,51,56,29,13,16,0,0,0,0,0,0,1,0,1,77,38,39
YOAKUM COUNTY,501,20 Years,107,49,58,24,12,12,1,1,0,0,0,0,2,1,1,80,35,45
YOAKUM COUNTY,501,21 Years,120,61,59,28,11,17,1,1,0,1,0,1,2,2,0,88,47,41
YOAKUM COUNTY,501,22 Years,110,54,56,27,13,14,1,1,0,0,0,0,0,0,0,82,40,42
YOAKUM COUNTY,501,23 Years,120,57,63,31,12,19,1,1,0,0,0,0,3,2,1,85,42,43
YOAKUM COUNTY,501,24 Years,153,81,72,41,20,21,0,0,0,0,0,0,2,0,2,110,61,49
YOAKUM COUNTY,501,25 Years,130,69,61,42,21,21,2,0,2,1,0,1,2,1,1,83,47,36
YOAKUM COUNTY,501,26 Years,117,62,55,27,15,12,1,0,1,0,0,0,1,1,0,88,46,42
YOAKUM COUNTY,501,27 Years,93,47,46,17,6,11,0,0,0,1,0,1,0,0,0,75,41,34
YOAKUM COUNTY,501,28 Years,93,41,52,16,5,11,0,0,0,1,1,0,0,0,0,76,35,41
YOAKUM COUNTY,501,29 Years,119,49,70,27,10,17,2,1,1,0,0,0,4,4,0,86,34,52
YOAKUM COUNTY,501,30 Years,124,60,64,21,11,10,2,1,1,1,1,0,1,1,0,99,46,53
YOAKUM COUNTY,501,31 Years,105,51,54,22,11,11,0,0,0,1,1,0,0,0,0,82,39,43
YOAKUM COUNTY,501,32 Years,98,52,46,17,8,9,0,0,0,0,0,0,1,0,1,80,44,36
YOAKUM COUNTY,501,33 Years,101,57,44,22,12,10,0,0,0,0,0,0,1,0,1,78,45,33
YOAKUM COUNTY,501,34 Years,107,59,48,32,16,16,0,0,0,0,0,0,0,0,0,75,43,32
YOAKUM COUNTY,501,35 Years,119,64,55,28,16,12,1,0,1,1,0,1,0,0,0,89,48,41
YOAKUM COUNTY,501,36 Years,117,51,66,38,19,19,2,0,2,1,1,0,2,2,0,74,29,45
YOAKUM COUNTY,501,37 Years,95,31,64,25,10,15,1,0,1,0,0,0,2,1,1,67,20,47
YOAKUM COUNTY,501,38 Years,86,39,47,22,12,10,1,0,1,0,0,0,1,0,1,62,27,35
YOAKUM COUNTY,501,39 Years,87,52,35,25,15,10,0,0,0,2,1,1,1,1,0,59,35,24
YOAKUM COUNTY,501,40 Years,96,56,40,29,19,10,1,1,0,1,0,1,0,0,0,65,36,29
YOAKUM COUNTY,501,41 Years,99,57,42,32,18,14,1,1,0,0,0,0,1,1,0,65,37,28
YOAKUM COUNTY,501,42 Years,91,53,38,35,19,16,1,0,1,0,0,0,2,2,0,53,32,21
YOAKUM COUNTY,501,43 Years,81,41,40,27,14,13,1,0,1,0,0,0,0,0,0,53,27,26
YOAKUM COUNTY,501,44 Years,77,42,35,23,14,9,0,0,0,1,1,0,0,0,0,53,27,26
YOAKUM COUNTY,501,45 Years,85,39,46,27,14,13,0,0,0,0,0,0,0,0,0,58,25,33
YOAKUM COUNTY,501,46 Years,83,42,41,25,14,11,1,1,0,0,0,0,1,0,1,56,27,29
YOAKUM COUNTY,501,47 Years,90,46,44,33,19,14,0,0,0,0,0,0,1,0,1,56,27,29
YOAKUM COUNTY,501,48 Years,102,47,55,37,17,20,1,0,1,1,0,1,1,1,0,62,29,33
YOAKUM COUNTY,501,49 Years,85,41,44,28,13,15,0,0,0,1,1,0,1,1,0,55,26,29
YOAKUM COUNTY,501,50 Years,96,48,48,29,15,14,0,0,0,1,0,1,2,1,1,64,32,32
YOAKUM COUNTY,501,51 Years,93,48,45,26,11,15,0,0,0,1,0,1,1,1,0,65,36,29
YOAKUM COUNTY,501,52 Years,104,55,49,31,15,16,1,0,1,0,0,0,1,1,0,71,39,32
YOAKUM COUNTY,501,53 Years,98,52,46,33,17,16,0,0,0,0,0,0,1,1,0,64,34,30
YOAKUM COUNTY,501,54 Years,103,53,50,42,19,23,0,0,0,0,0,0,1,1,0,60,33,27
YOAKUM COUNTY,501,55 Years,110,56,54,45,21,24,2,1,1,0,0,0,1,0,1,62,34,28
YOAKUM COUNTY,501,56 Years,98,55,43,50,22,28,1,1,0,1,1,0,3,1,2,43,30,13
YOAKUM COUNTY,501,57 Years,111,66,45,50,29,21,1,1,0,1,1,0,1,1,0,58,34,24
YOAKUM COUNTY,501,58 Years,102,47,55,42,22,20,3,2,1,1,0,1,0,0,0,56,23,33
YOAKUM COUNTY,501,59 Years,98,48,50,42,22,20,2,1,1,0,0,0,0,0,0,54,25,29
YOAKUM COUNTY,501,60 Years,96,55,41,49,30,19,0,0,0,0,0,0,0,0,0,47,25,22
YOAKUM COUNTY,501,61 Years,89,43,46,45,19,26,2,1,1,0,0,0,1,0,1,41,23,18
YOAKUM COUNTY,501,62 Years,84,41,43,36,16,20,3,1,2,0,0,0,0,0,0,45,24,21
YOAKUM COUNTY,501,63 Years,79,40,39,36,16,20,0,0,0,0,0,0,2,1,1,41,23,18
YOAKUM COUNTY,501,64 Years,63,33,30,31,14,17,0,0,0,0,0,0,1,0,1,31,19,12
YOAKUM COUNTY,501,65 Years,65,32,33,30,13,17,2,1,1,0,0,0,0,0,0,33,18,15
YOAKUM COUNTY,501,66 Years,74,37,37,37,19,18,1,0,1,0,0,0,0,0,0,36,18,18
YOAKUM COUNTY,501,67 Years,64,31,33,30,15,15,1,1,0,1,0,1,0,0,0,32,15,17
YOAKUM COUNTY,501,68 Years,65,31,34,35,15,20,0,0,0,0,0,0,1,0,1,29,16,13
YOAKUM COUNTY,501,69 Years,64,34,30,36,19,17,0,0,0,2,2,0,2,1,1,24,12,12
YOAKUM COUNTY,501,70 Years,65,35,30,40,20,20,0,0,0,1,1,0,1,1,0,23,13,10
YOAKUM COUNTY,501,71 Years,62,28,34,32,14,18,1,1,0,0,0,0,1,0,1,28,13,15
YOAKUM COUNTY,501,72 Years,51,25,26,28,13,15,0,0,0,0,0,0,0,0,0,23,12,11
YOAKUM COUNTY,501,73 Years,55,30,25,33,18,15,0,0,0,0,0,0,2,0,2,20,12,8
YOAKUM COUNTY,501,74 Years,52,29,23,32,18,14,0,0,0,0,0,0,1,0,1,19,11,8
YOAKUM COUNTY,501,75 Years,45,23,22,25,12,13,0,0,0,0,0,0,3,1,2,17,10,7
YOAKUM COUNTY,501,76 Years,44,21,23,25,13,12,1,1,0,0,0,0,2,1,1,16,6,10
YOAKUM COUNTY,501,77 Years,42,23,19,26,14,12,1,1,0,0,0,0,0,0,0,15,8,7
YOAKUM COUNTY,501,78 Years,42,18,24,25,12,13,0,0,0,0,0,0,1,0,1,16,6,10
YOAKUM COUNTY,501,79 Years,33,14,19,20,9,11,1,0,1,0,0,0,0,0,0,12,5,7
YOAKUM COUNTY,501,80 Years,35,13,22,27,10,17,0,0,0,0,0,0,1,1,0,7,2,5
YOAKUM COUNTY,501,81 Years,34,13,21,19,8,11,0,0,0,0,0,0,0,0,0,15,5,10
YOAKUM COUNTY,501,82 Years,37,15,22,25,11,14,1,0,1,0,0,0,0,0,0,11,4,7
YOAKUM COUNTY,501,83 Years,30,12,18,24,9,15,0,0,0,0,0,0,0,0,0,6,3,3
YOAKUM COUNTY,501,84 Years,28,11,17,17,5,12,0,0,0,0,0,0,0,0,0,11,6,5
YOAKUM COUNTY,501,85 Years,20,9,11,11,4,7,0,0,0,0,0,0,0,0,0,9,5,4
YOAKUM COUNTY,501,86 Years,13,6,7,8,4,4,0,0,0,0,0,0,0,0,0,5,2,3
YOAKUM COUNTY,501,87 Years,21,8,13,15,6,9,0,0,0,0,0,0,1,0,1,5,2,3
YOAKUM COUNTY,501,88 Years,14,7,7,9,4,5,1,1,0,0,0,0,0,0,0,4,2,2
YOAKUM COUNTY,501,89 Years,13,7,6,9,3,6,0,0,0,0,0,0,0,0,0,4,4,0
YOAKUM COUNTY,501,90 Years,12,4,8,7,2,5,0,0,0,0,0,0,0,0,0,5,2,3
YOAKUM COUNTY,501,91 Years,9,3,6,5,2,3,0,0,0,0,0,0,0,0,0,4,1,3
YOAKUM COUNTY,501,92 Years,5,4,1,3,2,1,0,0,0,0,0,0,0,0,0,2,2,0
YOAKUM COUNTY,501,93 Years,5,3,2,3,2,1,0,0,0,0,0,0,0,0,0,2,1,1
YOAKUM COUNTY,501,94 Years,5,1,4,3,1,2,0,0,0,0,0,0,0,0,0,2,0,2
YOAKUM COUNTY,501,95 Years +,12,4,8,7,2,5,1,0,1,0,0,0,0,0,0,4,2,2
YOUNG COUNTY,503,All Ages,18885,9331,9554,14575,7076,7499,230,135,95,59,21,38,336,156,180,3685,1943,1742
YOUNG COUNTY,503,< 1 Year,248,133,115,157,80,77,0,0,0,0,0,0,9,5,4,82,48,34
YOUNG COUNTY,503,1 Years,247,126,121,154,77,77,0,0,0,1,0,1,9,4,5,83,45,38
YOUNG COUNTY,503,2 Years,256,130,126,154,78,76,0,0,0,2,1,1,10,5,5,90,46,44
YOUNG COUNTY,503,3 Years,257,130,127,158,81,77,0,0,0,2,1,1,10,5,5,87,43,44
YOUNG COUNTY,503,4 Years,268,141,127,167,89,78,2,1,1,2,0,2,7,4,3,90,47,43
YOUNG COUNTY,503,5 Years,262,133,129,163,86,77,2,0,2,0,0,0,8,2,6,89,45,44
YOUNG COUNTY,503,6 Years,263,132,131,160,86,74,2,0,2,0,0,0,8,3,5,93,43,50
YOUNG COUNTY,503,7 Years,267,155,112,158,89,69,3,1,2,0,0,0,10,8,2,96,57,39
YOUNG COUNTY,503,8 Years,252,133,119,145,75,70,3,2,1,0,0,0,7,3,4,97,53,44
YOUNG COUNTY,503,9 Years,233,116,117,141,66,75,3,2,1,0,0,0,10,5,5,79,43,36
YOUNG COUNTY,503,10 Years,235,129,106,141,76,65,6,2,4,1,0,1,8,4,4,79,47,32
YOUNG COUNTY,503,11 Years,230,116,114,137,67,70,3,1,2,2,2,0,9,5,4,79,41,38
YOUNG COUNTY,503,12 Years,221,105,116,131,63,68,2,2,0,0,0,0,8,4,4,80,36,44
YOUNG COUNTY,503,13 Years,235,116,119,155,78,77,2,1,1,0,0,0,4,2,2,74,35,39
YOUNG COUNTY,503,14 Years,239,121,118,158,80,78,4,2,2,0,0,0,7,4,3,70,35,35
YOUNG COUNTY,503,15 Years,239,116,123,170,78,92,1,1,0,1,0,1,6,2,4,61,35,26
YOUNG COUNTY,503,16 Years,245,123,122,172,80,92,5,4,1,0,0,0,3,1,2,65,38,27
YOUNG COUNTY,503,17 Years,247,129,118,169,88,81,3,2,1,0,0,0,4,1,3,71,38,33
YOUNG COUNTY,503,18 Years,229,126,103,164,87,77,4,4,0,0,0,0,4,1,3,57,34,23
YOUNG COUNTY,503,19 Years,203,117,86,136,71,65,4,4,0,1,0,1,6,3,3,56,39,17
YOUNG COUNTY,503,20 Years,174,98,76,122,64,58,1,1,0,1,0,1,3,2,1,47,31,16
YOUNG COUNTY,503,21 Years,197,102,95,139,66,73,1,1,0,1,0,1,5,3,2,51,32,19
YOUNG COUNTY,503,22 Years,186,97,89,139,70,69,2,2,0,1,0,1,4,2,2,40,23,17
YOUNG COUNTY,503,23 Years,200,110,90,153,81,72,2,2,0,1,0,1,4,2,2,40,25,15
YOUNG COUNTY,503,24 Years,220,107,113,173,87,86,4,1,3,1,0,1,5,1,4,37,18,19
YOUNG COUNTY,503,25 Years,235,122,113,183,98,85,3,2,1,0,0,0,8,2,6,41,20,21
YOUNG COUNTY,503,26 Years,211,92,119,156,69,87,3,2,1,1,0,1,4,2,2,47,19,28
YOUNG COUNTY,503,27 Years,221,100,121,164,73,91,3,2,1,0,0,0,3,2,1,51,23,28
YOUNG COUNTY,503,28 Years,215,101,114,159,73,86,3,3,0,1,0,1,6,4,2,46,21,25
YOUNG COUNTY,503,29 Years,209,99,110,142,68,74,5,3,2,2,1,1,4,2,2,56,25,31
YOUNG COUNTY,503,30 Years,206,93,113,146,68,78,2,1,1,2,0,2,2,1,1,54,23,31
YOUNG COUNTY,503,31 Years,239,121,118,165,81,84,2,1,1,1,0,1,5,2,3,66,37,29
YOUNG COUNTY,503,32 Years,235,116,119,169,76,93,5,4,1,1,1,0,6,2,4,54,33,21
YOUNG COUNTY,503,33 Years,212,110,102,157,82,75,3,2,1,1,1,0,2,1,1,49,24,25
YOUNG COUNTY,503,34 Years,244,123,121,173,88,85,2,1,1,1,0,1,2,2,0,66,32,34
YOUNG COUNTY,503,35 Years,227,121,106,152,81,71,4,2,2,1,0,1,3,2,1,67,36,31
YOUNG COUNTY,503,36 Years,227,116,111,169,80,89,2,1,1,1,0,1,4,3,1,51,32,19
YOUNG COUNTY,503,37 Years,192,98,94,142,72,70,1,1,0,0,0,0,3,2,1,46,23,23
YOUNG COUNTY,503,38 Years,193,93,100,146,65,81,1,1,0,1,1,0,1,1,0,44,25,19
YOUNG COUNTY,503,39 Years,205,98,107,160,72,88,1,0,1,1,0,1,2,0,2,41,26,15
YOUNG COUNTY,503,40 Years,183,90,93,131,65,66,4,2,2,0,0,0,2,0,2,46,23,23
YOUNG COUNTY,503,41 Years,175,85,90,133,64,69,2,1,1,0,0,0,1,0,1,39,20,19
YOUNG COUNTY,503,42 Years,192,83,109,146,62,84,3,3,0,0,0,0,2,1,1,41,17,24
YOUNG COUNTY,503,43 Years,220,106,114,167,83,84,2,2,0,3,2,1,2,1,1,46,18,28
YOUNG COUNTY,503,44 Years,212,109,103,172,89,83,2,2,0,0,0,0,3,1,2,35,17,18
YOUNG COUNTY,503,45 Years,207,102,105,167,82,85,2,1,1,0,0,0,2,1,1,36,18,18
YOUNG COUNTY,503,46 Years,201,95,106,168,78,90,1,1,0,0,0,0,1,0,1,31,16,15
YOUNG COUNTY,503,47 Years,201,101,100,162,77,85,4,3,1,1,0,1,1,1,0,33,20,13
YOUNG COUNTY,503,48 Years,205,109,96,159,81,78,3,2,1,4,2,2,2,2,0,37,22,15
YOUNG COUNTY,503,49 Years,209,103,106,158,81,77,1,1,0,2,1,1,5,3,2,43,17,26
YOUNG COUNTY,503,50 Years,195,99,96,153,76,77,3,2,1,1,1,0,3,1,2,35,19,16
YOUNG COUNTY,503,51 Years,199,103,96,152,73,79,3,1,2,1,1,0,0,0,0,43,28,15
YOUNG COUNTY,503,52 Years,239,115,124,193,91,102,3,1,2,0,0,0,3,1,2,40,22,18
YOUNG COUNTY,503,53 Years,239,123,116,202,104,98,5,4,1,0,0,0,2,1,1,30,14,16
YOUNG COUNTY,503,54 Years,238,122,116,187,95,92,4,2,2,1,1,0,2,0,2,44,24,20
YOUNG COUNTY,503,55 Years,254,119,135,206,97,109,5,2,3,0,0,0,4,1,3,39,19,20
YOUNG COUNTY,503,56 Years,258,131,127,221,114,107,2,1,1,1,0,1,1,0,1,33,16,17
YOUNG COUNTY,503,57 Years,285,141,144,238,116,122,5,4,1,3,2,1,1,0,1,38,19,19
YOUNG COUNTY,503,58 Years,280,139,141,230,115,115,4,4,0,1,0,1,4,0,4,41,20,21
YOUNG COUNTY,503,59 Years,271,139,132,227,114,113,2,1,1,1,0,1,3,1,2,38,23,15
YOUNG COUNTY,503,60 Years,276,131,145,239,112,127,3,0,3,0,0,0,4,1,3,30,18,12
YOUNG COUNTY,503,61 Years,283,148,135,244,126,118,5,2,3,0,0,0,3,3,0,31,17,14
YOUNG COUNTY,503,62 Years,250,120,130,223,106,117,4,2,2,0,0,0,2,1,1,21,11,10
YOUNG COUNTY,503,63 Years,232,114,118,203,102,101,3,1,2,1,0,1,4,2,2,21,9,12
YOUNG COUNTY,503,64 Years,260,122,138,231,111,120,2,0,2,1,1,0,2,2,0,24,8,16
YOUNG COUNTY,503,65 Years,285,129,156,248,116,132,2,1,1,1,1,0,3,0,3,31,11,20
YOUNG COUNTY,503,66 Years,239,127,112,215,114,101,1,1,0,0,0,0,5,4,1,18,8,10
YOUNG COUNTY,503,67 Years,226,122,104,207,113,94,2,1,1,1,0,1,2,1,1,14,7,7
YOUNG COUNTY,503,68 Years,201,96,105,186,88,98,1,0,1,0,0,0,1,0,1,13,8,5
YOUNG COUNTY,503,69 Years,225,105,120,208,96,112,3,1,2,1,0,1,3,0,3,10,8,2
YOUNG COUNTY,503,70 Years,235,119,116,217,111,106,3,1,2,0,0,0,2,0,2,13,7,6
YOUNG COUNTY,503,71 Years,187,92,95,169,83,86,4,1,3,0,0,0,4,2,2,10,6,4
YOUNG COUNTY,503,72 Years,188,95,93,171,84,87,3,2,1,0,0,0,4,2,2,10,7,3
YOUNG COUNTY,503,73 Years,195,92,103,182,84,98,2,1,1,0,0,0,2,1,1,9,6,3
YOUNG COUNTY,503,74 Years,171,80,91,159,72,87,1,1,0,0,0,0,4,3,1,7,4,3
YOUNG COUNTY,503,75 Years,174,82,92,165,77,88,0,0,0,0,0,0,2,1,1,7,4,3
YOUNG COUNTY,503,76 Years,171,86,85,158,76,82,0,0,0,0,0,0,3,3,0,10,7,3
YOUNG COUNTY,503,77 Years,138,63,75,131,59,72,0,0,0,0,0,0,3,2,1,4,2,2
YOUNG COUNTY,503,78 Years,133,60,73,124,54,70,2,0,2,0,0,0,2,2,0,5,4,1
YOUNG COUNTY,503,79 Years,109,49,60,102,45,57,4,2,2,0,0,0,0,0,0,3,2,1
YOUNG COUNTY,503,80 Years,124,62,62,117,57,60,3,3,0,0,0,0,2,0,2,2,2,0
YOUNG COUNTY,503,81 Years,117,53,64,107,49,58,1,1,0,0,0,0,3,0,3,6,3,3
YOUNG COUNTY,503,82 Years,117,54,63,103,46,57,3,3,0,0,0,0,3,1,2,8,4,4
YOUNG COUNTY,503,83 Years,101,41,60,89,37,52,3,1,2,1,0,1,0,0,0,8,3,5
YOUNG COUNTY,503,84 Years,92,31,61,82,28,54,2,1,1,1,0,1,0,0,0,7,2,5
YOUNG COUNTY,503,85 Years,86,35,51,78,31,47,2,2,0,0,0,0,1,1,0,5,1,4
YOUNG COUNTY,503,86 Years,77,33,44,73,32,41,1,1,0,0,0,0,1,0,1,2,0,2
YOUNG COUNTY,503,87 Years,64,22,42,62,20,42,0,0,0,1,1,0,0,0,0,1,1,0
YOUNG COUNTY,503,88 Years,65,22,43,60,21,39,2,0,2,1,0,1,0,0,0,2,1,1
YOUNG COUNTY,503,89 Years,55,20,35,51,18,33,1,1,0,0,0,0,1,0,1,2,1,1
YOUNG COUNTY,503,90 Years,47,15,32,45,15,30,0,0,0,0,0,0,1,0,1,1,0,1
YOUNG COUNTY,503,91 Years,41,15,26,37,14,23,2,0,2,0,0,0,0,0,0,2,1,1
YOUNG COUNTY,503,92 Years,38,12,26,32,10,22,2,1,1,0,0,0,1,0,1,3,1,2
YOUNG COUNTY,503,93 Years,28,11,17,26,10,16,1,1,0,0,0,0,0,0,0,1,0,1
YOUNG COUNTY,503,94 Years,17,7,10,15,5,10,1,1,0,0,0,0,0,0,0,1,1,0
YOUNG COUNTY,503,95 Years +,51,8,43,45,8,37,2,0,2,0,0,0,1,0,1,3,0,3
ZAPATA COUNTY,505,All Ages,14217,7033,7184,767,399,368,12,6,6,21,11,10,39,14,25,13378,6603,6775
ZAPATA COUNTY,505,< 1 Year,246,119,127,7,1,6,0,0,0,0,0,0,0,0,0,239,118,121
ZAPATA COUNTY,505,1 Years,244,122,122,4,1,3,0,0,0,0,0,0,0,0,0,240,121,119
ZAPATA COUNTY,505,2 Years,266,141,125,0,0,0,0,0,0,0,0,0,0,0,0,266,141,125
ZAPATA COUNTY,505,3 Years,268,145,123,3,2,1,0,0,0,0,0,0,0,0,0,265,143,122
ZAPATA COUNTY,505,4 Years,270,141,129,4,2,2,0,0,0,0,0,0,0,0,0,266,139,127
ZAPATA COUNTY,505,5 Years,265,134,131,6,2,4,0,0,0,0,0,0,0,0,0,259,132,127
ZAPATA COUNTY,505,6 Years,279,138,141,7,1,6,0,0,0,0,0,0,0,0,0,272,137,135
ZAPATA COUNTY,505,7 Years,280,152,128,7,3,4,0,0,0,0,0,0,0,0,0,273,149,124
ZAPATA COUNTY,505,8 Years,286,155,131,6,3,3,0,0,0,0,0,0,0,0,0,280,152,128
ZAPATA COUNTY,505,9 Years,280,152,128,3,1,2,0,0,0,0,0,0,0,0,0,277,151,126
ZAPATA COUNTY,505,10 Years,268,149,119,6,3,3,0,0,0,0,0,0,0,0,0,262,146,116
ZAPATA COUNTY,505,11 Years,235,138,97,8,6,2,1,0,1,0,0,0,0,0,0,226,132,94
ZAPATA COUNTY,505,12 Years,257,147,110,7,5,2,0,0,0,0,0,0,1,1,0,249,141,108
ZAPATA COUNTY,505,13 Years,244,132,112,9,7,2,0,0,0,0,0,0,3,1,2,232,124,108
ZAPATA COUNTY,505,14 Years,229,121,108,6,3,3,0,0,0,1,0,1,1,1,0,221,117,104
ZAPATA COUNTY,505,15 Years,248,130,118,7,4,3,0,0,0,1,0,1,0,0,0,240,126,114
ZAPATA COUNTY,505,16 Years,227,119,108,4,1,3,0,0,0,0,0,0,1,1,0,222,117,105
ZAPATA COUNTY,505,17 Years,220,110,110,4,3,1,1,1,0,0,0,0,0,0,0,215,106,109
ZAPATA COUNTY,505,18 Years,234,114,120,7,3,4,0,0,0,1,1,0,0,0,0,226,110,116
ZAPATA COUNTY,505,19 Years,210,104,106,7,4,3,0,0,0,0,0,0,0,0,0,203,100,103
ZAPATA COUNTY,505,20 Years,197,105,92,7,6,1,0,0,0,0,0,0,0,0,0,190,99,91
ZAPATA COUNTY,505,21 Years,203,105,98,7,4,3,0,0,0,1,1,0,2,1,1,193,99,94
ZAPATA COUNTY,505,22 Years,189,93,96,5,3,2,0,0,0,2,2,0,0,0,0,182,88,94
ZAPATA COUNTY,505,23 Years,202,109,93,6,3,3,0,0,0,0,0,0,0,0,0,196,106,90
ZAPATA COUNTY,505,24 Years,206,99,107,5,2,3,0,0,0,0,0,0,0,0,0,201,97,104
ZAPATA COUNTY,505,25 Years,206,105,101,4,2,2,0,0,0,0,0,0,2,0,2,200,103,97
ZAPATA COUNTY,505,26 Years,202,101,101,7,4,3,0,0,0,0,0,0,0,0,0,195,97,98
ZAPATA COUNTY,505,27 Years,196,95,101,8,3,5,0,0,0,0,0,0,0,0,0,188,92,96
ZAPATA COUNTY,505,28 Years,187,88,99,8,4,4,0,0,0,0,0,0,0,0,0,179,84,95
ZAPATA COUNTY,505,29 Years,171,90,81,4,2,2,0,0,0,0,0,0,0,0,0,167,88,79
ZAPATA COUNTY,505,30 Years,182,85,97,3,1,2,0,0,0,0,0,0,1,0,1,178,84,94
ZAPATA COUNTY,505,31 Years,202,99,103,5,3,2,0,0,0,0,0,0,0,0,0,197,96,101
ZAPATA COUNTY,505,32 Years,189,81,108,5,2,3,0,0,0,0,0,0,0,0,0,184,79,105
ZAPATA COUNTY,505,33 Years,168,87,81,6,4,2,0,0,0,0,0,0,0,0,0,162,83,79
ZAPATA COUNTY,505,34 Years,185,89,96,6,3,3,0,0,0,0,0,0,0,0,0,179,86,93
ZAPATA COUNTY,505,35 Years,186,81,105,7,4,3,0,0,0,0,0,0,0,0,0,179,77,102
ZAPATA COUNTY,505,36 Years,182,87,95,6,4,2,0,0,0,0,0,0,0,0,0,176,83,93
ZAPATA COUNTY,505,37 Years,182,86,96,2,2,0,1,0,1,0,0,0,0,0,0,179,84,95
ZAPATA COUNTY,505,38 Years,154,77,77,2,1,1,1,0,1,0,0,0,0,0,0,151,76,75
ZAPATA COUNTY,505,39 Years,164,80,84,7,3,4,0,0,0,0,0,0,0,0,0,157,77,80
ZAPATA COUNTY,505,40 Years,179,95,84,7,4,3,0,0,0,0,0,0,1,0,1,171,91,80
ZAPATA COUNTY,505,41 Years,181,89,92,8,3,5,0,0,0,0,0,0,0,0,0,173,86,87
ZAPATA COUNTY,505,42 Years,187,87,100,11,6,5,0,0,0,0,0,0,0,0,0,176,81,95
ZAPATA COUNTY,505,43 Years,165,74,91,9,3,6,0,0,0,0,0,0,0,0,0,156,71,85
ZAPATA COUNTY,505,44 Years,148,74,74,4,2,2,0,0,0,0,0,0,1,1,0,143,71,72
ZAPATA COUNTY,505,45 Years,152,68,84,6,3,3,0,0,0,0,0,0,1,1,0,145,64,81
ZAPATA COUNTY,505,46 Years,150,69,81,2,1,1,0,0,0,1,1,0,0,0,0,147,67,80
ZAPATA COUNTY,505,47 Years,150,75,75,2,2,0,0,0,0,2,2,0,0,0,0,146,71,75
ZAPATA COUNTY,505,48 Years,146,70,76,5,5,0,0,0,0,3,1,2,1,1,0,137,63,74
ZAPATA COUNTY,505,49 Years,139,66,73,5,4,1,1,1,0,2,1,1,0,0,0,131,60,71
ZAPATA COUNTY,505,50 Years,145,66,79,6,3,3,1,1,0,0,0,0,0,0,0,138,62,76
ZAPATA COUNTY,505,51 Years,150,62,88,6,2,4,0,0,0,0,0,0,2,1,1,142,59,83
ZAPATA COUNTY,505,52 Years,142,63,79,8,4,4,0,0,0,0,0,0,1,0,1,133,59,74
ZAPATA COUNTY,505,53 Years,146,66,80,8,5,3,0,0,0,0,0,0,0,0,0,138,61,77
ZAPATA COUNTY,505,54 Years,146,67,79,12,7,5,0,0,0,1,0,1,0,0,0,133,60,73
ZAPATA COUNTY,505,55 Years,140,72,68,8,3,5,0,0,0,0,0,0,0,0,0,132,69,63
ZAPATA COUNTY,505,56 Years,148,73,75,7,3,4,0,0,0,0,0,0,0,0,0,141,70,71
ZAPATA COUNTY,505,57 Years,139,68,71,10,6,4,0,0,0,0,0,0,1,1,0,128,61,67
ZAPATA COUNTY,505,58 Years,131,69,62,6,6,0,0,0,0,0,0,0,0,0,0,125,63,62
ZAPATA COUNTY,505,59 Years,124,61,63,9,7,2,0,0,0,0,0,0,0,0,0,115,54,61
ZAPATA COUNTY,505,60 Years,128,67,61,9,7,2,0,0,0,0,0,0,2,1,1,117,59,58
ZAPATA COUNTY,505,61 Years,111,53,58,5,3,2,0,0,0,0,0,0,1,0,1,105,50,55
ZAPATA COUNTY,505,62 Years,131,65,66,10,6,4,0,0,0,0,0,0,1,1,0,120,58,62
ZAPATA COUNTY,505,63 Years,122,63,59,13,5,8,0,0,0,2,0,2,1,1,0,106,57,49
ZAPATA COUNTY,505,64 Years,118,56,62,12,6,6,1,0,1,0,0,0,1,0,1,104,50,54
ZAPATA COUNTY,505,65 Years,105,43,62,9,5,4,0,0,0,0,0,0,2,0,2,94,38,56
ZAPATA COUNTY,505,66 Years,111,52,59,15,10,5,0,0,0,0,0,0,1,0,1,95,42,53
ZAPATA COUNTY,505,67 Years,110,49,61,12,7,5,0,0,0,0,0,0,2,0,2,96,42,54
ZAPATA COUNTY,505,68 Years,121,50,71,18,8,10,0,0,0,0,0,0,1,0,1,102,42,60
ZAPATA COUNTY,505,69 Years,115,46,69,21,8,13,1,1,0,0,0,0,0,0,0,93,37,56
ZAPATA COUNTY,505,70 Years,111,51,60,18,9,9,1,1,0,1,1,0,1,0,1,90,40,50
ZAPATA COUNTY,505,71 Years,103,45,58,19,8,11,1,1,0,0,0,0,1,0,1,82,36,46
ZAPATA COUNTY,505,72 Years,91,36,55,13,7,6,0,0,0,0,0,0,1,0,1,77,29,48
ZAPATA COUNTY,505,73 Years,85,29,56,18,9,9,0,0,0,0,0,0,1,0,1,66,20,46
ZAPATA COUNTY,505,74 Years,89,39,50,19,10,9,0,0,0,0,0,0,0,0,0,70,29,41
ZAPATA COUNTY,505,75 Years,88,43,45,17,10,7,0,0,0,0,0,0,0,0,0,71,33,38
ZAPATA COUNTY,505,76 Years,80,41,39,17,8,9,0,0,0,0,0,0,0,0,0,63,33,30
ZAPATA COUNTY,505,77 Years,68,35,33,16,7,9,0,0,0,0,0,0,1,0,1,51,28,23
ZAPATA COUNTY,505,78 Years,55,27,28,14,7,7,0,0,0,0,0,0,0,0,0,41,20,21
ZAPATA COUNTY,505,79 Years,56,32,24,15,7,8,0,0,0,0,0,0,0,0,0,41,25,16
ZAPATA COUNTY,505,80 Years,48,27,21,13,6,7,0,0,0,0,0,0,0,0,0,35,21,14
ZAPATA COUNTY,505,81 Years,47,19,28,13,6,7,0,0,0,0,0,0,0,0,0,34,13,21
ZAPATA COUNTY,505,82 Years,43,15,28,11,6,5,1,0,1,0,0,0,1,0,1,30,9,21
ZAPATA COUNTY,505,83 Years,39,17,22,8,5,3,1,0,1,0,0,0,0,0,0,30,12,18
ZAPATA COUNTY,505,84 Years,27,13,14,9,5,4,0,0,0,0,0,0,1,1,0,17,7,10
ZAPATA COUNTY,505,85 Years,23,10,13,9,4,5,0,0,0,0,0,0,0,0,0,14,6,8
ZAPATA COUNTY,505,86 Years,24,9,15,8,4,4,0,0,0,0,0,0,0,0,0,16,5,11
ZAPATA COUNTY,505,87 Years,24,8,16,5,3,2,0,0,0,1,1,0,1,0,1,17,4,13
ZAPATA COUNTY,505,88 Years,18,9,9,5,3,2,0,0,0,0,0,0,0,0,0,13,6,7
ZAPATA COUNTY,505,89 Years,23,11,12,7,4,3,0,0,0,1,0,1,0,0,0,15,7,8
ZAPATA COUNTY,505,90 Years,23,9,14,6,3,3,0,0,0,1,0,1,0,0,0,16,6,10
ZAPATA COUNTY,505,91 Years,15,6,9,5,2,3,0,0,0,0,0,0,0,0,0,10,4,6
ZAPATA COUNTY,505,92 Years,11,4,7,4,2,2,0,0,0,0,0,0,0,0,0,7,2,5
ZAPATA COUNTY,505,93 Years,10,4,6,4,2,2,0,0,0,0,0,0,0,0,0,6,2,4
ZAPATA COUNTY,505,94 Years,7,3,4,3,1,2,0,0,0,0,0,0,0,0,0,4,2,2
ZAPATA COUNTY,505,95 Years +,20,8,12,6,2,4,0,0,0,0,0,0,0,0,0,14,6,8
ZAVALA COUNTY,507,All Ages,11921,6018,5903,645,321,324,30,20,10,3,0,3,29,15,14,11214,5662,5552
ZAVALA COUNTY,507,< 1 Year,191,99,92,3,1,2,0,0,0,0,0,0,0,0,0,188,98,90
ZAVALA COUNTY,507,1 Years,195,102,93,4,2,2,1,1,0,0,0,0,0,0,0,190,99,91
ZAVALA COUNTY,507,2 Years,211,108,103,5,2,3,0,0,0,0,0,0,0,0,0,206,106,100
ZAVALA COUNTY,507,3 Years,218,110,108,7,4,3,0,0,0,0,0,0,0,0,0,211,106,105
ZAVALA COUNTY,507,4 Years,226,118,108,7,3,4,0,0,0,0,0,0,0,0,0,219,115,104
ZAVALA COUNTY,507,5 Years,226,115,111,6,3,3,0,0,0,0,0,0,0,0,0,220,112,108
ZAVALA COUNTY,507,6 Years,225,114,111,7,4,3,0,0,0,0,0,0,0,0,0,218,110,108
ZAVALA COUNTY,507,7 Years,221,113,108,6,4,2,0,0,0,0,0,0,0,0,0,215,109,106
ZAVALA COUNTY,507,8 Years,197,103,94,13,3,10,0,0,0,0,0,0,0,0,0,184,100,84
ZAVALA COUNTY,507,9 Years,190,106,84,8,3,5,1,0,1,0,0,0,0,0,0,181,103,78
ZAVALA COUNTY,507,10 Years,188,100,88,9,5,4,0,0,0,0,0,0,0,0,0,179,95,84
ZAVALA COUNTY,507,11 Years,212,120,92,6,4,2,0,0,0,0,0,0,0,0,0,206,116,90
ZAVALA COUNTY,507,12 Years,215,110,105,4,0,4,0,0,0,0,0,0,0,0,0,211,110,101
ZAVALA COUNTY,507,13 Years,190,96,94,6,2,4,2,1,1,0,0,0,0,0,0,182,93,89
ZAVALA COUNTY,507,14 Years,190,100,90,7,3,4,1,1,0,0,0,0,0,0,0,182,96,86
ZAVALA COUNTY,507,15 Years,185,90,95,5,1,4,0,0,0,0,0,0,0,0,0,180,89,91
ZAVALA COUNTY,507,16 Years,177,85,92,4,2,2,2,0,2,0,0,0,1,0,1,170,83,87
ZAVALA COUNTY,507,17 Years,182,95,87,3,2,1,1,1,0,0,0,0,1,1,0,177,91,86
ZAVALA COUNTY,507,18 Years,190,94,96,8,2,6,2,2,0,0,0,0,1,1,0,179,89,90
ZAVALA COUNTY,507,19 Years,177,96,81,7,4,3,1,1,0,0,0,0,1,0,1,168,91,77
ZAVALA COUNTY,507,20 Years,189,111,78,9,6,3,0,0,0,0,0,0,3,1,2,177,104,73
ZAVALA COUNTY,507,21 Years,183,106,77,8,5,3,1,0,1,0,0,0,1,0,1,173,101,72
ZAVALA COUNTY,507,22 Years,198,117,81,5,2,3,0,0,0,0,0,0,0,0,0,193,115,78
ZAVALA COUNTY,507,23 Years,217,123,94,8,7,1,1,0,1,0,0,0,0,0,0,208,116,92
ZAVALA COUNTY,507,24 Years,232,135,97,7,4,3,0,0,0,0,0,0,1,0,1,224,131,93
ZAVALA COUNTY,507,25 Years,208,105,103,10,4,6,0,0,0,0,0,0,0,0,0,198,101,97
ZAVALA COUNTY,507,26 Years,205,119,86,9,5,4,2,1,1,0,0,0,0,0,0,194,113,81
ZAVALA COUNTY,507,27 Years,190,103,87,5,3,2,0,0,0,0,0,0,0,0,0,185,100,85
ZAVALA COUNTY,507,28 Years,158,86,72,4,3,1,0,0,0,0,0,0,0,0,0,154,83,71
ZAVALA COUNTY,507,29 Years,155,83,72,4,2,2,1,1,0,0,0,0,0,0,0,150,80,70
ZAVALA COUNTY,507,30 Years,164,84,80,5,2,3,1,1,0,0,0,0,0,0,0,158,81,77
ZAVALA COUNTY,507,31 Years,147,76,71,7,3,4,0,0,0,0,0,0,0,0,0,140,73,67
ZAVALA COUNTY,507,32 Years,135,67,68,6,4,2,0,0,0,0,0,0,0,0,0,129,63,66
ZAVALA COUNTY,507,33 Years,122,65,57,6,3,3,1,1,0,0,0,0,0,0,0,115,61,54
ZAVALA COUNTY,507,34 Years,135,69,66,7,3,4,1,1,0,0,0,0,0,0,0,127,65,62
ZAVALA COUNTY,507,35 Years,126,61,65,6,3,3,0,0,0,1,0,1,0,0,0,119,58,61
ZAVALA COUNTY,507,36 Years,133,62,71,9,3,6,1,0,1,0,0,0,0,0,0,123,59,64
ZAVALA COUNTY,507,37 Years,139,68,71,9,3,6,0,0,0,0,0,0,0,0,0,130,65,65
ZAVALA COUNTY,507,38 Years,123,58,65,7,3,4,2,1,1,0,0,0,0,0,0,114,54,60
ZAVALA COUNTY,507,39 Years,114,57,57,3,1,2,0,0,0,0,0,0,1,1,0,110,55,55
ZAVALA COUNTY,507,40 Years,113,57,56,7,5,2,0,0,0,0,0,0,1,1,0,105,51,54
ZAVALA COUNTY,507,41 Years,133,61,72,4,2,2,0,0,0,0,0,0,0,0,0,129,59,70
ZAVALA COUNTY,507,42 Years,143,74,69,4,2,2,0,0,0,0,0,0,0,0,0,139,72,67
ZAVALA COUNTY,507,43 Years,122,63,59,5,2,3,0,0,0,0,0,0,1,0,1,116,61,55
ZAVALA COUNTY,507,44 Years,151,72,79,8,5,3,0,0,0,0,0,0,0,0,0,143,67,76
ZAVALA COUNTY,507,45 Years,130,67,63,6,2,4,0,0,0,0,0,0,0,0,0,124,65,59
ZAVALA COUNTY,507,46 Years,120,53,67,5,2,3,0,0,0,0,0,0,1,1,0,114,50,64
ZAVALA COUNTY,507,47 Years,122,62,60,9,4,5,1,1,0,0,0,0,1,1,0,111,56,55
ZAVALA COUNTY,507,48 Years,119,59,60,8,2,6,1,1,0,0,0,0,0,0,0,110,56,54
ZAVALA COUNTY,507,49 Years,122,53,69,5,3,2,0,0,0,0,0,0,0,0,0,117,50,67
ZAVALA COUNTY,507,50 Years,134,68,66,8,5,3,0,0,0,0,0,0,2,1,1,124,62,62
ZAVALA COUNTY,507,51 Years,126,62,64,5,2,3,1,0,1,0,0,0,1,0,1,119,60,59
ZAVALA COUNTY,507,52 Years,116,54,62,9,5,4,0,0,0,0,0,0,0,0,0,107,49,58
ZAVALA COUNTY,507,53 Years,114,51,63,4,3,1,0,0,0,0,0,0,0,0,0,110,48,62
ZAVALA COUNTY,507,54 Years,112,57,55,6,2,4,1,1,0,0,0,0,2,1,1,103,53,50
ZAVALA COUNTY,507,55 Years,111,59,52,11,7,4,0,0,0,0,0,0,1,1,0,99,51,48
ZAVALA COUNTY,507,56 Years,123,64,59,8,4,4,0,0,0,0,0,0,1,1,0,114,59,55
ZAVALA COUNTY,507,57 Years,129,66,63,9,5,4,0,0,0,0,0,0,0,0,0,120,61,59
ZAVALA COUNTY,507,58 Years,117,52,65,5,1,4,0,0,0,0,0,0,0,0,0,112,51,61
ZAVALA COUNTY,507,59 Years,101,49,52,8,3,5,0,0,0,0,0,0,0,0,0,93,46,47
ZAVALA COUNTY,507,60 Years,115,59,56,8,5,3,0,0,0,0,0,0,0,0,0,107,54,53
ZAVALA COUNTY,507,61 Years,112,57,55,8,6,2,0,0,0,0,0,0,0,0,0,104,51,53
ZAVALA COUNTY,507,62 Years,115,57,58,7,4,3,0,0,0,0,0,0,1,0,1,107,53,54
ZAVALA COUNTY,507,63 Years,106,55,51,5,4,1,1,1,0,0,0,0,0,0,0,100,50,50
ZAVALA COUNTY,507,64 Years,114,54,60,8,3,5,1,1,0,0,0,0,0,0,0,105,50,55
ZAVALA COUNTY,507,65 Years,109,55,54,15,7,8,0,0,0,0,0,0,0,0,0,94,48,46
ZAVALA COUNTY,507,66 Years,111,53,58,14,8,6,0,0,0,1,0,1,1,1,0,95,44,51
ZAVALA COUNTY,507,67 Years,113,49,64,12,6,6,0,0,0,1,0,1,0,0,0,100,43,57
ZAVALA COUNTY,507,68 Years,111,43,68,12,6,6,0,0,0,0,0,0,0,0,0,99,37,62
ZAVALA COUNTY,507,69 Years,101,44,57,10,5,5,0,0,0,0,0,0,0,0,0,91,39,52
ZAVALA COUNTY,507,70 Years,84,37,47,11,6,5,0,0,0,0,0,0,0,0,0,73,31,42
ZAVALA COUNTY,507,71 Years,83,34,49,8,5,3,0,0,0,0,0,0,0,0,0,75,29,46
ZAVALA COUNTY,507,72 Years,68,31,37,10,5,5,0,0,0,0,0,0,0,0,0,58,26,32
ZAVALA COUNTY,507,73 Years,80,32,48,10,6,4,0,0,0,0,0,0,1,0,1,69,26,43
ZAVALA COUNTY,507,74 Years,80,36,44,8,4,4,0,0,0,0,0,0,1,1,0,71,31,40
ZAVALA COUNTY,507,75 Years,59,22,37,8,4,4,0,0,0,0,0,0,0,0,0,51,18,33
ZAVALA COUNTY,507,76 Years,54,24,30,6,2,4,0,0,0,0,0,0,0,0,0,48,22,26
ZAVALA COUNTY,507,77 Years,54,28,26,5,3,2,0,0,0,0,0,0,0,0,0,49,25,24
ZAVALA COUNTY,507,78 Years,49,24,25,2,2,0,0,0,0,0,0,0,0,0,0,47,22,25
ZAVALA COUNTY,507,79 Years,44,16,28,5,4,1,0,0,0,0,0,0,0,0,0,39,12,27
ZAVALA COUNTY,507,80 Years,51,21,30,11,3,8,1,1,0,0,0,0,0,0,0,39,17,22
ZAVALA COUNTY,507,81 Years,45,19,26,7,3,4,0,0,0,0,0,0,0,0,0,38,16,22
ZAVALA COUNTY,507,82 Years,36,15,21,2,2,0,0,0,0,0,0,0,1,1,0,33,12,21
ZAVALA COUNTY,507,83 Years,38,19,19,5,3,2,0,0,0,0,0,0,1,1,0,32,15,17
ZAVALA COUNTY,507,84 Years,30,11,19,5,2,3,0,0,0,0,0,0,0,0,0,25,9,16
ZAVALA COUNTY,507,85 Years,28,10,18,5,3,2,0,0,0,0,0,0,0,0,0,23,7,16
ZAVALA COUNTY,507,86 Years,29,8,21,5,3,2,0,0,0,0,0,0,0,0,0,24,5,19
ZAVALA COUNTY,507,87 Years,29,13,16,7,4,3,0,0,0,0,0,0,0,0,0,22,9,13
ZAVALA COUNTY,507,88 Years,26,12,14,6,2,4,0,0,0,0,0,0,1,0,1,19,10,9
ZAVALA COUNTY,507,89 Years,21,10,11,4,2,2,0,0,0,0,0,0,0,0,0,17,8,9
ZAVALA COUNTY,507,90 Years,19,8,11,6,3,3,0,0,0,0,0,0,0,0,0,13,5,8
ZAVALA COUNTY,507,91 Years,16,10,6,3,2,1,0,0,0,0,0,0,0,0,0,13,8,5
ZAVALA COUNTY,507,92 Years,10,5,5,3,2,1,0,0,0,0,0,0,0,0,0,7,3,4
ZAVALA COUNTY,507,93 Years,10,2,8,2,0,2,0,0,0,0,0,0,0,0,0,8,2,6
ZAVALA COUNTY,507,94 Years,11,4,7,3,1,2,0,0,0,0,0,0,0,0,0,8,3,5
ZAVALA COUNTY,507,95 Years +,23,9,14,6,2,4,1,1,0,0,0,0,1,0,1,15,6,9
